# Entity  GRACT  SMACT  SMOCC  TENSO  DRAMA  FP64A  FP32A  FP16A                 PCITX                 PCIRX       GPUTL       MCUTL       MUSAM       GUSAM       POWER             TOTEC  SACLK  PSTAT  TMPTR       MMTMP  SMCLK
      Id                                                                                                                                                               W                mJ                    C           C       
     GPU 0  0.000  0.000  0.000  0.000  0.000  0.000  0.000  0.000             119322033              10847457           0           0       0.000       0.000      76.729        7070752225    915      0     26          43    210
     GPU 0  0.000  0.000  0.000  0.000  0.000  0.000  0.000  0.000               8815015               5076060           0           0       0.000       0.000      76.729        7070752225    915      0     26          43    210
     GPU 0  0.000  0.000  0.000  0.000  0.000  0.000  0.000  0.000               8815015               5076060           0           0       0.000       0.000      76.729        7070752225    915      0     26          43    210
     GPU 0  0.000  0.000  0.000  0.000  0.000  0.000  0.000  0.000               9259068               6411494           0           0       0.000       0.000      78.383        7070760094    915      0     26          43    210
     GPU 0  0.000  0.000  0.000  0.000  0.000  0.000  0.000  0.000               5901181               2156604           0           0       0.000       0.000      78.383        7070760094    915      0     26          43    210
     GPU 0  0.000  0.000  0.000  0.000  0.000  0.000  0.000  0.000               7875155               4746279           0           0       0.000       0.000      78.383        7070760094    915      0     26          43    210
     GPU 0  0.000  0.000  0.000  0.000  0.000  0.000  0.000  0.000               7875155               4746279           0           0       0.000       0.000      78.383        7070760094    915      0     27          43    210
     GPU 0  0.000  0.000  0.000  0.000  0.000  0.000  0.000  0.000               8094441               5176891           0           0       0.000       0.000      78.383        7070760094    915      0     26          43    210
     GPU 0  0.000  0.000  0.000  0.000  0.000  0.000  0.000  0.000               7066201               4766083           0           0       0.000       0.000      78.383        7070768097    915      0     26          43    210
     GPU 0  0.000  0.000  0.000  0.000  0.000  0.000  0.000  0.000               3148120                274770           0           0       0.000       0.000      78.383        7070768097    915      0     26          43    210
     GPU 0  0.000  0.000  0.000  0.000  0.000  0.000  0.000  0.000               3145406                274533           0           0       0.000       0.000      78.383        7070768097    915      0     26          43    210
     GPU 0  0.000  0.000  0.000  0.000  0.000  0.000  0.000  0.000               4120611               1736856           0           0       0.000       0.000      78.383        7070768097    915      0     26          43    210
     GPU 0  0.000  0.000  0.000  0.000  0.000  0.000  0.000  0.000               4120611               1736856           0           0       0.000       0.000      78.383        7070768097    915      0     27          43    210
     GPU 0  0.000  0.000  0.000  0.000  0.000  0.000  0.000  0.000               5556746               3106414           0           0       0.000       0.000      78.383        7070775858    915      0     27          43    210
     GPU 0  0.000  0.000  0.000  0.000  0.000  0.000  0.000  0.000               8193137               5400947           0           0       0.000       0.000      78.383        7070775858    915      0     27          43    210

# Entity  GRACT  SMACT  SMOCC  TENSO  DRAMA  FP64A  FP32A  FP16A                 PCITX                 PCIRX       GPUTL       MCUTL       MUSAM       GUSAM       POWER             TOTEC  SACLK  PSTAT  TMPTR       MMTMP  SMCLK
      Id                                                                                                                                                               W                mJ                    C           C       
     GPU 0  0.000  0.000  0.000  0.000  0.000  0.000  0.000  0.000               6313212               4265974           0           0       0.000       0.000      78.383        7070775858    915      0     27          43    210
     GPU 0  0.000  0.000  0.000  0.000  0.000  0.000  0.000  0.000               6313212               4265974           0           0       0.000       0.000      78.383        7070775858    915      0     27          43    210
     GPU 0  0.000  0.000  0.000  0.000  0.000  0.000  0.000  0.000               3023142                232957           0           0       0.000       0.000      78.383        7070783795    915      0     26          43    210
     GPU 0  0.000  0.000  0.000  0.000  0.000  0.000  0.000  0.000               5913863               2770507           0           0       0.000       0.000      78.383        7070783795    915      0     27          43    210
     GPU 0  0.000  0.000  0.000  0.000  0.000  0.000  0.000  0.000               9632086               4826606           0           0       0.000       0.000      78.383        7070783795    915      0     27          43    210
     GPU 0  0.000  0.000  0.000  0.000  0.000  0.000  0.000  0.000               9632086               4826606           0           0       0.000       0.000      78.383        7070783795    915      0     27          43    210
     GPU 0  0.000  0.000  0.000  0.000  0.000  0.000  0.000  0.000               4187186               2877393           0           0       0.000       0.000      78.383        7070783795    915      0     27          43    210
     GPU 0  0.000  0.000  0.000  0.000  0.000  0.000  0.000  0.000               5359033               3893812           0           0       0.000       0.000      78.383        7070783795    915      0     27          43    210
     GPU 0  0.000  0.000  0.000  0.000  0.000  0.000  0.000  0.000               5359033               3893812           0           0       0.000       0.000      78.383        7070791767    915      0     27          43    210
     GPU 0  0.000  0.000  0.000  0.000  0.000  0.000  0.000  0.000              11518406               9945825           0           0       0.000       0.000      78.383        7070791767    915      0     27          43    210
     GPU 0  0.000  0.000  0.000  0.000  0.000  0.000  0.000  0.000               2081912               4413655           0           0       0.000       0.000      78.383        7070791767    915      0     27          43    210
     GPU 0  0.000  0.000  0.000  0.000  0.000  0.000  0.000  0.000               2992930               3605120           0           0       0.000       0.000      78.383        7070791767    915      0     27          43    210
     GPU 0  0.000  0.000  0.000  0.000  0.000  0.000  0.000  0.000               9115474              22412360           0           0       0.000       0.000      78.383        7070791767    915      0     27          43    210
     GPU 0  0.000  0.000  0.000  0.000  0.000  0.000  0.000  0.000               9115474              22412360           0           0       0.000       0.000      78.383        7070799618    915      0     27          43    210

# Entity  GRACT  SMACT  SMOCC  TENSO  DRAMA  FP64A  FP32A  FP16A                 PCITX                 PCIRX       GPUTL       MCUTL       MUSAM       GUSAM       POWER             TOTEC  SACLK  PSTAT  TMPTR       MMTMP  SMCLK
      Id                                                                                                                                                               W                mJ                    C           C       
     GPU 0  0.000  0.000  0.000  0.000  0.000  0.000  0.000  0.000               3017254              12739520           0           0       0.000       0.000      78.383        7070799618    915      0     27          43    210
     GPU 0  0.000  0.000  0.000  0.000  0.000  0.000  0.000  0.000               7540396               4420715           0           0       0.000       0.000      78.383        7070799618    915      0     27          43    210
     GPU 0  0.000  0.000  0.000  0.000  0.000  0.000  0.000  0.000               7540396               4420715           0           0       0.000       0.000      78.383        7070799618    915      0     27          43    210
     GPU 0  0.000  0.000  0.000  0.000  0.000  0.000  0.000  0.000               8630070               6434701           0           0       0.000       0.000      78.383        7070807517    915      0     27          43    210
     GPU 0  0.000  0.000  0.000  0.000  0.000  0.000  0.000  0.000               1839340               1414877           0           0       0.000       0.000      78.383        7070807517    915      0     27          43    210
     GPU 0  0.000  0.000  0.000  0.000  0.000  0.000  0.000  0.000               2739654               3486833           0           0       0.000       0.000      78.383        7070807517    915      0     27          43    210
     GPU 0  0.000  0.000  0.000  0.000  0.000  0.000  0.000  0.000               2739654               3486833           0           0       0.000       0.000      78.383        7070807517    915      0     27          43    210
     GPU 0  0.000  0.000  0.000  0.000  0.000  0.000  0.000  0.000               8398762               5480043           0           0       0.000       0.000      78.383        7070807517    915      0     27          43    210
     GPU 0  0.000  0.000  0.000  0.000  0.000  0.000  0.000  0.000              13142336               8789461           0           0       0.000       0.000      78.383        7070807517    915      0     27          43    210
     GPU 0  0.000  0.000  0.000  0.000  0.000  0.000  0.000  0.000              13142336               8789461           0           0       0.000       0.000      78.383        7070815482    915      0     27          43    210
     GPU 0  0.000  0.000  0.000  0.000  0.000  0.000  0.000  0.000               7409048               5662533           0           0       0.000       0.000      78.383        7070815482    915      0     27          43    210
     GPU 0  0.000  0.000  0.000  0.000  0.000  0.000  0.000  0.000               7409048               5662533           0           0       0.000       0.000      78.383        7070815482    915      0     27          43    210
     GPU 0  0.000  0.000  0.000  0.000  0.000  0.000  0.000  0.000               8832007               5888005           0           0       0.000       0.000      78.383        7070815482    915      0     27          43    210
     GPU 0  0.000  0.000  0.000  0.000  0.000  0.000  0.000  0.000               8832007               5888005           0           0       0.000       0.000      78.383        7070815482    915      0     27          43    210

# Entity  GRACT  SMACT  SMOCC  TENSO  DRAMA  FP64A  FP32A  FP16A                 PCITX                 PCIRX       GPUTL       MCUTL       MUSAM       GUSAM       POWER             TOTEC  SACLK  PSTAT  TMPTR       MMTMP  SMCLK
      Id                                                                                                                                                               W                mJ                    C           C       
     GPU 0  0.000  0.000  0.000  0.000  0.000  0.000  0.000  0.000               1659794               4647425           0           0       0.000       0.000      78.383        7070823410    915      0     27          43    210
     GPU 0  0.000  0.000  0.000  0.000  0.000  0.000  0.000  0.000               7368390             330579781           0           0       0.000       0.000      78.383        7070823410    915      0     27          43    210
     GPU 0  0.000  0.000  0.000  0.000  0.000  0.000  0.000  0.000               8541741              17146289           0           0       0.000       0.000      78.383        7070823410    915      0     27          43    210
     GPU 0  0.000  0.000  0.000  0.000  0.000  0.000  0.000  0.000               6011333              20455233           0           0       0.000       0.000      78.383        7070823410    915      0     27          43    210
     GPU 0  0.007  0.000  0.000  0.000  0.000  0.000  0.000  0.000              15914499              56433124           0           0       0.000       0.000      78.383        7070823410    915      0     27          43    915
     GPU 0  0.007  0.000  0.000  0.000  0.000  0.000  0.000  0.000              15914499              56433124           0           0       0.000       0.000      84.085        7070831435    915      0     27          43    915
     GPU 0  0.014  0.000  0.000  0.000  0.001  0.000  0.000  0.000             350276821            3081652081           0           0       0.000       0.000      84.085        7070831435    915      0     27          43    915
     GPU 0  0.568  0.948  0.770  0.000  0.002  0.000  0.630  0.000             381246098            3342296042           0           0       0.000       0.000      84.085        7070831435    915      0     28          43    915
     GPU 0  1.000  0.000  0.000  0.000  0.001  0.000  0.000  0.000               8535283               5790104           0           0       0.000       0.000      84.085        7070831435    915      0     28          43    915
     GPU 0  1.000  0.943  0.751  0.000  0.001  0.000  0.624  0.000               9337992               6314597           0           0       0.000       0.000      84.085        7070831435    915      0     29          43    915
     GPU 0  1.000  0.933  0.724  0.000  0.001  0.000  0.614  0.000               9822429               6364228          45           0       0.000       0.000     156.301        7070844493    915      0     29          43    915
     GPU 0  1.000  0.933  0.724  0.000  0.001  0.000  0.614  0.000               9822429               6364228          45           0       0.000      45.000     156.301        7070844493    915      0     30          43    915
     GPU 0  1.000  0.000  0.000  0.000  0.001  0.000  0.000  0.000               5839882               4915044          45           0       0.000      45.000     156.301        7070844493    915      0     30          43    915
     GPU 0  1.000  0.950  0.765  0.000  0.001  0.000  0.631  0.000              10330905               7386585          45           0       0.000      45.000     156.301        7070844493    915      0     30          43    915

# Entity  GRACT  SMACT  SMOCC  TENSO  DRAMA  FP64A  FP32A  FP16A                 PCITX                 PCIRX       GPUTL       MCUTL       MUSAM       GUSAM       POWER             TOTEC  SACLK  PSTAT  TMPTR       MMTMP  SMCLK
      Id                                                                                                                                                               W                mJ                    C           C       
     GPU 0  1.000  0.941  0.744  0.000  0.001  0.000  0.621  0.000               9953503               7329397          45           0       0.000      45.000     156.301        7070844493    915      0     30          43    915
     GPU 0  1.000  0.000  0.000  0.000  0.001  0.000  0.000  0.000               9713162               7232133          45           0       0.000      45.000     156.591        7070860262    915      0     30          43    915
     GPU 0  1.000  0.934  0.727  0.000  0.001  0.000  0.614  0.000              10098919               7189845          45           0       0.000      45.000     156.591        7070860262    915      0     30          44    915
     GPU 0  1.000  0.942  0.753  0.000  0.001  0.000  0.622  0.000               9422272               6810040          45           0       0.000      45.000     156.591        7070860262    915      0     31          44    915
     GPU 0  1.000  0.000  0.000  0.000  0.001  0.000  0.000  0.000              11042762               8048644          45           0       0.000      45.000     156.591        7070860262    915      0     31          44    915
     GPU 0  1.000  0.000  0.000  0.000  0.001  0.000  0.000  0.000              11042762               8048644          45           0       0.000      45.000     156.591        7070860262    915      0     31          44    915
     GPU 0  1.000  0.938  0.745  0.000  0.001  0.000  0.608  0.000              10580250               7363986          45           0       0.000      45.000     156.591        7070876086    915      0     31          44    915
     GPU 0  1.000  0.000  0.000  0.000  0.001  0.000  0.000  0.000               1174441                838886         100           0       0.000      99.000     156.882        7070876086    915      0     31          44    915
     GPU 0  1.000  0.935  0.732  0.000  0.001  0.000  0.616  0.000               5157917               5028772         100           0       0.000      99.000     156.882        7070876086    915      0     31          44    915
     GPU 0  1.000  0.924  0.699  0.000  0.001  0.000  0.602  0.000               2218899               1238834         100           0       0.000      99.000     156.882        7070876086    915      0     31          44    915
     GPU 0  1.000  0.000  0.000  0.000  0.001  0.000  0.000  0.000               5063526               3180855         100           0       0.000      99.000     156.882        7070876086    915      0     31          43    915
     GPU 0  1.000  0.000  0.000  0.000  0.001  0.000  0.000  0.000               5063526               3180855         100           0       0.000      99.000     156.882        7070891923    915      0     31          43    915
     GPU 0  1.000  0.941  0.761  0.000  0.001  0.000  0.626  0.000               9126083               5841979         100           0       0.000      99.000     156.882        7070891923    915      0     31          43    915
     GPU 0  1.000  0.925  0.722  0.000  0.001  0.000  0.608  0.000              10643562               8128986         100           0       0.000      99.000     156.882        7070891923    915      0     31          43    915

# Entity  GRACT  SMACT  SMOCC  TENSO  DRAMA  FP64A  FP32A  FP16A                 PCITX                 PCIRX       GPUTL       MCUTL       MUSAM       GUSAM       POWER             TOTEC  SACLK  PSTAT  TMPTR       MMTMP  SMCLK
      Id                                                                                                                                                               W                mJ                    C           C       
     GPU 0  1.000  0.000  0.000  0.000  0.001  0.000  0.000  0.000              10042681               7635880         100           0       0.000      99.000     156.882        7070891923    915      0     31          43    915
     GPU 0  1.000  0.945  0.760  0.000  0.001  0.000  0.629  0.000               6803294               5301052         100           0       0.000      99.000     156.882        7070891923    915      0     31          43    915
     GPU 0  1.000  0.947  0.757  0.000  0.001  0.000  0.629  0.000               6763012               5328419         100           0       0.000      99.000     156.882        7070907822    915      0     31          43    915
     GPU 0  1.000  0.000  0.000  0.000  0.001  0.000  0.000  0.000               8937486               6208665         100           0       0.000      99.000     156.882        7070907822    915      0     31          43    915
     GPU 0  1.000  0.945  0.759  0.000  0.001  0.000  0.603  0.000              10542453               8245011         100           0       0.000      99.000     156.882        7070907822    915      0     31          43    915
     GPU 0  1.000  0.944  0.740  0.000  0.001  0.000  0.601  0.000              11425767               8637391         100           0       0.000      99.000     156.882        7070907822    915      0     32          43    915
     GPU 0  1.000  0.000  0.000  0.000  0.001  0.000  0.000  0.000               9328102               7009769         100           0       0.000      99.000     156.882        7070907822    915      0     32          43    915
     GPU 0  1.000  0.000  0.000  0.000  0.001  0.000  0.000  0.000               9328102               7009769         100           0       0.000      99.000     157.421        7070923708    915      0     32          43    915
     GPU 0  1.000  0.939  0.733  0.000  0.001  0.000  0.600  0.000               7186698               4896542         100           0       0.000      99.000     157.421        7070923708    915      0     32          43    915
     GPU 0  1.000  0.949  0.768  0.000  0.001  0.000  0.607  0.000               8588520               6342635         100           0       0.000      99.000     157.421        7070923708    915      0     32          43    915
     GPU 0  1.000  0.000  0.000  0.000  0.001  0.000  0.000  0.000               9724133               7221524         100           0       0.000      99.000     157.421        7070923708    915      0     32          43    915
     GPU 0  1.000  0.945  0.760  0.000  0.001  0.000  0.624  0.000               9227865               6746535         100           0       0.000      99.000     157.421        7070923708    915      0     32          43    915
     GPU 0  1.000  0.945  0.760  0.000  0.001  0.000  0.624  0.000               9227865               6746535         100           0       0.000      99.000     157.421        7070939531    915      0     32          43    915
     GPU 0  1.000  0.938  0.751  0.000  0.001  0.000  0.620  0.000               6896782               4783659         100           0       0.000      99.000     156.882        7070939531    915      0     32          43    915

# Entity  GRACT  SMACT  SMOCC  TENSO  DRAMA  FP64A  FP32A  FP16A                 PCITX                 PCIRX       GPUTL       MCUTL       MUSAM       GUSAM       POWER             TOTEC  SACLK  PSTAT  TMPTR       MMTMP  SMCLK
      Id                                                                                                                                                               W                mJ                    C           C       
     GPU 0  1.000  0.000  0.000  0.000  0.001  0.000  0.000  0.000               2044943               1399227         100           0       0.000      99.000     156.882        7070939531    915      0     32          44    915
     GPU 0  1.000  0.945  0.762  0.000  0.001  0.000  0.628  0.000               2134938                826920         100           0       0.000      99.000     156.882        7070939531    915      0     32          44    915
     GPU 0  1.000  0.916  0.671  0.000  0.001  0.000  0.594  0.000               4635847               2861714         100           0       0.000      99.000     156.882        7070939531    915      0     32          44    915
     GPU 0  1.000  0.916  0.671  0.000  0.001  0.000  0.594  0.000               4635847               2861714         100           0       0.000      99.000     156.301        7070955360    915      0     32          43    915
     GPU 0  1.000  0.000  0.000  0.000  0.001  0.000  0.000  0.000               5147793               3292595         100           0       0.000      99.000     156.301        7070955360    915      0     32          44    915
     GPU 0  1.000  0.940  0.748  0.000  0.001  0.000  0.614  0.000               6654141               4630091         100           0       0.000      99.000     156.301        7070955360    915      0     32          43    915
     GPU 0  1.000  0.942  0.731  0.000  0.001  0.000  0.598  0.000               9477799               7061784         100           0       0.000      99.000     156.301        7070955360    915      0     32          43    915
     GPU 0  1.000  0.000  0.000  0.000  0.001  0.000  0.000  0.000               9824642               6928897         100           0       0.000      99.000     156.301        7070955360    915      0     32          43    915
     GPU 0  1.000  0.000  0.000  0.000  0.001  0.000  0.000  0.000               9824642               6928897         100           0       0.000      99.000     156.301        7070971265    915      0     32          43    915
     GPU 0  1.000  0.933  0.756  0.000  0.001  0.000  0.615  0.000               8133497               5990180         100           0       0.000      99.000     157.124        7070971265    915      0     32          44    915
     GPU 0  1.000  0.942  0.715  0.000  0.001  0.000  0.621  0.000               2851374               2190144         100           0       0.000      99.000     157.124        7070971265    915      0     32          44    915
     GPU 0  1.000  0.000  0.000  0.000  0.001  0.000  0.000  0.000               2091764               1034861         100           0       0.000      99.000     157.124        7070971265    915      0     32          44    915
     GPU 0  1.000  0.932  0.730  0.000  0.001  0.000  0.613  0.000               2574760               1152674         100           0       0.000      99.000     157.124        7070971265    915      0     32          44    915
     GPU 0  1.000  0.932  0.730  0.000  0.001  0.000  0.613  0.000               2574760               1152674         100           0       0.000      99.000     157.953        7070987107    915      0     32          44    915

# Entity  GRACT  SMACT  SMOCC  TENSO  DRAMA  FP64A  FP32A  FP16A                 PCITX                 PCIRX       GPUTL       MCUTL       MUSAM       GUSAM       POWER             TOTEC  SACLK  PSTAT  TMPTR       MMTMP  SMCLK
      Id                                                                                                                                                               W                mJ                    C           C       
     GPU 0  1.000  0.953  0.771  0.000  0.001  0.000  0.634  0.000               4868618               3054566         100           0       0.000      99.000     157.953        7070987107    915      0     32          44    915
     GPU 0  1.000  0.000  0.000  0.000  0.001  0.000  0.000  0.000               6274420               4391510         100           0       0.000      99.000     157.953        7070987107    915      0     32          44    915
     GPU 0  1.000  0.935  0.737  0.000  0.001  0.000  0.615  0.000               8437259               5970283         100           0       0.000      99.000     157.953        7070987107    915      0     32          44    915
     GPU 0  1.000  0.937  0.742  0.000  0.001  0.000  0.597  0.000              10785579               7772018         100           0       0.000      99.000     157.953        7070987107    915      0     32          44    915
     GPU 0  1.000  0.937  0.742  0.000  0.001  0.000  0.597  0.000              10785579               7772018         100           0       0.000      99.000     157.953        7071003016    915      0     32          44    915
     GPU 0  1.000  0.000  0.000  0.000  0.001  0.000  0.000  0.000               7619560               5724719         100           0       0.000      99.000     156.882        7071003016    915      0     32          44    915
     GPU 0  1.000  0.935  0.752  0.000  0.001  0.000  0.616  0.000               3149785               1243247         100           0       0.000      99.000     156.882        7071003016    915      0     32          44    915
     GPU 0  1.000  0.912  0.785  0.000  0.001  0.000  0.599  0.000               3467589               1159977         100           0       0.000      99.000     156.882        7071003016    915      0     32          44    915
     GPU 0  1.000  0.000  0.000  0.000  0.001  0.000  0.000  0.000               2409150                909032         100           0       0.000      99.000     156.882        7071003016    915      0     32          44    915
     GPU 0  1.000  0.000  0.000  0.000  0.001  0.000  0.000  0.000               2409150                909032         100           0       0.000      99.000     157.663        7071018887    915      0     33          44    915
     GPU 0  1.000  0.938  0.761  0.000  0.001  0.000  0.622  0.000               5388425               3589910         100           0       0.000      99.000     157.663        7071018887    915      0     33          44    915
     GPU 0  1.000  0.942  0.739  0.000  0.001  0.000  0.620  0.000               6771328               4683081         100           0       0.000      99.000     157.663        7071018887    915      0     33          44    915
     GPU 0  1.000  0.000  0.000  0.000  0.001  0.000  0.000  0.000               9455769               6866980         100           0       0.000      99.000     157.663        7071018887    915      0     33          44    915
     GPU 0  1.000  0.000  0.000  0.000  0.001  0.000  0.000  0.000               9455769               6866980         100           0       0.000      99.000     157.663        7071018887    915      0     33          44    915

# Entity  GRACT  SMACT  SMOCC  TENSO  DRAMA  FP64A  FP32A  FP16A                 PCITX                 PCIRX       GPUTL       MCUTL       MUSAM       GUSAM       POWER             TOTEC  SACLK  PSTAT  TMPTR       MMTMP  SMCLK
      Id                                                                                                                                                               W                mJ                    C           C       
     GPU 0  1.000  0.949  0.767  0.000  0.001  0.000  0.615  0.000               7395120               5196635         100           0       0.000      99.000     157.663        7071034795    915      0     33          44    915
     GPU 0  1.000  0.000  0.000  0.000  0.002  0.000  0.000  0.000               1257637               1341480         100           0       0.000      99.000     156.882        7071034795    915      0     33          44    915
     GPU 0  1.000  0.931  0.721  0.000  0.001  0.000  0.612  0.000               8050819               5858863         100           0       0.000      99.000     156.882        7071034795    915      0     33          44    915
     GPU 0  1.000  0.934  0.744  0.000  0.001  0.000  0.615  0.000              10510180               7699989         100           0       0.000      99.000     156.882        7071034795    915      0     33          44    915
     GPU 0  1.000  0.000  0.000  0.000  0.001  0.000  0.000  0.000               4081730               3793393         100           0       0.000      99.000     156.882        7071034795    915      0     33          44    915
     GPU 0  1.000  0.953  0.757  0.000  0.001  0.000  0.633  0.000               2365721               1189072         100           0       0.000      99.000     157.421        7071050655    915      0     33          44    915
     GPU 0  1.000  0.953  0.757  0.000  0.001  0.000  0.633  0.000               2365721               1189072         100           0       0.000      99.000     157.421        7071050655    915      0     33          44    915
     GPU 0  1.000  0.944  0.736  0.000  0.002  0.000  0.571  0.000               2050316               1276381         100           0       0.000      99.000     157.421        7071050655    915      0     33          44    915
     GPU 0  1.000  0.000  0.000  0.000  0.001  0.000  0.000  0.000               4544318               2964010         100           0       0.000      99.000     157.421        7071050655    915      0     33          44    915
     GPU 0  1.000  0.935  0.739  0.000  0.001  0.000  0.595  0.000               7085342               4930416         100           0       0.000      99.000     157.421        7071050655    915      0     33          44    915
     GPU 0  1.000  0.935  0.739  0.000  0.001  0.000  0.595  0.000               7085342               4930416         100           0       0.000      99.000     157.421        7071066601    915      0     33          44    915
     GPU 0  1.000  0.941  0.737  0.000  0.001  0.000  0.620  0.000               9860172               6123543         100           0       0.000      99.000     157.124        7071066601    915      0     33          44    915
     GPU 0  1.000  0.000  0.000  0.000  0.001  0.000  0.000  0.000               9007242               6930372         100           0       0.000      99.000     157.124        7071066601    915      0     33          44    915
     GPU 0  1.000  0.942  0.742  0.000  0.001  0.000  0.624  0.000               7780940               6274690         100           0       0.000      99.000     157.124        7071066601    915      0     33          44    915

# Entity  GRACT  SMACT  SMOCC  TENSO  DRAMA  FP64A  FP32A  FP16A                 PCITX                 PCIRX       GPUTL       MCUTL       MUSAM       GUSAM       POWER             TOTEC  SACLK  PSTAT  TMPTR       MMTMP  SMCLK
      Id                                                                                                                                                               W                mJ                    C           C       
     GPU 0  1.000  0.919  0.684  0.000  0.001  0.000  0.600  0.000               3506541               1117549         100           0       0.000      99.000     157.124        7071066601    915      0     33          44    915
     GPU 0  1.000  0.919  0.684  0.000  0.001  0.000  0.600  0.000               3506541               1117549         100           0       0.000      99.000     157.663        7071082478    915      0     33          44    915
     GPU 0  1.000  0.000  0.000  0.000  0.001  0.000  0.000  0.000               3885680                669634         100           0       0.000      99.000     157.663        7071082478    915      0     33          44    915
     GPU 0  1.000  0.939  0.750  0.000  0.001  0.000  0.620  0.000               4228868               2742799         100           0       0.000      99.000     157.663        7071082478    915      0     33          44    915
     GPU 0  1.000  0.934  0.741  0.000  0.001  0.000  0.573  0.000               6380688               4507453         100           0       0.000      99.000     157.663        7071082478    915      0     33          44    915
     GPU 0  1.000  0.000  0.000  0.000  0.001  0.000  0.000  0.000               8066112               5687524         100           0       0.000      99.000     157.663        7071082478    915      0     33          44    915
     GPU 0  1.000  0.000  0.000  0.000  0.001  0.000  0.000  0.000               8066112               5687524         100           0       0.000      99.000     157.663        7071098409    915      0     33          44    915
     GPU 0  1.000  0.937  0.748  0.000  0.001  0.000  0.606  0.000               9472336               6760185         100           0       0.000      99.000     157.953        7071098409    915      0     33          44    915
     GPU 0  1.000  0.928  0.744  0.000  0.001  0.000  0.611  0.000               9002346               6752534         100           0       0.000      99.000     157.953        7071098409    915      0     33          44    915
     GPU 0  1.000  0.000  0.000  0.000  0.001  0.000  0.000  0.000               7120709               5989773         100           0       0.000      99.000     157.953        7071098409    915      0     33          44    915
     GPU 0  1.000  0.939  0.734  0.000  0.001  0.000  0.621  0.000               3617962               2840513         100           0       0.000      99.000     157.953        7071098409    915      0     33          44    915
     GPU 0  1.000  0.939  0.734  0.000  0.001  0.000  0.621  0.000               3617962               2840513         100           0       0.000      99.000     156.591        7071114252    915      0     33          44    915
     GPU 0  1.000  0.976  0.748  0.000  0.001  0.000  0.646  0.000               3147592                777288         100           0       0.000      99.000     156.591        7071114252    915      0     33          44    915
     GPU 0  1.000  0.000  0.000  0.000  0.001  0.000  0.000  0.000               4559626               2612178         100           0       0.000      99.000     156.591        7071114252    915      0     33          44    915

# Entity  GRACT  SMACT  SMOCC  TENSO  DRAMA  FP64A  FP32A  FP16A                 PCITX                 PCIRX       GPUTL       MCUTL       MUSAM       GUSAM       POWER             TOTEC  SACLK  PSTAT  TMPTR       MMTMP  SMCLK
      Id                                                                                                                                                               W                mJ                    C           C       
     GPU 0  1.000  0.951  0.762  0.000  0.001  0.000  0.631  0.000               6275194               4374472         100           0       0.000      99.000     156.591        7071114252    915      0     33          44    915
     GPU 0  1.000  0.951  0.762  0.000  0.001  0.000  0.631  0.000               6275194               4374472         100           0       0.000      99.000     156.591        7071114252    915      0     33          44    915
     GPU 0  1.000  0.925  0.719  0.000  0.001  0.000  0.580  0.000               9163133               6412101         100           0       0.000      99.000     156.591        7071114252    915      0     33          44    915
     GPU 0  1.000  0.000  0.000  0.000  0.001  0.000  0.000  0.000               7467693               5020301         100           0       0.000      99.000     157.421        7071130292    915      0     33          44    915
     GPU 0  1.000  0.937  0.754  0.000  0.001  0.000  0.620  0.000              10881195               7216693         100           0       0.000      99.000     157.421        7071130292    915      0     33          44    915
     GPU 0  1.000  0.937  0.754  0.000  0.001  0.000  0.620  0.000              10881195               7216693         100           0       0.000      99.000     157.421        7071130292    915      0     33          44    915
     GPU 0  1.000  0.943  0.773  0.000  0.001  0.000  0.627  0.000              11973461               7996570         100           0       0.000      99.000     157.421        7071130292    915      0     33          44    915
     GPU 0  1.000  0.000  0.000  0.000  0.001  0.000  0.000  0.000               6814629               5500796         100           0       0.000      99.000     157.663        7071146261    915      0     33          44    915
     GPU 0  1.000  0.942  0.749  0.000  0.001  0.000  0.608  0.000              10958994               7612235         100           0       0.000      99.000     157.663        7071146261    915      0     33          44    915
     GPU 0  1.000  0.000  0.000  0.000  0.001  0.000  0.000  0.000               4554607               3251086         100           0       0.000      99.000     157.663        7071146261    915      0     33          44    915
     GPU 0  1.000  0.937  0.766  0.000  0.001  0.000  0.622  0.000               7729218               4932171         100           0       0.000      99.000     157.663        7071146261    915      0     33          44    915
     GPU 0  1.000  0.937  0.766  0.000  0.001  0.000  0.622  0.000               7729218               4932171         100           0       0.000      99.000     157.663        7071146261    915      0     33          44    915
     GPU 0  1.000  0.948  0.762  0.000  0.001  0.000  0.632  0.000               8961959               6574938         100           0       0.000      99.000     157.421        7071146261    915      0     33          44    915
     GPU 0  1.000  0.000  0.000  0.000  0.001  0.000  0.000  0.000              10542751               6945111         100           0       0.000      99.000     157.421        7071162273    915      0     33          44    915

# Entity  GRACT  SMACT  SMOCC  TENSO  DRAMA  FP64A  FP32A  FP16A                 PCITX                 PCIRX       GPUTL       MCUTL       MUSAM       GUSAM       POWER             TOTEC  SACLK  PSTAT  TMPTR       MMTMP  SMCLK
      Id                                                                                                                                                               W                mJ                    C           C       
     GPU 0  1.000  0.943  0.760  0.000  0.001  0.000  0.628  0.000               6581715               4564343         100           0       0.000      99.000     157.421        7071162273    915      0     33          44    915
     GPU 0  1.000  0.937  0.742  0.000  0.001  0.000  0.618  0.000               9470141               7141998         100           0       0.000      99.000     157.421        7071162273    915      0     33          44    915
     GPU 0  1.000  0.937  0.742  0.000  0.001  0.000  0.618  0.000               9470141               7141998         100           0       0.000      99.000     157.421        7071162273    915      0     33          44    915
     GPU 0  1.000  0.000  0.000  0.000  0.001  0.000  0.000  0.000               7949461               6317728         100           0       0.000      99.000     157.663        7071177954    915      0     33          44    915
     GPU 0  1.000  0.944  0.741  0.000  0.001  0.000  0.618  0.000               1171413               1087740         100           0       0.000      99.000     157.663        7071177954    915      0     33          44    915
     GPU 0  1.000  0.000  0.000  0.000  0.001  0.000  0.000  0.000               8919805               6532839         100           0       0.000      99.000     157.663        7071177954    915      0     33          44    915
     GPU 0  1.000  0.932  0.743  0.000  0.001  0.000  0.613  0.000               3422604               1242822         100           0       0.000      99.000     157.663        7071177954    915      0     33          44    915
     GPU 0  1.000  0.935  0.751  0.000  0.001  0.000  0.612  0.000               6351754               3262011         100           0       0.000      99.000     157.663        7071177954    915      0     33          44    915
     GPU 0  1.000  0.000  0.000  0.000  0.001  0.000  0.000  0.000               6199005               2519007         100           0       0.000      99.000     157.421        7071177954    915      0     33          44    915
     GPU 0  1.000  0.000  0.000  0.000  0.001  0.000  0.000  0.000               6199005               2519007         100           0       0.000      99.000     157.421        7071193874    915      0     33          44    915
     GPU 0  1.000  0.946  0.767  0.000  0.001  0.000  0.628  0.000               6458978               4458750         100           0       0.000      99.000     157.421        7071193874    915      0     33          44    915
     GPU 0  1.000  0.945  0.744  0.000  0.001  0.000  0.627  0.000               8665227               6197342         100           0       0.000      99.000     157.421        7071193874    915      0     33          44    915
     GPU 0  1.000  0.000  0.000  0.000  0.001  0.000  0.000  0.000               9897693               7492175         100           0       0.000      99.000     157.421        7071193874    915      0     33          44    915
     GPU 0  1.000  0.929  0.738  0.000  0.001  0.000  0.612  0.000              10041606               7669970         100           0       0.000      99.000     156.591        7071209725    915      0     33          44    915

# Entity  GRACT  SMACT  SMOCC  TENSO  DRAMA  FP64A  FP32A  FP16A                 PCITX                 PCIRX       GPUTL       MCUTL       MUSAM       GUSAM       POWER             TOTEC  SACLK  PSTAT  TMPTR       MMTMP  SMCLK
      Id                                                                                                                                                               W                mJ                    C           C       
     GPU 0  1.000  0.929  0.738  0.000  0.001  0.000  0.612  0.000              10041606               7669970         100           0       0.000      99.000     156.591        7071209725    915      0     33          44    915
     GPU 0  1.000  0.932  0.726  0.000  0.001  0.000  0.612  0.000               7871779               6448254         100           0       0.000      99.000     156.591        7071209725    915      0     33          44    915
     GPU 0  1.000  0.000  0.000  0.000  0.001  0.000  0.000  0.000               8159594               5664305         100           0       0.000      99.000     156.591        7071209725    915      0     33          44    915
     GPU 0  1.000  0.942  0.750  0.000  0.001  0.000  0.620  0.000               1255617               1088201         100           0       0.000      99.000     156.591        7071209725    915      0     33          44    915
     GPU 0  1.000  0.000  0.000  0.000  0.001  0.000  0.000  0.000               4904677               3826017         100           0       0.000      99.000     157.421        7071225656    915      0     33          44    915
     GPU 0  1.000  0.000  0.000  0.000  0.001  0.000  0.000  0.000               4904677               3826017         100           0       0.000      99.000     157.421        7071225656    915      0     33          44    915
     GPU 0  1.000  0.934  0.750  0.000  0.001  0.000  0.619  0.000               8951648               4491440         100           0       0.000      99.000     157.421        7071225656    915      0     33          44    915
     GPU 0  1.000  0.939  0.741  0.000  0.001  0.000  0.617  0.000               6669491               5410720         100           0       0.000      99.000     157.421        7071225656    915      0     33          44    915
     GPU 0  1.000  0.000  0.000  0.000  0.001  0.000  0.000  0.000               4699970               4206219         100           0       0.000      99.000     157.421        7071225656    915      0     33          44    915
     GPU 0  1.000  0.935  0.737  0.000  0.001  0.000  0.591  0.000               6662865               3146060         100           0       0.000      99.000     157.421        7071225656    915      0     33          44    915
     GPU 0  1.000  0.927  0.697  0.000  0.001  0.000  0.611  0.000               9973882               4142692         100           0       0.000      99.000     157.953        7071241623    915      0     33          44    915
     GPU 0  1.000  0.927  0.697  0.000  0.001  0.000  0.611  0.000               9973882               4142692         100           0       0.000      99.000     157.953        7071241623    915      0     33          44    915
     GPU 0  1.000  0.000  0.000  0.000  0.001  0.000  0.000  0.000               4564502               3043552         100           0       0.000      99.000     157.953        7071241623    915      0     33          44    915
     GPU 0  1.000  0.935  0.740  0.000  0.001  0.000  0.617  0.000               8044965               5570410         100           0       0.000      99.000     157.953        7071241623    915      0     33          44    915

# Entity  GRACT  SMACT  SMOCC  TENSO  DRAMA  FP64A  FP32A  FP16A                 PCITX                 PCIRX       GPUTL       MCUTL       MUSAM       GUSAM       POWER             TOTEC  SACLK  PSTAT  TMPTR       MMTMP  SMCLK
      Id                                                                                                                                                               W                mJ                    C           C       
     GPU 0  1.000  0.942  0.743  0.000  0.001  0.000  0.625  0.000               9649790               7436367         100           0       0.000      99.000     157.124        7071257519    915      0     33          44    915
     GPU 0  1.000  0.000  0.000  0.000  0.001  0.000  0.000  0.000              10441341               7812834         100           0       0.000      99.000     157.124        7071257519    915      0     33          44    915
     GPU 0  1.000  0.000  0.000  0.000  0.001  0.000  0.000  0.000              10441341               7812834         100           0       0.000      99.000     157.124        7071257519    915      0     33          44    915
     GPU 0  1.000  0.937  0.745  0.000  0.001  0.000  0.617  0.000               7333691               6160322         100           0       0.000      99.000     157.124        7071257519    915      0     33          44    915
     GPU 0  1.000  0.938  0.735  0.000  0.001  0.000  0.618  0.000               7814065               5639397         100           0       0.000      99.000     157.124        7071257519    915      0     33          44    915
     GPU 0  1.000  0.000  0.000  0.000  0.001  0.000  0.000  0.000               1256472               1005177         100           0       0.000      99.000     157.124        7071257519    915      0     33          44    915
     GPU 0  1.000  0.938  0.741  0.000  0.001  0.000  0.615  0.000              10532886               6335525         100           0       0.000      99.000     157.663        7071273486    915      0     33          44    915
     GPU 0  1.000  0.000  0.000  0.000  0.001  0.000  0.000  0.000               5767367               2623924         100           0       0.000      99.000     157.663        7071273486    915      0     33          44    915
     GPU 0  1.000  0.000  0.000  0.000  0.001  0.000  0.000  0.000               5767367               2623924         100           0       0.000      99.000     157.663        7071273486    915      0     33          44    915
     GPU 0  1.000  0.942  0.752  0.000  0.001  0.000  0.626  0.000               3268154                650953         100           0       0.000      99.000     157.663        7071273486    915      0     33          44    915
     GPU 0  1.000  0.916  0.726  0.000  0.001  0.000  0.597  0.000               4646063               2666188         100           0       0.000      99.000     157.421        7071289392    915      0     33          44    915
     GPU 0  1.000  0.000  0.000  0.000  0.001  0.000  0.000  0.000               5134881               3272398         100           0       0.000      99.000     157.421        7071289392    915      0     33          44    915
     GPU 0  1.000  0.930  0.725  0.000  0.001  0.000  0.612  0.000               7414894               5264020         100           0       0.000      99.000     157.421        7071289392    915      0     33          44    915
     GPU 0  1.000  0.930  0.725  0.000  0.001  0.000  0.612  0.000               7414894               5264020         100           0       0.000      99.000     157.421        7071289392    915      0     33          44    915

# Entity  GRACT  SMACT  SMOCC  TENSO  DRAMA  FP64A  FP32A  FP16A                 PCITX                 PCIRX       GPUTL       MCUTL       MUSAM       GUSAM       POWER             TOTEC  SACLK  PSTAT  TMPTR       MMTMP  SMCLK
      Id                                                                                                                                                               W                mJ                    C           C       
     GPU 0  1.000  0.931  0.760  0.000  0.001  0.000  0.617  0.000               8226405               6366898         100           0       0.000      99.000     157.421        7071289392    915      0     33          44    915
     GPU 0  1.000  0.000  0.000  0.000  0.001  0.000  0.000  0.000               8625359               5592121         100           0       0.000      99.000     157.421        7071289392    915      0     33          44    915
     GPU 0  1.000  0.948  0.762  0.000  0.001  0.000  0.625  0.000               1255972               1088509         100           0       0.000      99.000     157.124        7071305487    915      0     33          44    915
     GPU 0  1.000  0.000  0.000  0.000  0.001  0.000  0.000  0.000               9500803               7177068         100           0       0.000      99.000     157.124        7071305487    915      0     33          45    915
     GPU 0  1.000  0.946  0.777  0.000  0.001  0.000  0.630  0.000               9325428               6980041         100           0       0.000      99.000     157.124        7071305487    915      0     33          44    915
     GPU 0  1.000  0.946  0.777  0.000  0.001  0.000  0.630  0.000               9325428               6980041         100           0       0.000      99.000     157.124        7071305487    915      0     33          44    915
     GPU 0  1.000  0.932  0.744  0.000  0.001  0.000  0.617  0.000               5951281               5492711         100           0       0.000      99.000     157.663        7071321262    915      0     33          44    915
     GPU 0  1.000  0.000  0.000  0.000  0.001  0.000  0.000  0.000               4362563               2938764         100           0       0.000      99.000     157.663        7071321262    915      0     33          44    915
     GPU 0  1.000  0.943  0.764  0.000  0.001  0.000  0.627  0.000               3382435               1117626         100           0       0.000      99.000     157.663        7071321262    915      0     34          44    915
     GPU 0  1.000  0.926  0.713  0.000  0.001  0.000  0.607  0.000               5482825               2641292         100           0       0.000      99.000     157.663        7071321262    915      0     34          44    915
     GPU 0  1.000  0.000  0.000  0.000  0.001  0.000  0.000  0.000               6866092               4343953         100           0       0.000      99.000     157.663        7071321262    915      0     34          44    915
     GPU 0  1.000  0.000  0.000  0.000  0.001  0.000  0.000  0.000               6866092               4343953         100           0       0.000      99.000     157.663        7071321262    915      0     34          45    915
     GPU 0  1.000  0.937  0.733  0.000  0.001  0.000  0.599  0.000               9666380               5977408         100           0       0.000      99.000     156.882        7071337288    915      0     34          44    915
     GPU 0  1.000  0.943  0.764  0.000  0.001  0.000  0.626  0.000               6671655               4963305         100           0       0.000      99.000     156.882        7071337288    915      0     34          44    915

# Entity  GRACT  SMACT  SMOCC  TENSO  DRAMA  FP64A  FP32A  FP16A                 PCITX                 PCIRX       GPUTL       MCUTL       MUSAM       GUSAM       POWER             TOTEC  SACLK  PSTAT  TMPTR       MMTMP  SMCLK
      Id                                                                                                                                                               W                mJ                    C           C       
     GPU 0  1.000  0.943  0.764  0.000  0.001  0.000  0.626  0.000               6671655               4963305         100           0       0.000      99.000     156.882        7071337288    915      0     34          44    915
     GPU 0  1.000  0.000  0.000  0.000  0.001  0.000  0.000  0.000               4963117               4520271         100           0       0.000      99.000     156.882        7071337288    915      0     34          44    915
     GPU 0  1.000  0.938  0.731  0.000  0.002  0.000  0.619  0.000               3702652               1818372         100           0       0.000      99.000     157.663        7071353144    915      0     34          44    915
     GPU 0  1.000  0.925  0.685  0.000  0.001  0.000  0.602  0.000               2198148               1265758         100           0       0.000      99.000     157.663        7071353144    915      0     34          44    915
     GPU 0  1.000  0.000  0.000  0.000  0.001  0.000  0.000  0.000               4679470               3308902         100           0       0.000      99.000     157.663        7071353144    915      0     34          45    915
     GPU 0  1.000  0.942  0.746  0.000  0.001  0.000  0.621  0.000               7851051               5312407         100           0       0.000      99.000     157.663        7071353144    915      0     34          44    915
     GPU 0  1.000  0.942  0.746  0.000  0.001  0.000  0.621  0.000               7851051               5312407         100           0       0.000      99.000     157.663        7071353144    915      0     34          44    915
     GPU 0  1.000  0.935  0.728  0.000  0.001  0.000  0.607  0.000               9284503               6964136         100           0       0.000      99.000     157.663        7071353144    915      0     34          45    915
     GPU 0  1.000  0.000  0.000  0.000  0.001  0.000  0.000  0.000               8651372               5390205         100           0       0.000      99.000     156.882        7071369170    915      0     34          45    915
     GPU 0  1.000  0.000  0.000  0.000  0.001  0.000  0.000  0.000               8651372               5390205         100           0       0.000      99.000     156.882        7071369170    915      0     34          44    915
     GPU 0  1.000  0.946  0.771  0.000  0.001  0.000  0.630  0.000               2690872               1985422         100           0       0.000      99.000     156.882        7071369170    915      0     34          44    915
     GPU 0  1.000  0.940  0.698  0.000  0.001  0.000  0.615  0.000               2167076                908002         100           0       0.000      99.000     156.882        7071369170    915      0     34          45    915
     GPU 0  1.000  0.000  0.000  0.000  0.001  0.000  0.000  0.000               4510749               2974575         100           0       0.000      99.000     157.421        7071384989    915      0     34          44    915
     GPU 0  1.000  0.940  0.754  0.000  0.001  0.000  0.622  0.000               7217082               4878152         100           0       0.000      99.000     157.421        7071384989    915      0     34          44    915

# Entity  GRACT  SMACT  SMOCC  TENSO  DRAMA  FP64A  FP32A  FP16A                 PCITX                 PCIRX       GPUTL       MCUTL       MUSAM       GUSAM       POWER             TOTEC  SACLK  PSTAT  TMPTR       MMTMP  SMCLK
      Id                                                                                                                                                               W                mJ                    C           C       
     GPU 0  1.000  0.940  0.754  0.000  0.001  0.000  0.622  0.000               7217082               4878152         100           0       0.000      99.000     157.421        7071384989    915      0     34          45    915
     GPU 0  1.000  0.943  0.773  0.000  0.001  0.000  0.626  0.000               9382474               7009377         100           0       0.000      99.000     157.421        7071384989    915      0     34          44    915
     GPU 0  1.000  0.000  0.000  0.000  0.001  0.000  0.000  0.000               6272148               4523514         100           0       0.000      99.000     157.421        7071384989    915      0     34          45    915
     GPU 0  1.000  0.948  0.751  0.000  0.001  0.000  0.628  0.000               1088230                920810         100           0       0.000      99.000     157.421        7071384989    915      0     34          44    915
     GPU 0  1.000  0.000  0.000  0.000  0.001  0.000  0.000  0.000              10778519               6373825         100           0       0.000      99.000     157.421        7071400956    915      0     34          45    915
     GPU 0  1.000  0.000  0.000  0.000  0.001  0.000  0.000  0.000              10778519               6373825         100           0       0.000      99.000     157.421        7071400956    915      0     34          45    915
     GPU 0  1.000  0.942  0.745  0.000  0.001  0.000  0.625  0.000               4476182               4287241         100           0       0.000      99.000     157.421        7071400956    915      0     34          44    915
     GPU 0  1.000  1.000  0.841  0.000  0.001  0.000  0.688  0.000               3279493                502394         100           0       0.000      99.000     157.421        7071400956    915      0     34          44    915
     GPU 0  1.000  0.000  0.000  0.000  0.001  0.000  0.000  0.000               4049797               1270830         100           0       0.000      99.000     157.124        7071416848    915      0     34          44    915
     GPU 0  1.000  0.932  0.724  0.000  0.001  0.000  0.614  0.000               3372690                644316         100           0       0.000      99.000     157.124        7071416848    915      0     34          45    915
     GPU 0  1.000  0.950  0.784  0.000  0.001  0.000  0.595  0.000               4371935               3032698         100           0       0.000      99.000     157.124        7071416848    915      0     34          45    915
     GPU 0  1.000  0.950  0.784  0.000  0.001  0.000  0.595  0.000               4371935               3032698         100           0       0.000      99.000     157.124        7071416848    915      0     34          45    915
     GPU 0  1.000  0.000  0.000  0.000  0.001  0.000  0.000  0.000               6916711               4818527         100           0       0.000      99.000     157.124        7071416848    915      0     34          45    915
     GPU 0  1.000  0.946  0.769  0.000  0.001  0.000  0.622  0.000              12353908               9045337         100           0       0.000      99.000     157.421        7071416848    915      0     34          45    915

# Entity  GRACT  SMACT  SMOCC  TENSO  DRAMA  FP64A  FP32A  FP16A                 PCITX                 PCIRX       GPUTL       MCUTL       MUSAM       GUSAM       POWER             TOTEC  SACLK  PSTAT  TMPTR       MMTMP  SMCLK
      Id                                                                                                                                                               W                mJ                    C           C       
     GPU 0  1.000  0.939  0.745  0.000  0.001  0.000  0.618  0.000              10908866               7803243         100           0       0.000      99.000     157.421        7071432922    915      0     34          44    915
     GPU 0  1.000  0.000  0.000  0.000  0.001  0.000  0.000  0.000               6029889               4542883         100           0       0.000      99.000     157.421        7071432922    915      0     34          45    915
     GPU 0  1.000  0.930  0.745  0.000  0.001  0.000  0.613  0.000               7364194               5848058         100           0       0.000      99.000     157.421        7071432922    915      0     34          45    915
     GPU 0  1.000  0.930  0.745  0.000  0.001  0.000  0.613  0.000               7364194               5848058         100           0       0.000      99.000     157.421        7071432922    915      0     34          45    915
     GPU 0  1.000  0.949  0.772  0.000  0.001  0.000  0.633  0.000               5441877               4244800         100           0       0.000      99.000     157.421        7071448686    915      0     34          45    915
     GPU 0  1.000  0.000  0.000  0.000  0.001  0.000  0.000  0.000               6826879               5151197         100           0       0.000      99.000     157.953        7071448686    915      0     34          44    915
     GPU 0  1.000  0.932  0.752  0.000  0.001  0.000  0.615  0.000               3762265               1369557         100           0       0.000      99.000     157.953        7071448686    915      0     34          44    915
     GPU 0  1.000  0.930  0.722  0.000  0.001  0.000  0.603  0.000               4732415               2801569         100           0       0.000      99.000     157.953        7071448686    915      0     34          45    915
     GPU 0  1.000  0.930  0.722  0.000  0.001  0.000  0.603  0.000               4732415               2801569         100           0       0.000      99.000     157.953        7071448686    915      0     34          44    915
     GPU 0  1.000  0.000  0.000  0.000  0.001  0.000  0.000  0.000               5659893               3835167         100           0       0.000      99.000     157.953        7071448686    915      0     34          45    915
     GPU 0  1.000  0.946  0.770  0.000  0.001  0.000  0.608  0.000               8913831               5322962         100           0       0.000      99.000     157.663        7071464836    915      0     34          45    915
     GPU 0  0.500  0.000  0.000  0.000  0.001  0.000  0.000  0.000            1912255821               5488233         100           0       0.000      99.000     157.663        7071464836    915      0     34          44    915
     GPU 0  0.000  0.000  0.000  0.000  0.000  0.000  0.000  0.000              10583372               6899237         100           0       0.000      99.000     157.663        7071464836    915      0     33          44    915
     GPU 0  0.000  0.000  0.000  0.000  0.000  0.000  0.000  0.000               7622450               4203994         100           0       0.000      99.000     157.663        7071464836    915      0     32          45    915

# Entity  GRACT  SMACT  SMOCC  TENSO  DRAMA  FP64A  FP32A  FP16A                 PCITX                 PCIRX       GPUTL       MCUTL       MUSAM       GUSAM       POWER             TOTEC  SACLK  PSTAT  TMPTR       MMTMP  SMCLK
      Id                                                                                                                                                               W                mJ                    C           C       
     GPU 0  0.000  0.000  0.000  0.000  0.000  0.000  0.000  0.000               7752339               4365791          67           0       0.000      99.000      86.763        7071476193    915      0     31          45    915
     GPU 0  0.000  0.000  0.000  0.000  0.000  0.000  0.000  0.000               8240294               4624856          67           0       0.000      67.000      86.763        7071476193    915      0     31          44    915
     GPU 0  0.000  0.000  0.000  0.000  0.000  0.000  0.000  0.000               7933543               4800605          67           0       0.000      67.000      86.763        7071476193    915      0     31          44    915
     GPU 0  0.000  0.000  0.000  0.000  0.000  0.000  0.000  0.000               7933543               4800605          67           0       0.000      67.000      86.763        7071476193    915      0     31          44    915
     GPU 0  0.000  0.000  0.000  0.000  0.000  0.000  0.000  0.000              10001298               6278987          67           0       0.000      67.000      86.763        7071476193    915      0     31          44    915
     GPU 0  0.000  0.000  0.000  0.000  0.000  0.000  0.000  0.000               6944664               3785792          67           0       0.000      67.000      86.763        7071476193    915      0     30          44    915
     GPU 0  0.000  0.000  0.000  0.000  0.000  0.000  0.000  0.000               6944664               3785792          67           0       0.000      67.000      86.230        7071485016    915      0     30          45    915
     GPU 0  0.000  0.000  0.000  0.000  0.000  0.000  0.000  0.000               5551543               4475835          67           0       0.000      67.000      86.230        7071485016    915      0     30          44    915
     GPU 0  0.000  0.000  0.000  0.000  0.000  0.000  0.000  0.000               4421854               3317564          67           0       0.000      67.000      86.230        7071485016    915      0     30          44    915
     GPU 0  0.000  0.000  0.000  0.000  0.000  0.000  0.000  0.000               1962802                121311          67           0       0.000      67.000      86.230        7071485016    915      0     30          45    915
     GPU 0  0.000  0.000  0.000  0.000  0.000  0.000  0.000  0.000               1844231                163853          67           0       0.000      67.000      85.988        7071493621    915      0     30          44    915
     GPU 0  0.000  0.000  0.000  0.000  0.000  0.000  0.000  0.000               5156319               2360037           0           0       0.000       0.000      85.988        7071493621    915      0     30          44    915
     GPU 0  0.000  0.000  0.000  0.000  0.000  0.000  0.000  0.000               6427402               3539179           0           0       0.000       0.000      85.988        7071493621    915      0     30          44    915
     GPU 0  0.000  0.000  0.000  0.000  0.000  0.000  0.000  0.000               6427402               3539179           0           0       0.000       0.000      85.988        7071493621    915      0     30          44    915

# Entity  GRACT  SMACT  SMOCC  TENSO  DRAMA  FP64A  FP32A  FP16A                 PCITX                 PCIRX       GPUTL       MCUTL       MUSAM       GUSAM       POWER             TOTEC  SACLK  PSTAT  TMPTR       MMTMP  SMCLK
      Id                                                                                                                                                               W                mJ                    C           C       
     GPU 0  0.000  0.000  0.000  0.000  0.000  0.000  0.000  0.000               7249498               4118228           0           0       0.000       0.000      85.988        7071493621    915      0     30          44    915
     GPU 0  0.000  0.000  0.000  0.000  0.000  0.000  0.000  0.000              10060723               5770414           0           0       0.000       0.000      85.988        7071493621    915      0     30          44    915
     GPU 0  0.000  0.000  0.000  0.000  0.000  0.000  0.000  0.000              10060723               5770414           0           0       0.000       0.000      85.988        7071502442    915      0     30          44    915
     GPU 0  0.000  0.000  0.000  0.000  0.000  0.000  0.000  0.000               8264147               4101023           0           0       0.000       0.000      85.988        7071502442    915      0     30          44    915
     GPU 0  0.000  0.000  0.000  0.000  0.000  0.000  0.000  0.000               8404131               5051516           0           0       0.000       0.000      85.988        7071502442    915      0     30          44    915
     GPU 0  0.000  0.000  0.000  0.000  0.000  0.000  0.000  0.000               8000042               4733208           0           0       0.000       0.000      85.988        7071502442    915      0     29          44    915
     GPU 0  0.000  0.000  0.000  0.000  0.000  0.000  0.000  0.000               9434379               6519861           0           0       0.000       0.000      85.988        7071502442    915      0     29          44    915
     GPU 0  0.000  0.000  0.000  0.000  0.000  0.000  0.000  0.000               9434379               6519861           0           0       0.000       0.000      85.988        7071511068    915      0     29          44    915
     GPU 0  0.000  0.000  0.000  0.000  0.000  0.000  0.000  0.000               1006125                 83843           0           0       0.000       0.000      85.988        7071511068    915      0     29          44    915
     GPU 0  0.000  0.000  0.000  0.000  0.000  0.000  0.000  0.000               7533988               5182340           0           0       0.000       0.000      85.988        7071511068    915      0     29          44    915
     GPU 0  0.000  0.000  0.000  0.000  0.000  0.000  0.000  0.000               7533988               5182340           0           0       0.000       0.000      85.988        7071511068    915      0     29          44    915
     GPU 0  0.003  0.000  0.000  0.000  0.000  0.000  0.000  0.000               5643614               6058318           0           0       0.000       0.000      85.988        7071519757    915      0     29          44    915
     GPU 0  0.003  0.000  0.000  0.000  0.000  0.000  0.000  0.000               5643614               6058318           0           0       0.000       0.000      85.988        7071519757    915      0     29          44    915
     GPU 0  0.003  0.000  0.000  0.000  0.000  0.000  0.000  0.000               5643614               6058318           0           0       0.000       0.000      85.988        7071519757    915      0     29          44    915

# Entity  GRACT  SMACT  SMOCC  TENSO  DRAMA  FP64A  FP32A  FP16A                 PCITX                 PCIRX       GPUTL       MCUTL       MUSAM       GUSAM       POWER             TOTEC  SACLK  PSTAT  TMPTR       MMTMP  SMCLK
      Id                                                                                                                                                               W                mJ                    C           C       
     GPU 0  0.000  0.000  0.000  0.000  0.000  0.000  0.000  0.000               8786898              10042169           0           0       0.000       0.000      85.988        7071519757    915      0     29          44    915
     GPU 0  0.000  0.000  0.000  0.000  0.000  0.000  0.000  0.000               8786898              10042169           0           0       0.000       0.000      85.988        7071519757    915      0     29          44    915
     GPU 0  0.000  0.000  0.000  0.000  0.000  0.000  0.000  0.000              14369451              13883367           0           0       0.000       0.000      85.988        7071519757    915      0     29          44    915
     GPU 0  0.000  0.000  0.000  0.000  0.000  0.000  0.000  0.000              14369451              13883367           9           0       0.000       0.000      85.988        7071528437    915      0     29          44    915
     GPU 0  0.000  0.000  0.000  0.000  0.000  0.000  0.000  0.000                937411                669579           9           0       0.000       0.000      85.988        7071528437    915      0     29          44    915
     GPU 0  0.000  0.000  0.000  0.000  0.000  0.000  0.000  0.000                937411                669579           9           0       0.000       0.000      85.988        7071528437    915      0     29          44    915
     GPU 0  0.000  0.000  0.000  0.000  0.000  0.000  0.000  0.000              10771373               6835213           9           0       0.000       0.000      85.988        7071528437    915      0     29          44    915
     GPU 0  0.000  0.000  0.000  0.000  0.000  0.000  0.000  0.000               9317795               7449078           9           0       0.000       0.000      85.690        7071537123    915      0     29          44    915
     GPU 0  0.000  0.000  0.000  0.000  0.000  0.000  0.000  0.000               9317795               7449078           9           0       0.000       0.000      85.690        7071537123    915      0     29          44    915
     GPU 0  0.000  0.000  0.000  0.000  0.000  0.000  0.000  0.000              13435889              10162519           9           0       0.000       0.000      85.690        7071537123    915      0     29          44    915
     GPU 0  0.000  0.000  0.000  0.000  0.000  0.000  0.000  0.000               1925119                163583           9           0       0.000       0.000      85.690        7071537123    915      0     29          44    915
     GPU 0  0.000  0.000  0.000  0.000  0.000  0.000  0.000  0.000               1920085                163500           9           0       0.000       0.000      85.690        7071537123    915      0     29          44    915
     GPU 0  0.000  0.000  0.000  0.000  0.000  0.000  0.000  0.000               4657061               1931414           9           0       0.000       0.000      85.690        7071537123    915      0     29          44    915
     GPU 0  0.000  0.000  0.000  0.000  0.000  0.000  0.000  0.000              10890780               6691925           0           0       0.000       0.000      85.690        7071545801    915      0     29          44    915

# Entity  GRACT  SMACT  SMOCC  TENSO  DRAMA  FP64A  FP32A  FP16A                 PCITX                 PCIRX       GPUTL       MCUTL       MUSAM       GUSAM       POWER             TOTEC  SACLK  PSTAT  TMPTR       MMTMP  SMCLK
      Id                                                                                                                                                               W                mJ                    C           C       
     GPU 0  0.000  0.000  0.000  0.000  0.000  0.000  0.000  0.000              10890780               6691925           0           0       0.000       0.000      85.690        7071545801    915      0     29          44    915
     GPU 0  0.000  0.000  0.000  0.000  0.000  0.000  0.000  0.000               5314427               1842381           0           0       0.000       0.000      85.690        7071545801    915      0     29          44    915
     GPU 0  0.000  0.000  0.000  0.000  0.000  0.000  0.000  0.000               5753396               3244722           0           0       0.000       0.000      85.690        7071545801    915      0     29          44    915
     GPU 0  0.000  0.000  0.000  0.000  0.000  0.000  0.000  0.000              10723410               6984354           0           0       0.000       0.000      85.690        7071554490    915      0     29          44    915
     GPU 0  0.000  0.000  0.000  0.000  0.000  0.000  0.000  0.000              10479016               6874907           0           0       0.000       0.000      85.690        7071554490    915      0     29          44    915
     GPU 0  0.000  0.000  0.000  0.000  0.000  0.000  0.000  0.000               5850989               3600194           0           0       0.000       0.000      85.690        7071554490    915      0     29          44    915
     GPU 0  0.000  0.000  0.000  0.000  0.000  0.000  0.000  0.000               8390623               5735065           0           0       0.000       0.000      85.690        7071554490    915      0     29          44    915
     GPU 0  0.000  0.000  0.000  0.000  0.000  0.000  0.000  0.000               8390623               5735065           0           0       0.000       0.000      85.690        7071554490    915      0     29          44    915
     GPU 0  0.000  0.000  0.000  0.000  0.000  0.000  0.000  0.000               8384424               5548428           0           0       0.000       0.000      85.690        7071554490    915      0     29          44    915
     GPU 0  0.000  0.000  0.000  0.000  0.000  0.000  0.000  0.000               9001444               5446729           0           0       0.000       0.000      85.690        7071563150    915      0     29          44    915
     GPU 0  0.000  0.000  0.000  0.000  0.000  0.000  0.000  0.000               9001444               5446729           0           0       0.000       0.000      85.690        7071563150    915      0     29          44    915
     GPU 0  0.000  0.000  0.000  0.000  0.000  0.000  0.000  0.000              12120679               8049810           0           0       0.000       0.000      85.690        7071563150    915      0     29          44    915
     GPU 0  0.000  0.000  0.000  0.000  0.000  0.000  0.000  0.000               3860670               3096398           0           0       0.000       0.000      85.690        7071563150    915      0     29          44    915
     GPU 0  0.000  0.000  0.000  0.000  0.000  0.000  0.000  0.000               3378759                274596           0           0       0.000       0.000      85.690        7071571835    915      0     29          44    915

# Entity  GRACT  SMACT  SMOCC  TENSO  DRAMA  FP64A  FP32A  FP16A                 PCITX                 PCIRX       GPUTL       MCUTL       MUSAM       GUSAM       POWER             TOTEC  SACLK  PSTAT  TMPTR       MMTMP  SMCLK
      Id                                                                                                                                                               W                mJ                    C           C       
     GPU 0  0.000  0.000  0.000  0.000  0.000  0.000  0.000  0.000               3380021                274693           0           0       0.000       0.000      85.690        7071571835    915      0     29          44    915
     GPU 0  0.000  0.000  0.000  0.000  0.000  0.000  0.000  0.000               4675679               2027101           0           0       0.000       0.000      85.690        7071571835    915      0     29          44    915
     GPU 0  0.000  0.000  0.000  0.000  0.000  0.000  0.000  0.000               6369315               3613780           0           0       0.000       0.000      85.690        7071571835    915      0     29          44    915
     GPU 0  0.000  0.000  0.000  0.000  0.000  0.000  0.000  0.000               6369315               3613780           0           0       0.000       0.000      85.690        7071571835    915      0     29          44    915
     GPU 0  0.000  0.000  0.000  0.000  0.000  0.000  0.000  0.000               8998604               6058907           0           0       0.000       0.000      85.690        7071571835    915      0     29          44    915
     GPU 0  0.000  0.000  0.000  0.000  0.000  0.000  0.000  0.000               8998604               6058907           0           0       0.000       0.000      85.690        7071580501    915      0     29          44    915
     GPU 0  0.000  0.000  0.000  0.000  0.000  0.000  0.000  0.000               5423063               3753232           0           0       0.000       0.000      85.690        7071580501    915      0     29          44    915
     GPU 0  0.000  0.000  0.000  0.000  0.000  0.000  0.000  0.000               8363869               4884136           0           0       0.000       0.000      85.690        7071580501    915      0     29          44    915
     GPU 0  0.000  0.000  0.000  0.000  0.000  0.000  0.000  0.000               5572245               2568577           0           0       0.000       0.000      85.690        7071580501    915      0     29          44    915
     GPU 0  0.000  0.000  0.000  0.000  0.000  0.000  0.000  0.000               6142899               3502827           0           0       0.000       0.000      85.690        7071589170    915      0     28          44    915
     GPU 0  0.000  0.000  0.000  0.000  0.000  0.000  0.000  0.000               9736838               5670799           0           0       0.000       0.000      85.690        7071589170    915      0     28          44    915
     GPU 0  0.000  0.000  0.000  0.000  0.000  0.000  0.000  0.000               9736838               5670799           0           0       0.000       0.000      85.690        7071589170    915      0     28          44    915
     GPU 0  0.000  0.000  0.000  0.000  0.000  0.000  0.000  0.000               7205161               5152765           0           0       0.000       0.000      85.690        7071589170    915      0     28          44    915
     GPU 0  0.000  0.000  0.000  0.000  0.000  0.000  0.000  0.000               6785062               3813008           0           0       0.000       0.000      85.690        7071589170    915      0     28          44    915

# Entity  GRACT  SMACT  SMOCC  TENSO  DRAMA  FP64A  FP32A  FP16A                 PCITX                 PCIRX       GPUTL       MCUTL       MUSAM       GUSAM       POWER             TOTEC  SACLK  PSTAT  TMPTR       MMTMP  SMCLK
      Id                                                                                                                                                               W                mJ                    C           C       
     GPU 0  0.000  0.000  0.000  0.000  0.000  0.000  0.000  0.000               9223943               6237752           0           0       0.000       0.000      85.690        7071589170    915      0     28          44    915
     GPU 0  0.000  0.000  0.000  0.000  0.000  0.000  0.000  0.000               9223943               6237752           0           0       0.000       0.000      85.690        7071597828    915      0     28          44    915
     GPU 0  0.000  0.000  0.000  0.000  0.000  0.000  0.000  0.000               9845909               5761439           0           0       0.000       0.000      85.690        7071597828    915      0     28          44    915
     GPU 0  0.000  0.000  0.000  0.000  0.000  0.000  0.000  0.000               4353426               1860158           0           0       0.000       0.000      85.690        7071597828    915      0     28          44    915
     GPU 0  0.000  0.000  0.000  0.000  0.000  0.000  0.000  0.000               7081149               3364509           0           0       0.000       0.000      85.690        7071597828    915      0     28          44    915
     GPU 0  0.000  0.000  0.000  0.000  0.000  0.000  0.000  0.000               6443536               3599602           0           0       0.000       0.000      85.690        7071606493    915      0     28          44    915
     GPU 0  0.000  0.000  0.000  0.000  0.000  0.000  0.000  0.000               9415159               5580426           0           0       0.000       0.000      85.690        7071606493    915      0     28          44    915
     GPU 0  0.000  0.000  0.000  0.000  0.000  0.000  0.000  0.000               9655733               6433656           0           0       0.000       0.000      85.690        7071606493    915      0     28          44    915
     GPU 0  0.000  0.000  0.000  0.000  0.000  0.000  0.000  0.000               9655733               6433656           0           0       0.000       0.000      85.690        7071606493    915      0     28          44    915
     GPU 0  0.000  0.000  0.000  0.000  0.000  0.000  0.000  0.000               9617241               6423075           0           0       0.000       0.000      85.690        7071606493    915      0     28          44    915
     GPU 0  0.000  0.000  0.000  0.000  0.000  0.000  0.000  0.000               6430147               3622946           0           0       0.000       0.000      85.690        7071606493    915      0     28          44    915
     GPU 0  0.000  0.000  0.000  0.000  0.000  0.000  0.000  0.000              10170694               6589818           0           0       0.000       0.000      85.400        7071615117    915      0     28          44    915
     GPU 0  0.000  0.000  0.000  0.000  0.000  0.000  0.000  0.000              10170694               6589818           0           0       0.000       0.000      85.400        7071615117    915      0     28          44    915
     GPU 0  0.000  0.000  0.000  0.000  0.000  0.000  0.000  0.000               2297523                330971           0           0       0.000       0.000      85.400        7071615117    915      0     28          44    915

# Entity  GRACT  SMACT  SMOCC  TENSO  DRAMA  FP64A  FP32A  FP16A                 PCITX                 PCIRX       GPUTL       MCUTL       MUSAM       GUSAM       POWER             TOTEC  SACLK  PSTAT  TMPTR       MMTMP  SMCLK
      Id                                                                                                                                                               W                mJ                    C           C       
     GPU 0  0.000  0.000  0.000  0.000  0.000  0.000  0.000  0.000               9404230               6654804           0           0       0.000       0.000      85.400        7071615117    915      0     28          44    915
     GPU 0  0.000  0.000  0.000  0.000  0.000  0.000  0.000  0.000               9428253               6787859           0           0       0.000       0.000      85.400        7071623729    915      0     28          44    915
     GPU 0  0.000  0.000  0.000  0.000  0.000  0.000  0.000  0.000               7409751               4863192           0           0       0.000       0.000      85.158        7071623729    915      0     28          44    915
     GPU 0  0.000  0.000  0.000  0.000  0.000  0.000  0.000  0.000               3475427                441427           0           0       0.000       0.000      85.158        7071623729    915      0     28          44    915
     GPU 0  0.000  0.000  0.000  0.000  0.000  0.000  0.000  0.000               3880229               1757793           0           0       0.000       0.000      85.158        7071623729    915      0     28          44    915
     GPU 0  0.000  0.000  0.000  0.000  0.000  0.000  0.000  0.000               3880229               1757793           0           0       0.000       0.000      85.158        7071623729    915      0     28          44    915
     GPU 0  0.000  0.000  0.000  0.000  0.000  0.000  0.000  0.000               6469403               3610782           0           0       0.000       0.000      85.158        7071623729    915      0     28          44    915
     GPU 0  0.000  0.000  0.000  0.000  0.000  0.000  0.000  0.000               8357263               5153581           0           0       0.000       0.000      85.158        7071632364    915      0     28          44    915
     GPU 0  0.000  0.000  0.000  0.000  0.000  0.000  0.000  0.000               8357263               5153581           0           0       0.000       0.000      85.158        7071632364    915      0     28          44    915
     GPU 0  0.000  0.000  0.000  0.000  0.000  0.000  0.000  0.000               4403741               3361819           0           0       0.000       0.000      85.158        7071632364    915      0     28          44    915
     GPU 0  0.000  0.000  0.000  0.000  0.000  0.000  0.000  0.000               5110659               2196464           0           0       0.000       0.000      85.158        7071632364    915      0     28          44    915
