# Entity  GRACT  SMACT  SMOCC  TENSO  DRAMA  FP64A  FP32A  FP16A                 PCITX                 PCIRX       GPUTL       MCUTL       MUSAM       GUSAM       POWER             TOTEC  SACLK  PSTAT  TMPTR       MMTMP  SMCLK
      Id                                                                                                                                                               W                mJ                    C           C       
     GPU 0  0.000  0.000  0.000  0.000  0.000  0.000  0.000  0.000             128256513              10688042           0           0       0.000       0.000      78.092        2207551278   1275      0     27          43    210
     GPU 0  0.000  0.000  0.000  0.000  0.000  0.000  0.000  0.000               9399670               5274180           0           0       0.000       0.000      78.092        2207551278   1275      0     27          44    210
     GPU 0  0.000  0.000  0.000  0.000  0.000  0.000  0.000  0.000               9399670               5274180           0           0       0.000       0.000      78.092        2207551278   1275      0     27          43    210
     GPU 0  0.000  0.000  0.000  0.000  0.000  0.000  0.000  0.000               9131410               6325910           0           0       0.000       0.000      78.092        2207551278   1275      0     27          44    210
     GPU 0  0.000  0.000  0.000  0.000  0.000  0.000  0.000  0.000               5400088               2951163           0           0       0.000       0.000      78.092        2207551278   1275      0     27          43    210
     GPU 0  0.000  0.000  0.000  0.000  0.000  0.000  0.000  0.000               6824862               4326771           0           0       0.000       0.000      78.632        2207559218   1275      0     27          43    210
     GPU 0  0.000  0.000  0.000  0.000  0.000  0.000  0.000  0.000               9356749               6604110           0           0       0.000       0.000      78.632        2207559218   1275      0     27          44    210
     GPU 0  0.000  0.000  0.000  0.000  0.000  0.000  0.000  0.000               9356749               6604110           0           0       0.000       0.000      78.632        2207559218   1275      0     27          43    210
     GPU 0  0.000  0.000  0.000  0.000  0.000  0.000  0.000  0.000               5199063               3720432           0           0       0.000       0.000      78.632        2207559218   1275      0     27          43    210
     GPU 0  0.000  0.000  0.000  0.000  0.000  0.000  0.000  0.000               3021926                274720           0           0       0.000       0.000      78.632        2207559218   1275      0     27          43    210
     GPU 0  0.000  0.000  0.000  0.000  0.000  0.000  0.000  0.000               5469693               1786633           0           0       0.000       0.000      78.632        2207567171   1275      0     27          43    210
     GPU 0  0.000  0.000  0.000  0.000  0.000  0.000  0.000  0.000               9493977               3779284           0           0       0.000       0.000      78.632        2207567171   1275      0     27          44    210
     GPU 0  0.000  0.000  0.000  0.000  0.000  0.000  0.000  0.000               9493977               3779284           0           0       0.000       0.000      78.632        2207567171   1275      0     27          43    210
     GPU 0  0.000  0.000  0.000  0.000  0.000  0.000  0.000  0.000               7579636               4887701           0           0       0.000       0.000      78.632        2207567171   1275      0     27          43    210
     GPU 0  0.000  0.000  0.000  0.000  0.000  0.000  0.000  0.000               4868163               3493812           0           0       0.000       0.000      78.632        2207567171   1275      0     27          43    210

# Entity  GRACT  SMACT  SMOCC  TENSO  DRAMA  FP64A  FP32A  FP16A                 PCITX                 PCIRX       GPUTL       MCUTL       MUSAM       GUSAM       POWER             TOTEC  SACLK  PSTAT  TMPTR       MMTMP  SMCLK
      Id                                                                                                                                                               W                mJ                    C           C       
     GPU 0  0.000  0.000  0.000  0.000  0.000  0.000  0.000  0.000               6581081               4822637           0           0       0.000       0.000      78.632        2207575139   1275      0     27          43    210
     GPU 0  0.000  0.000  0.000  0.000  0.000  0.000  0.000  0.000               6581081               4822637           0           0       0.000       0.000      78.632        2207575139   1275      0     27          43    210
     GPU 0  0.000  0.000  0.000  0.000  0.000  0.000  0.000  0.000               2856384               1611112           0           0       0.000       0.000      78.632        2207575139   1275      0     27          44    210
     GPU 0  0.000  0.000  0.000  0.000  0.000  0.000  0.000  0.000               3062472                232740           0           0       0.000       0.000      78.632        2207575139   1275      0     27          44    210
     GPU 0  0.000  0.000  0.000  0.000  0.000  0.000  0.000  0.000               3060509                274425           0           0       0.000       0.000      78.632        2207575139   1275      0     27          43    210
     GPU 0  0.000  0.000  0.000  0.000  0.000  0.000  0.000  0.000               7385461               3570135           0           0       0.000       0.000      78.632        2207583100   1275      0     27          43    210
     GPU 0  0.000  0.000  0.000  0.000  0.000  0.000  0.000  0.000              10152927               4436279           0           0       0.000       0.000      78.923        2207583100   1275      0     27          44    210
     GPU 0  0.000  0.000  0.000  0.000  0.000  0.000  0.000  0.000              10152927               4436279           0           0       0.000       0.000      78.923        2207583100   1275      0     27          43    210
     GPU 0  0.000  0.000  0.000  0.000  0.000  0.000  0.000  0.000               6947088               3937977           0           0       0.000       0.000      78.923        2207583100   1275      0     27          44    210
     GPU 0  0.000  0.000  0.000  0.000  0.000  0.000  0.000  0.000               8887717               8686004           0           0       0.000       0.000      78.923        2207583100   1275      0     27          43    210
     GPU 0  0.000  0.000  0.000  0.000  0.000  0.000  0.000  0.000               8887717               8686004           0           0       0.000       0.000      78.632        2207591021   1275      0     27          43    210
     GPU 0  0.000  0.000  0.000  0.000  0.000  0.000  0.000  0.000               4746987               3281005           0           0       0.000       0.000      78.632        2207591021   1275      0     27          43    210
     GPU 0  0.000  0.000  0.000  0.000  0.000  0.000  0.000  0.000               8719427              15277628           0           0       0.000       0.000      78.632        2207591021   1275      0     27          43    210
     GPU 0  0.000  0.000  0.000  0.000  0.000  0.000  0.000  0.000              11415022              19438428           0           0       0.000       0.000      78.632        2207591021   1275      0     27          43    210

# Entity  GRACT  SMACT  SMOCC  TENSO  DRAMA  FP64A  FP32A  FP16A                 PCITX                 PCIRX       GPUTL       MCUTL       MUSAM       GUSAM       POWER             TOTEC  SACLK  PSTAT  TMPTR       MMTMP  SMCLK
      Id                                                                                                                                                               W                mJ                    C           C       
     GPU 0  0.000  0.000  0.000  0.000  0.000  0.000  0.000  0.000              11415022              19438428           0           0       0.000       0.000      78.632        2207591021   1275      0     27          43    210
     GPU 0  0.000  0.000  0.000  0.000  0.000  0.000  0.000  0.000               9757594               6672935           0           0       0.000       0.000      78.632        2207598972   1275      0     27          43    210
     GPU 0  0.000  0.000  0.000  0.000  0.000  0.000  0.000  0.000               7699793               5332025           0           0       0.000       0.000      78.632        2207598972   1275      0     27          43    210
     GPU 0  0.000  0.000  0.000  0.000  0.000  0.000  0.000  0.000               7699793               5332025           0           0       0.000       0.000      78.632        2207598972   1275      0     27          43    210
     GPU 0  0.000  0.000  0.000  0.000  0.000  0.000  0.000  0.000               5589562               3645366           0           0       0.000       0.000      78.632        2207598972   1275      0     27          43    210
     GPU 0  0.000  0.000  0.000  0.000  0.000  0.000  0.000  0.000                997214                613670           0           0       0.000       0.000      78.632        2207598972   1275      0     27          43    210
     GPU 0  0.000  0.000  0.000  0.000  0.000  0.000  0.000  0.000               1671210               2841057           0           0       0.000       0.000      78.632        2207598972   1275      0     27          43    210
     GPU 0  0.000  0.000  0.000  0.000  0.000  0.000  0.000  0.000               1671210               2841057           0           0       0.000       0.000      78.632        2207606927   1275      0     27          43    210
     GPU 0  0.000  0.000  0.000  0.000  0.000  0.000  0.000  0.000              13065091               7339354           0           0       0.000       0.000      78.632        2207606927   1275      0     27          43    210
     GPU 0  0.000  0.000  0.000  0.000  0.000  0.000  0.000  0.000               9553239               6607909           0           0       0.000       0.000      78.632        2207606927   1275      0     27          43    210
     GPU 0  0.000  0.000  0.000  0.000  0.000  0.000  0.000  0.000               9553239               6607909           0           0       0.000       0.000      78.632        2207606927   1275      0     27          43    210
     GPU 0  0.000  0.000  0.000  0.000  0.000  0.000  0.000  0.000               9553239               6607909           0           0       0.000       0.000      78.632        2207614916   1275      0     27          43    210
     GPU 0  0.000  0.000  0.000  0.000  0.000  0.000  0.000  0.000               1628355               2368517           0           0       0.000       0.000      78.632        2207614916   1275      0     27          43    210
     GPU 0  0.000  0.000  0.000  0.000  0.000  0.000  0.000  0.000               1628355               2368517           0           0       0.000       0.000      78.632        2207614916   1275      0     27          43    210

# Entity  GRACT  SMACT  SMOCC  TENSO  DRAMA  FP64A  FP32A  FP16A                 PCITX                 PCIRX       GPUTL       MCUTL       MUSAM       GUSAM       POWER             TOTEC  SACLK  PSTAT  TMPTR       MMTMP  SMCLK
      Id                                                                                                                                                               W                mJ                    C           C       
     GPU 0  0.000  0.000  0.000  0.000  0.000  0.000  0.000  0.000              11503959              13511361           0           0       0.000       0.000      78.632        2207614916   1275      0     27          43    210
     GPU 0  0.000  0.000  0.000  0.000  0.000  0.000  0.000  0.000               6051132              21622711           0           0       0.000       0.000      78.632        2207614916   1275      0     27          43    210
     GPU 0  0.000  0.000  0.000  0.000  0.000  0.000  0.000  0.000               5923366              20320437           0           0       0.000       0.000      78.632        2207622846   1275      0     27          44    210
     GPU 0  0.000  0.000  0.000  0.000  0.000  0.000  0.000  0.000              10428299              13721447           0           0       0.000       0.000      78.632        2207622846   1275      0     27          44    210
     GPU 0  0.000  0.000  0.000  0.000  0.000  0.000  0.000  0.000              10428299              13721447           0           0       0.000       0.000      78.632        2207622846   1275      0     27          44   1275
     GPU 0  0.065  0.000  0.000  0.000  0.000  0.000  0.000  0.000              19749592              18140528           0           0       0.000       0.000      78.632        2207622846   1275      0     27          44   1275
     GPU 0  0.077  0.000  0.000  0.000  0.000  0.000  0.000  0.000              98647319             860218878           4           0       0.000       4.000      78.632        2207622846   1275      0     27          43   1275
     GPU 0  0.509  0.000  0.000  0.000  0.001  0.000  0.000  0.000               8965518              67548119           4           0       0.000       4.000      78.632        2207622846   1275      0     27          44   1275
     GPU 0  0.509  0.000  0.000  0.000  0.001  0.000  0.000  0.000               8965518              67548119           4           0       0.000       4.000      96.264        2207631903   1275      0     28          43   1275
     GPU 0  1.000  0.944  0.756  0.000  0.001  0.000  0.626  0.000               1826880               1288573           4           0       0.000       4.000      96.264        2207631903   1275      0     28          43   1275
     GPU 0  1.000  0.957  0.762  0.000  0.002  0.000  0.634  0.000               4698382               3304925           4           0       0.000       4.000      96.264        2207631903   1275      0     30          44   1275
     GPU 0  1.000  0.000  0.000  0.000  0.002  0.000  0.000  0.000               5272754               3749078           4           0       0.000       4.000      96.264        2207631903   1275      0     32          44   1275
     GPU 0  1.000  0.947  0.748  0.000  0.002  0.000  0.625  0.000               7141321               5299428           4           0       0.000       4.000     225.429        2207652896   1275      0     32          43   1275
     GPU 0  1.000  0.946  0.755  0.000  0.002  0.000  0.610  0.000               9684289               6917723           4           0       0.000       4.000     225.429        2207652896   1275      0     32          44   1275

# Entity  GRACT  SMACT  SMOCC  TENSO  DRAMA  FP64A  FP32A  FP16A                 PCITX                 PCIRX       GPUTL       MCUTL       MUSAM       GUSAM       POWER             TOTEC  SACLK  PSTAT  TMPTR       MMTMP  SMCLK
      Id                                                                                                                                                               W                mJ                    C           C       
     GPU 0  1.000  0.000  0.000  0.000  0.002  0.000  0.000  0.000              10666420               8253686           4           0       0.000       4.000     225.429        2207652896   1275      0     33          44   1275
     GPU 0  1.000  0.000  0.000  0.000  0.002  0.000  0.000  0.000              10666420               8253686           4           0       0.000       4.000     225.429        2207652896   1275      0     33          44   1275
     GPU 0  1.000  0.949  0.757  0.000  0.002  0.000  0.628  0.000              10486483               7683234           4           0       0.000      90.000     225.429        2207652896   1275      0     33          44   1275
     GPU 0  1.000  0.947  0.759  0.000  0.002  0.000  0.626  0.000               9685600               7044495          91           0       0.000      90.000     225.429        2207652896   1275      0     34          44   1275
     GPU 0  1.000  0.000  0.000  0.000  0.002  0.000  0.000  0.000              11785948               7664838          91           0       0.000      90.000     221.639        2207675486   1275      0     34          44   1275
     GPU 0  1.000  0.945  0.759  0.000  0.002  0.000  0.606  0.000              11045970               8224788          91           0       0.000      90.000     221.639        2207675486   1275      0     34          44   1275
     GPU 0  1.000  0.940  0.734  0.000  0.002  0.000  0.619  0.000              11413420               8676884          91           0       0.000      90.000     221.639        2207675486   1275      0     34          44   1275
     GPU 0  1.000  0.940  0.734  0.000  0.002  0.000  0.619  0.000              11413420               8676884          91           0       0.000      90.000     221.639        2207675486   1275      0     34          44   1275
     GPU 0  1.000  0.000  0.000  0.000  0.002  0.000  0.000  0.000              11147853               8396497          91           0       0.000      90.000     224.601        2207697855   1275      0     34          44   1275
     GPU 0  1.000  0.947  0.753  0.000  0.002  0.000  0.618  0.000              10559379               7853062          91           0       0.000      90.000     224.601        2207697855   1275      0     35          44   1275
     GPU 0  1.000  0.948  0.765  0.000  0.002  0.000  0.630  0.000              11193552               8364618          91           0       0.000      90.000     224.601        2207697855   1275      0     35          44   1275
     GPU 0  1.000  0.000  0.000  0.000  0.002  0.000  0.000  0.000              10726068               7606886          91           0       0.000      90.000     224.601        2207697855   1275      0     35          44   1275
     GPU 0  1.000  0.954  0.762  0.000  0.002  0.000  0.632  0.000              11912637               7936017          91           0       0.000      99.000     224.601        2207697855   1275      0     35          44   1275
     GPU 0  1.000  0.943  0.777  0.000  0.001  0.000  0.627  0.000               3377148               1441940         100           0       0.000      99.000     224.601        2207697855   1275      0     35          44   1275

# Entity  GRACT  SMACT  SMOCC  TENSO  DRAMA  FP64A  FP32A  FP16A                 PCITX                 PCIRX       GPUTL       MCUTL       MUSAM       GUSAM       POWER             TOTEC  SACLK  PSTAT  TMPTR       MMTMP  SMCLK
      Id                                                                                                                                                               W                mJ                    C           C       
     GPU 0  1.000  0.000  0.000  0.000  0.002  0.000  0.000  0.000               3429445               1453570         100           0       0.000      99.000     226.251        2207720792   1275      0     35          44   1275
     GPU 0  1.000  0.000  0.000  0.000  0.002  0.000  0.000  0.000               3429445               1453570         100           0       0.000      99.000     226.251        2207720792   1275      0     35          44   1275
     GPU 0  1.000  0.944  0.742  0.000  0.002  0.000  0.608  0.000               2504214               1813922         100           0       0.000      99.000     226.251        2207720792   1275      0     35          44   1275
     GPU 0  1.000  0.955  0.778  0.000  0.002  0.000  0.634  0.000               2297464               1530966         100           0       0.000      99.000     226.251        2207720792   1275      0     35          44   1275
     GPU 0  1.000  0.000  0.000  0.000  0.002  0.000  0.000  0.000               4853459               3397040         100           0       0.000      99.000     222.999        2207743191   1275      0     36          44   1275
     GPU 0  1.000  0.943  0.745  0.000  0.002  0.000  0.606  0.000               5400914               4024867         100           0       0.000      99.000     222.999        2207743191   1275      0     36          44   1275
     GPU 0  1.000  0.947  0.758  0.000  0.002  0.000  0.628  0.000               7477257               5568031         100           0       0.000      99.000     222.999        2207743191   1275      0     36          44   1275
     GPU 0  1.000  0.000  0.000  0.000  0.002  0.000  0.000  0.000              12952380               9746734         100           0       0.000      99.000     222.999        2207743191   1275      0     36          44   1275
     GPU 0  1.000  0.948  0.762  0.000  0.002  0.000  0.610  0.000              17038575              11825860         100           0       0.000      99.000     222.999        2207743191   1275      0     36          44   1275
     GPU 0  1.000  0.948  0.762  0.000  0.002  0.000  0.610  0.000              17038575              11825860         100           0       0.000      99.000     222.999        2207743191   1275      0     36          44   1275
     GPU 0  1.000  0.948  0.762  0.000  0.002  0.000  0.610  0.000              17038575              11825860         100           0       0.000      99.000     225.133        2207743191   1275      0     36          44   1275
     GPU 0  1.000  0.948  0.762  0.000  0.002  0.000  0.610  0.000              17038575              11825860         100           0       0.000      99.000     225.133        2207743191   1275      0     36          44   1275
     GPU 0  1.000  0.000  0.000  0.000  0.002  0.000  0.000  0.000              20085427              11410031         100           0       0.000      99.000     225.133        2207769208   1275      0     36          44   1275
     GPU 0  1.000  0.955  0.764  0.000  0.002  0.000  0.635  0.000               5984128               4380712         100           0       0.000      99.000     225.133        2207769208   1275      0     36          44   1275

# Entity  GRACT  SMACT  SMOCC  TENSO  DRAMA  FP64A  FP32A  FP16A                 PCITX                 PCIRX       GPUTL       MCUTL       MUSAM       GUSAM       POWER             TOTEC  SACLK  PSTAT  TMPTR       MMTMP  SMCLK
      Id                                                                                                                                                               W                mJ                    C           C       
     GPU 0  1.000  0.000  0.000  0.000  0.002  0.000  0.000  0.000               6345505               5246037         100           0       0.000      99.000     225.133        2207788765   1275      0     36          44   1275
     GPU 0  1.000  0.000  0.000  0.000  0.002  0.000  0.000  0.000               6345505               5246037         100           0       0.000      99.000     217.020        2207788765   1275      0     36          44   1275
     GPU 0  1.000  0.949  0.765  0.000  0.001  0.000  0.627  0.000               9866626               7656121         100           0       0.000      99.000     217.020        2207788765   1275      0     36          44   1275
     GPU 0  1.000  0.937  0.742  0.000  0.002  0.000  0.595  0.000               7109102               5789387         100           0       0.000      99.000     217.020        2207788765   1275      0     36          44   1275
     GPU 0  1.000  0.000  0.000  0.000  0.002  0.000  0.000  0.000               8877504               6595769         100           0       0.000      99.000     217.020        2207788765   1275      0     36          44   1275
     GPU 0  1.000  0.944  0.763  0.000  0.002  0.000  0.624  0.000               5977491               5115257         100           0       0.000      99.000     217.020        2207788765   1275      0     36          44   1275
     GPU 0  1.000  0.944  0.763  0.000  0.002  0.000  0.624  0.000               5977491               5115257         100           0       0.000      99.000     218.139        2207810835   1275      0     36          44   1275
     GPU 0  1.000  0.946  0.771  0.000  0.001  0.000  0.628  0.000               7451555               5195489         100           0       0.000      99.000     218.139        2207810835   1275      0     36          44   1275
     GPU 0  1.000  0.000  0.000  0.000  0.002  0.000  0.000  0.000               8291693               6281980         100           0       0.000      99.000     218.139        2207810835   1275      0     36          44   1275
     GPU 0  1.000  0.944  0.736  0.000  0.002  0.000  0.620  0.000               6775224               5353715         100           0       0.000      99.000     218.139        2207810835   1275      0     37          44   1275
     GPU 0  1.000  0.950  0.763  0.000  0.002  0.000  0.629  0.000               8508740               6571213         100           0       0.000      99.000     216.779        2207810835   1275      0     37          44   1275
     GPU 0  1.000  0.950  0.763  0.000  0.002  0.000  0.629  0.000               8508740               6571213         100           0       0.000      99.000     216.779        2207833136   1275      0     37          44   1275
     GPU 0  1.000  0.000  0.000  0.000  0.002  0.000  0.000  0.000               9597917               7246303         100           0       0.000      99.000     216.779        2207833136   1275      0     37          44   1275
     GPU 0  1.000  0.947  0.749  0.000  0.002  0.000  0.621  0.000               8899935               6706680         100           0       0.000      99.000     216.779        2207833136   1275      0     37          44   1275

# Entity  GRACT  SMACT  SMOCC  TENSO  DRAMA  FP64A  FP32A  FP16A                 PCITX                 PCIRX       GPUTL       MCUTL       MUSAM       GUSAM       POWER             TOTEC  SACLK  PSTAT  TMPTR       MMTMP  SMCLK
      Id                                                                                                                                                               W                mJ                    C           C       
     GPU 0  1.000  0.954  0.775  0.000  0.001  0.000  0.633  0.000               8655377               6680007         100           0       0.000      99.000     216.779        2207833136   1275      0     37          44   1275
     GPU 0  1.000  0.000  0.000  0.000  0.001  0.000  0.000  0.000               8854409               6707569         100           0       0.000      99.000     216.779        2207854842   1275      0     37          44   1275
     GPU 0  1.000  0.951  0.765  0.000  0.002  0.000  0.630  0.000               8356173               6529625         100           0       0.000      99.000     217.552        2207854842   1275      0     37          44   1275
     GPU 0  1.000  0.948  0.759  0.000  0.002  0.000  0.620  0.000              11033687               7590128         100           0       0.000      99.000     217.552        2207854842   1275      0     37          44   1275
     GPU 0  1.000  0.000  0.000  0.000  0.001  0.000  0.000  0.000               3537675               3337157         100           0       0.000      99.000     217.552        2207854842   1275      0     37          44   1275
     GPU 0  1.000  0.953  0.766  0.000  0.001  0.000  0.631  0.000               3431852               1371390         100           0       0.000      99.000     217.552        2207854842   1275      0     37          45   1275
     GPU 0  1.000  0.953  0.766  0.000  0.001  0.000  0.631  0.000               3431852               1371390         100           0       0.000      99.000     217.552        2207854842   1275      0     37          44   1275
     GPU 0  1.000  0.951  0.779  0.000  0.001  0.000  0.633  0.000               3596591               1370440         100           0       0.000      99.000     222.702        2207877477   1275      0     37          45   1275
     GPU 0  1.000  0.000  0.000  0.000  0.002  0.000  0.000  0.000               5181036               3623661         100           0       0.000      99.000     222.702        2207877477   1275      0     37          44   1275
     GPU 0  1.000  0.956  0.761  0.000  0.002  0.000  0.619  0.000               6917212               5064356         100           0       0.000      99.000     222.702        2207877477   1275      0     37          45   1275
     GPU 0  1.000  0.947  0.756  0.000  0.002  0.000  0.628  0.000               9320752               7043794         100           0       0.000      99.000     222.702        2207877477   1275      0     37          45   1275
     GPU 0  1.000  0.000  0.000  0.000  0.002  0.000  0.000  0.000              10008172               8044891         100           0       0.000      99.000     222.702        2207899506   1275      0     37          45   1275
     GPU 0  1.000  0.000  0.000  0.000  0.002  0.000  0.000  0.000              10008172               8044891         100           0       0.000      99.000     220.272        2207899506   1275      0     37          45   1275
     GPU 0  1.000  0.943  0.739  0.000  0.002  0.000  0.602  0.000               8116220               7112458         100           0       0.000      99.000     220.272        2207899506   1275      0     37          45   1275

# Entity  GRACT  SMACT  SMOCC  TENSO  DRAMA  FP64A  FP32A  FP16A                 PCITX                 PCIRX       GPUTL       MCUTL       MUSAM       GUSAM       POWER             TOTEC  SACLK  PSTAT  TMPTR       MMTMP  SMCLK
      Id                                                                                                                                                               W                mJ                    C           C       
     GPU 0  1.000  0.943  0.750  0.000  0.001  0.000  0.623  0.000               7983649               5912247         100           0       0.000      99.000     220.272        2207899506   1275      0     37          45   1275
     GPU 0  1.000  0.000  0.000  0.000  0.002  0.000  0.000  0.000               3795784               3552104         100           0       0.000      99.000     220.272        2207899506   1275      0     37          45   1275
     GPU 0  1.000  0.000  0.000  0.000  0.002  0.000  0.000  0.000               3795784               3552104         100           0       0.000      99.000     220.272        2207899506   1275      0     37          45   1275
     GPU 0  1.000  0.938  0.753  0.000  0.001  0.000  0.619  0.000               3660511               2153285         100           0       0.000      99.000     221.881        2207922028   1275      0     37          45   1275
     GPU 0  1.000  0.949  0.747  0.000  0.001  0.000  0.631  0.000               3553594               1602980         100           0       0.000      99.000     221.881        2207922028   1275      0     38          45   1275
     GPU 0  1.000  0.000  0.000  0.000  0.001  0.000  0.000  0.000               4561856               3147262         100           0       0.000      99.000     221.881        2207922028   1275      0     38          45   1275
     GPU 0  1.000  0.950  0.768  0.000  0.001  0.000  0.630  0.000               7093622               4953662         100           0       0.000      99.000     221.881        2207922028   1275      0     38          45   1275
     GPU 0  1.000  0.950  0.768  0.000  0.001  0.000  0.630  0.000               7093622               4953662         100           0       0.000      99.000     221.881        2207922028   1275      0     38          45   1275
     GPU 0  1.000  0.950  0.768  0.000  0.001  0.000  0.630  0.000               7093622               4953662         100           0       0.000      99.000     221.881        2207922028   1275      0     38          45   1275
     GPU 0  1.000  0.950  0.768  0.000  0.001  0.000  0.630  0.000               7093622               4953662         100           0       0.000      99.000     221.881        2207922028   1275      0     38          45   1275
     GPU 0  1.000  0.000  0.000  0.000  0.001  0.000  0.000  0.000              17850979              10466581         100           0       0.000      99.000     220.569        2207947003   1275      0     38          45   1275
     GPU 0  1.000  0.952  0.756  0.000  0.002  0.000  0.614  0.000               8582826               5801308         100           0       0.000      99.000     220.569        2207947003   1275      0     38          45   1275
     GPU 0  1.000  0.952  0.756  0.000  0.002  0.000  0.614  0.000               8582826               5801308         100           0       0.000      99.000     220.569        2207947003   1275      0     38          45   1275
     GPU 0  1.000  0.952  0.749  0.000  0.002  0.000  0.630  0.000               6372295               5277142         100           0       0.000      99.000     221.101        2207966948   1275      0     38          45   1275

# Entity  GRACT  SMACT  SMOCC  TENSO  DRAMA  FP64A  FP32A  FP16A                 PCITX                 PCIRX       GPUTL       MCUTL       MUSAM       GUSAM       POWER             TOTEC  SACLK  PSTAT  TMPTR       MMTMP  SMCLK
      Id                                                                                                                                                               W                mJ                    C           C       
     GPU 0  1.000  0.000  0.000  0.000  0.001  0.000  0.000  0.000              11291690               8615155         100           0       0.000      99.000     221.101        2207966948   1275      0     38          45   1275
     GPU 0  1.000  0.939  0.748  0.000  0.002  0.000  0.619  0.000               7660588               6065288         100           0       0.000      99.000     221.101        2207966948   1275      0     38          45   1275
     GPU 0  1.000  0.948  0.786  0.000  0.002  0.000  0.630  0.000               4509081               3070791         100           0       0.000      99.000     221.101        2207966948   1275      0     38          45   1275
     GPU 0  1.000  0.000  0.000  0.000  0.002  0.000  0.000  0.000               5894134               4920267         100           0       0.000      99.000     221.101        2207966948   1275      0     38          45   1275
     GPU 0  1.000  0.000  0.000  0.000  0.002  0.000  0.000  0.000               5894134               4920267         100           0       0.000      99.000     218.670        2207989285   1275      0     38          45   1275
     GPU 0  1.000  0.945  0.762  0.000  0.002  0.000  0.627  0.000               8537986               6723554         100           0       0.000      99.000     218.670        2207989285   1275      0     38          45   1275
     GPU 0  1.000  0.955  0.756  0.000  0.002  0.000  0.615  0.000               9237129               7469767         100           0       0.000      99.000     218.670        2207989285   1275      0     38          45   1275
     GPU 0  1.000  0.000  0.000  0.000  0.002  0.000  0.000  0.000               9919736               6786170         100           0       0.000      99.000     218.670        2207989285   1275      0     38          45   1275
     GPU 0  1.000  0.000  0.000  0.000  0.002  0.000  0.000  0.000               9919736               6786170         100           0       0.000      99.000     218.670        2207989285   1275      0     38          45   1275
     GPU 0  1.000  0.954  0.763  0.000  0.002  0.000  0.615  0.000               3470210               1537295         100           0       0.000      99.000     221.639        2208011828   1275      0     38          45   1275
     GPU 0  1.000  0.965  0.718  0.000  0.002  0.000  0.633  0.000               3591846               1536618         100           0       0.000      99.000     221.639        2208011828   1275      0     38          45   1275
     GPU 0  1.000  0.000  0.000  0.000  0.002  0.000  0.000  0.000               2218787               1364386         100           0       0.000      99.000     221.639        2208011828   1275      0     38          45   1275
     GPU 0  1.000  0.948  0.758  0.000  0.002  0.000  0.627  0.000               8103135               5590110         100           0       0.000      99.000     221.639        2208011828   1275      0     38          45   1275
     GPU 0  1.000  0.949  0.751  0.000  0.002  0.000  0.621  0.000               8299217               6063766         100           0       0.000      99.000     221.639        2208011828   1275      0     38          45   1275

# Entity  GRACT  SMACT  SMOCC  TENSO  DRAMA  FP64A  FP32A  FP16A                 PCITX                 PCIRX       GPUTL       MCUTL       MUSAM       GUSAM       POWER             TOTEC  SACLK  PSTAT  TMPTR       MMTMP  SMCLK
      Id                                                                                                                                                               W                mJ                    C           C       
     GPU 0  1.000  0.949  0.751  0.000  0.002  0.000  0.621  0.000               8299217               6063766         100           0       0.000      99.000     220.272        2208034038   1275      0     38          45   1275
     GPU 0  1.000  0.000  0.000  0.000  0.001  0.000  0.000  0.000              10305542               7966012         100           0       0.000      99.000     220.272        2208034038   1275      0     38          45   1275
     GPU 0  1.000  0.958  0.771  0.000  0.001  0.000  0.636  0.000               9559934               7542690         100           0       0.000      99.000     220.272        2208034038   1275      0     38          45   1275
     GPU 0  1.000  0.945  0.743  0.000  0.002  0.000  0.619  0.000               8694251               6730439         100           0       0.000      99.000     220.272        2208034038   1275      0     38          45   1275
     GPU 0  1.000  0.000  0.000  0.000  0.001  0.000  0.000  0.000               5354427               3910343         100           0       0.000      99.000     220.272        2208034038   1275      0     38          45   1275
     GPU 0  1.000  0.000  0.000  0.000  0.001  0.000  0.000  0.000               5354427               3910343         100           0       0.000      99.000     221.881        2208056620   1275      0     38          45   1275
     GPU 0  1.000  0.945  0.761  0.000  0.001  0.000  0.626  0.000              10702206               8121430         100           0       0.000      99.000     221.881        2208056620   1275      0     38          45   1275
     GPU 0  1.000  0.944  0.737  0.000  0.002  0.000  0.621  0.000               7036036               5862241         100           0       0.000      99.000     221.881        2208056620   1275      0     38          45   1275
     GPU 0  1.000  0.000  0.000  0.000  0.002  0.000  0.000  0.000               2656293               1486476         100           0       0.000      99.000     221.881        2208056620   1275      0     38          45   1275
     GPU 0  1.000  0.947  0.747  0.000  0.002  0.000  0.608  0.000               4575578               3349670         100           0       0.000      99.000     221.881        2208056620   1275      0     38          45   1275
     GPU 0  1.000  0.947  0.747  0.000  0.002  0.000  0.608  0.000               4575578               3349670         100           0       0.000      99.000     221.101        2208078798   1275      0     38          45   1275
     GPU 0  1.000  0.941  0.734  0.000  0.002  0.000  0.618  0.000               7018035               5179507         100           0       0.000      99.000     221.101        2208078798   1275      0     38          45   1275
     GPU 0  1.000  0.000  0.000  0.000  0.002  0.000  0.000  0.000              10706372               7774835         100           0       0.000      99.000     221.101        2208078798   1275      0     38          45   1275
     GPU 0  1.000  0.000  0.000  0.000  0.002  0.000  0.000  0.000              10706372               7774835         100           0       0.000      99.000     221.101        2208078798   1275      0     38          45   1275

# Entity  GRACT  SMACT  SMOCC  TENSO  DRAMA  FP64A  FP32A  FP16A                 PCITX                 PCIRX       GPUTL       MCUTL       MUSAM       GUSAM       POWER             TOTEC  SACLK  PSTAT  TMPTR       MMTMP  SMCLK
      Id                                                                                                                                                               W                mJ                    C           C       
     GPU 0  1.000  0.938  0.734  0.000  0.002  0.000  0.617  0.000               9225912               6233297         100           0       0.000      99.000     221.101        2208078798   1275      0     38          45   1275
     GPU 0  1.000  0.949  0.761  0.000  0.002  0.000  0.619  0.000              11653592               8715523         100           0       0.000      99.000     219.741        2208101396   1275      0     38          45   1275
     GPU 0  1.000  0.000  0.000  0.000  0.001  0.000  0.000  0.000               4685053               4497824         100           0       0.000      99.000     219.741        2208101396   1275      0     38          45   1275
     GPU 0  1.000  0.952  0.770  0.000  0.001  0.000  0.631  0.000               2333000               1558092         100           0       0.000      99.000     219.741        2208101396   1275      0     38          45   1275
     GPU 0  1.000  0.929  0.750  0.000  0.001  0.000  0.613  0.000               2570106               1598997         100           0       0.000      99.000     219.741        2208101396   1275      0     38          45   1275
     GPU 0  1.000  0.000  0.000  0.000  0.002  0.000  0.000  0.000               6666675               4816909         100           0       0.000      99.000     219.741        2208101396   1275      0     38          45   1275
     GPU 0  1.000  0.000  0.000  0.000  0.002  0.000  0.000  0.000               6666675               4816909         100           0       0.000      99.000     221.881        2208123556   1275      0     38          45   1275
     GPU 0  1.000  0.940  0.741  0.000  0.002  0.000  0.612  0.000               7731782               5583734         100           0       0.000      99.000     221.881        2208123556   1275      0     38          45   1275
     GPU 0  1.000  0.952  0.762  0.000  0.002  0.000  0.630  0.000               7391502               5796302         100           0       0.000      99.000     221.881        2208123556   1275      0     38          45   1275
     GPU 0  1.000  0.952  0.762  0.000  0.002  0.000  0.630  0.000               7391502               5796302         100           0       0.000      99.000     221.881        2208123556   1275      0     39          45   1275
     GPU 0  1.000  0.000  0.000  0.000  0.001  0.000  0.000  0.000               6432866               4891248         100           0       0.000      99.000     221.881        2208123556   1275      0     39          45   1275
     GPU 0  1.000  0.948  0.741  0.000  0.001  0.000  0.625  0.000               1256084               1172345         100           0       0.000      99.000     220.811        2208145986   1275      0     39          45   1275
     GPU 0  1.000  0.000  0.000  0.000  0.001  0.000  0.000  0.000              11281196               7730340         100           0       0.000      99.000     220.811        2208145986   1275      0     39          45   1275
     GPU 0  1.000  0.950  0.758  0.000  0.002  0.000  0.631  0.000               7790161               6617427         100           0       0.000      99.000     220.811        2208145986   1275      0     39          45   1275

# Entity  GRACT  SMACT  SMOCC  TENSO  DRAMA  FP64A  FP32A  FP16A                 PCITX                 PCIRX       GPUTL       MCUTL       MUSAM       GUSAM       POWER             TOTEC  SACLK  PSTAT  TMPTR       MMTMP  SMCLK
      Id                                                                                                                                                               W                mJ                    C           C       
     GPU 0  1.000  0.953  0.761  0.000  0.002  0.000  0.597  0.000               2893386               2808104         100           0       0.000      99.000     220.811        2208145986   1275      0     39          45   1275
     GPU 0  1.000  0.000  0.000  0.000  0.002  0.000  0.000  0.000               3468702               1794224         100           0       0.000      99.000     220.811        2208145986   1275      0     39          45   1275
     GPU 0  1.000  0.949  0.759  0.000  0.002  0.000  0.628  0.000               4874282               3540787         100           0       0.000      99.000     222.171        2208168347   1275      0     39          45   1275
     GPU 0  1.000  0.951  0.764  0.000  0.002  0.000  0.612  0.000              13544090               9919333         100           0       0.000      99.000     222.171        2208168347   1275      0     39          45   1275
     GPU 0  1.000  0.951  0.764  0.000  0.002  0.000  0.612  0.000              13544090               9919333         100           0       0.000      99.000     222.171        2208168347   1275      0     39          45   1275
     GPU 0  1.000  0.000  0.000  0.000  0.002  0.000  0.000  0.000              11424291               8745679         100           0       0.000      99.000     222.171        2208168347   1275      0     39          45   1275
     GPU 0  1.000  0.951  0.750  0.000  0.002  0.000  0.630  0.000               7187311               5921555         100           0       0.000      99.000     222.171        2208190736   1275      0     39          45   1275
     GPU 0  1.000  0.953  0.763  0.000  0.001  0.000  0.633  0.000               2382480               1444359         100           0       0.000      99.000     221.101        2208190736   1275      0     39          45   1275
     GPU 0  1.000  0.000  0.000  0.000  0.001  0.000  0.000  0.000               4739325               3107815         100           0       0.000      99.000     221.101        2208190736   1275      0     39          45   1275
     GPU 0  1.000  0.000  0.000  0.000  0.001  0.000  0.000  0.000               4739325               3107815         100           0       0.000      99.000     221.101        2208190736   1275      0     39          45   1275
     GPU 0  1.000  0.949  0.764  0.000  0.001  0.000  0.628  0.000               7281590               5061200         100           0       0.000      99.000     221.101        2208190736   1275      0     39          45   1275
     GPU 0  1.000  0.950  0.769  0.000  0.002  0.000  0.630  0.000              10308279               7897138         100           0       0.000      99.000     221.101        2208190736   1275      0     39          45   1275
     GPU 0  1.000  0.000  0.000  0.000  0.001  0.000  0.000  0.000              11224373               8187987         100           0       0.000      99.000     223.241        2208213159   1275      0     39          45   1275
     GPU 0  1.000  0.000  0.000  0.000  0.001  0.000  0.000  0.000              11224373               8187987         100           0       0.000      99.000     223.241        2208213159   1275      0     39          45   1275

# Entity  GRACT  SMACT  SMOCC  TENSO  DRAMA  FP64A  FP32A  FP16A                 PCITX                 PCIRX       GPUTL       MCUTL       MUSAM       GUSAM       POWER             TOTEC  SACLK  PSTAT  TMPTR       MMTMP  SMCLK
      Id                                                                                                                                                               W                mJ                    C           C       
     GPU 0  1.000  0.949  0.749  0.000  0.002  0.000  0.624  0.000               9950750               7115276         100           0       0.000      99.000     223.241        2208213159   1275      0     39          45   1275
     GPU 0  1.000  0.941  0.724  0.000  0.002  0.000  0.573  0.000               2240186               1960341         100           0       0.000      99.000     223.241        2208213159   1275      0     39          45   1275
     GPU 0  1.000  0.000  0.000  0.000  0.002  0.000  0.000  0.000               2492054               1881376         100           0       0.000      99.000     221.881        2208213159   1275      0     39          45   1275
     GPU 0  1.000  0.947  0.756  0.000  0.002  0.000  0.626  0.000               5556202               3605191         100           0       0.000      99.000     221.881        2208235830   1275      0     39          45   1275
     GPU 0  1.000  0.953  0.769  0.000  0.002  0.000  0.611  0.000               7639427               5401566         100           0       0.000      99.000     221.881        2208235830   1275      0     39          46   1275
     GPU 0  1.000  0.000  0.000  0.000  0.002  0.000  0.000  0.000              10501665               8018862         100           0       0.000      99.000     221.881        2208235830   1275      0     39          45   1275
     GPU 0  1.000  0.000  0.000  0.000  0.002  0.000  0.000  0.000              10501665               8018862         100           0       0.000      99.000     221.881        2208235830   1275      0     39          45   1275
     GPU 0  1.000  0.939  0.745  0.000  0.002  0.000  0.619  0.000              10319980               8032107         100           0       0.000      99.000     221.881        2208235830   1275      0     39          45   1275
     GPU 0  1.000  0.939  0.746  0.000  0.002  0.000  0.601  0.000              10193577               8042203         100           0       0.000      99.000     222.461        2208257851   1275      0     39          45   1275
     GPU 0  1.000  0.000  0.000  0.000  0.002  0.000  0.000  0.000              10826835               8269030         100           0       0.000      99.000     222.461        2208257851   1275      0     39          45   1275
     GPU 0  0.981  0.943  0.756  0.000  0.002  0.000  0.623  0.000              49481226               7538860         100           0       0.000      99.000     222.461        2208257851   1275      0     38          45   1275
     GPU 0  0.981  0.943  0.756  0.000  0.002  0.000  0.623  0.000              49481226               7538860         100           0       0.000      99.000     222.461        2208257851   1275      0     38          46   1275
     GPU 0  0.000  0.000  0.000  0.000  0.000  0.000  0.000  0.000              10808360               5801937         100           0       0.000      99.000     222.461        2208257851   1275      0     38          46   1275
     GPU 0  0.000  0.000  0.000  0.000  0.000  0.000  0.000  0.000               8279182               4595184         100           0       0.000      99.000      99.240        2208274598   1275      0     36          45   1275

# Entity  GRACT  SMACT  SMOCC  TENSO  DRAMA  FP64A  FP32A  FP16A                 PCITX                 PCIRX       GPUTL       MCUTL       MUSAM       GUSAM       POWER             TOTEC  SACLK  PSTAT  TMPTR       MMTMP  SMCLK
      Id                                                                                                                                                               W                mJ                    C           C       
     GPU 0  0.000  0.000  0.000  0.000  0.000  0.000  0.000  0.000               9716294               5753341         100           0       0.000      99.000      99.240        2208274598   1275      0     35          45   1275
     GPU 0  0.000  0.000  0.000  0.000  0.000  0.000  0.000  0.000               8910848               5243331         100           0       0.000      99.000      99.240        2208274598   1275      0     34          45   1275
     GPU 0  0.000  0.000  0.000  0.000  0.000  0.000  0.000  0.000               9177744               5338143         100           0       0.000      99.000      99.240        2208274598   1275      0     34          45   1275
     GPU 0  0.000  0.000  0.000  0.000  0.000  0.000  0.000  0.000              10023940               6180024          39           0       0.000      39.000      99.240        2208274598   1275      0     34          45   1275
     GPU 0  0.000  0.000  0.000  0.000  0.000  0.000  0.000  0.000              10457411               6773441          39           0       0.000      39.000      96.804        2208284265   1275      0     33          45   1275
     GPU 0  0.000  0.000  0.000  0.000  0.000  0.000  0.000  0.000              10063899               6374853          39           0       0.000      39.000      96.804        2208284265   1275      0     33          45   1275
     GPU 0  0.000  0.000  0.000  0.000  0.000  0.000  0.000  0.000              11606146               6924737          39           0       0.000      39.000      96.804        2208284265   1275      0     33          45   1275
     GPU 0  0.000  0.000  0.000  0.000  0.000  0.000  0.000  0.000              11606146               6924737          39           0       0.000      39.000      96.804        2208284265   1275      0     33          45   1275
     GPU 0  0.000  0.000  0.000  0.000  0.000  0.000  0.000  0.000               9965926               6074818          39           0       0.000      39.000      96.804        2208284265   1275      0     32          45   1275
     GPU 0  0.000  0.000  0.000  0.000  0.000  0.000  0.000  0.000               6087358               3299763          39           0       0.000      39.000      96.555        2208294058   1275      0     32          45   1275
     GPU 0  0.000  0.000  0.000  0.000  0.000  0.000  0.000  0.000               3069962                275278          39           0       0.000      39.000      96.555        2208294058   1275      0     32          45   1275
     GPU 0  0.000  0.000  0.000  0.000  0.000  0.000  0.000  0.000               3420046                274539          39           0       0.000      39.000      96.555        2208294058   1275      0     32          45   1275
     GPU 0  0.000  0.000  0.000  0.000  0.000  0.000  0.000  0.000               1967099                 41852          39           0       0.000      39.000      96.555        2208294058   1275      0     32          45   1275
     GPU 0  0.000  0.000  0.000  0.000  0.000  0.000  0.000  0.000               1967099                 41852           0           0       0.000       0.000      96.264        2208294058   1275      0     32          45   1275

# Entity  GRACT  SMACT  SMOCC  TENSO  DRAMA  FP64A  FP32A  FP16A                 PCITX                 PCIRX       GPUTL       MCUTL       MUSAM       GUSAM       POWER             TOTEC  SACLK  PSTAT  TMPTR       MMTMP  SMCLK
      Id                                                                                                                                                               W                mJ                    C           C       
     GPU 0  0.000  0.000  0.000  0.000  0.000  0.000  0.000  0.000               4725765               2240033           0           0       0.000       0.000      96.264        2208303786   1275      0     32          45   1275
     GPU 0  0.000  0.000  0.000  0.000  0.000  0.000  0.000  0.000               9089569               5838433           0           0       0.000       0.000      96.264        2208303786   1275      0     32          45   1275
     GPU 0  0.000  0.000  0.000  0.000  0.000  0.000  0.000  0.000              10720732               7016531           0           0       0.000       0.000      96.264        2208303786   1275      0     32          45   1275
     GPU 0  0.000  0.000  0.000  0.000  0.000  0.000  0.000  0.000               7758110               4593621           0           0       0.000       0.000      96.264        2208303786   1275      0     32          45   1275
     GPU 0  0.000  0.000  0.000  0.000  0.000  0.000  0.000  0.000               9039299               5638681           0           0       0.000       0.000      96.264        2208303786   1275      0     32          45   1275
     GPU 0  0.000  0.000  0.000  0.000  0.000  0.000  0.000  0.000               9039299               5638681           0           0       0.000       0.000      96.264        2208313513   1275      0     32          45   1275
     GPU 0  0.000  0.000  0.000  0.000  0.000  0.000  0.000  0.000               5903088               3264958           0           0       0.000       0.000      96.264        2208313513   1275      0     31          45   1275
     GPU 0  0.000  0.000  0.000  0.000  0.000  0.000  0.000  0.000               8934352               5754115           0           0       0.000       0.000      96.264        2208313513   1275      0     31          45   1275
     GPU 0  0.000  0.000  0.000  0.000  0.000  0.000  0.000  0.000               9515439               6172460           0           0       0.000       0.000      96.264        2208313513   1275      0     31          45   1275
     GPU 0  0.000  0.000  0.000  0.000  0.000  0.000  0.000  0.000               8466324               5548697           0           0       0.000       0.000      96.264        2208313513   1275      0     31          45   1275
     GPU 0  0.000  0.000  0.000  0.000  0.000  0.000  0.000  0.000               8466324               5548697           0           0       0.000       0.000      96.264        2208323233   1275      0     31          45   1275
     GPU 0  0.004  0.000  0.000  0.000  0.000  0.000  0.000  0.000               4280244               8076634           0           0       0.000       0.000      96.264        2208323233   1275      0     31          45   1275
     GPU 0  0.004  0.000  0.000  0.000  0.000  0.000  0.000  0.000               4280244               8076634           0           0       0.000       0.000      96.264        2208323233   1275      0     31          45   1275
     GPU 0  0.004  0.000  0.000  0.000  0.000  0.000  0.000  0.000               4280244               8076634           0           0       0.000       0.000      96.264        2208323233   1275      0     31          45   1275

# Entity  GRACT  SMACT  SMOCC  TENSO  DRAMA  FP64A  FP32A  FP16A                 PCITX                 PCIRX       GPUTL       MCUTL       MUSAM       GUSAM       POWER             TOTEC  SACLK  PSTAT  TMPTR       MMTMP  SMCLK
      Id                                                                                                                                                               W                mJ                    C           C       
     GPU 0  0.000  0.000  0.000  0.000  0.000  0.000  0.000  0.000               7946343               6117517           0           0       0.000       0.000      96.264        2208323233   1275      0     31          45   1275
     GPU 0  0.000  0.000  0.000  0.000  0.000  0.000  0.000  0.000               7946343               6117517           0           0       0.000       0.000      96.264        2208333006   1275      0     31          45   1275
     GPU 0  0.000  0.000  0.000  0.000  0.000  0.000  0.000  0.000               8792461              13839985           0           0       0.000       0.000      96.264        2208333006   1275      0     31          45   1275
     GPU 0  0.000  0.000  0.000  0.000  0.000  0.000  0.000  0.000               1104976                519989           0           0       0.000       0.000      96.264        2208333006   1275      0     31          45   1275
     GPU 0  0.000  0.000  0.000  0.000  0.000  0.000  0.000  0.000               1104976                519989           0           0       0.000       0.000      96.264        2208333006   1275      0     31          45   1275
     GPU 0  0.000  0.000  0.000  0.000  0.000  0.000  0.000  0.000               1776360               3229745           0           0       0.000       0.000      96.264        2208333006   1275      0     31          45   1275
     GPU 0  0.000  0.000  0.000  0.000  0.000  0.000  0.000  0.000               1776360               3229745           0           0       0.000       0.000      96.264        2208333006   1275      0     31          45   1275
     GPU 0  0.000  0.000  0.000  0.000  0.000  0.000  0.000  0.000               1776360               3229745           0           0       0.000       0.000      96.264        2208333006   1275      0     31          45   1275
     GPU 0  0.000  0.000  0.000  0.000  0.000  0.000  0.000  0.000              18724961               9777880           6           0       0.000       0.000      96.022        2208343948   1275      0     31          45   1275
     GPU 0  0.000  0.000  0.000  0.000  0.000  0.000  0.000  0.000               4413875               5685670           6           0       0.000       0.000      96.022        2208343948   1275      0     31          45   1275
     GPU 0  0.000  0.000  0.000  0.000  0.000  0.000  0.000  0.000               4413875               5685670           6           0       0.000       0.000      96.022        2208343948   1275      0     30          45   1275
     GPU 0  0.000  0.000  0.000  0.000  0.000  0.000  0.000  0.000               4344916               5663909           6           0       0.000       0.000      97.095        2208343948   1275      0     30          45   1275
     GPU 0  0.000  0.000  0.000  0.000  0.000  0.000  0.000  0.000               9015119               5712798           6           0       0.000       0.000      97.095        2208352656   1275      0     30          45   1275
     GPU 0  0.000  0.000  0.000  0.000  0.000  0.000  0.000  0.000               8135560               5493648           6           0       0.000       0.000      97.095        2208352656   1275      0     30          45   1275

# Entity  GRACT  SMACT  SMOCC  TENSO  DRAMA  FP64A  FP32A  FP16A                 PCITX                 PCIRX       GPUTL       MCUTL       MUSAM       GUSAM       POWER             TOTEC  SACLK  PSTAT  TMPTR       MMTMP  SMCLK
      Id                                                                                                                                                               W                mJ                    C           C       
     GPU 0  0.000  0.000  0.000  0.000  0.000  0.000  0.000  0.000               9897207               6174269           6           0       0.000       0.000      97.095        2208352656   1275      0     30          45   1275
     GPU 0  0.000  0.000  0.000  0.000  0.000  0.000  0.000  0.000               2202197                163282           0           0       0.000       0.000      97.095        2208352656   1275      0     30          45   1275
     GPU 0  0.000  0.000  0.000  0.000  0.000  0.000  0.000  0.000               2202197                163282           0           0       0.000       0.000      97.095        2208362411   1275      0     30          45   1275
     GPU 0  0.000  0.000  0.000  0.000  0.000  0.000  0.000  0.000               3294117                274509           0           0       0.000       0.000      97.095        2208362411   1275      0     30          45   1275
     GPU 0  0.000  0.000  0.000  0.000  0.000  0.000  0.000  0.000               4802294               2025404           0           0       0.000       0.000      97.095        2208362411   1275      0     30          45   1275
     GPU 0  0.000  0.000  0.000  0.000  0.000  0.000  0.000  0.000               5577545               3060432           0           0       0.000       0.000      97.095        2208362411   1275      0     30          45   1275
     GPU 0  0.000  0.000  0.000  0.000  0.000  0.000  0.000  0.000               6576133               4118210           0           0       0.000       0.000      97.095        2208362411   1275      0     30          45   1275
     GPU 0  0.000  0.000  0.000  0.000  0.000  0.000  0.000  0.000               6576133               4118210           0           0       0.000       0.000      97.095        2208372200   1275      0     30          45   1275
     GPU 0  0.000  0.000  0.000  0.000  0.000  0.000  0.000  0.000               9916543               5794030           0           0       0.000       0.000      97.095        2208372200   1275      0     30          45   1275
     GPU 0  0.000  0.000  0.000  0.000  0.000  0.000  0.000  0.000               5991573               4119523           0           0       0.000       0.000      97.095        2208372200   1275      0     30          45   1275
     GPU 0  0.000  0.000  0.000  0.000  0.000  0.000  0.000  0.000               9259566               5849286           0           0       0.000       0.000      97.095        2208372200   1275      0     30          45   1275
     GPU 0  0.000  0.000  0.000  0.000  0.000  0.000  0.000  0.000               8982803               5674709           0           0       0.000       0.000      97.095        2208372200   1275      0     30          45   1275
     GPU 0  0.000  0.000  0.000  0.000  0.000  0.000  0.000  0.000               9164664               5856976           0           0       0.000       0.000      96.804        2208381979   1275      0     30          45   1275
     GPU 0  0.000  0.000  0.000  0.000  0.000  0.000  0.000  0.000               8631647               5534416           0           0       0.000       0.000      96.804        2208381979   1275      0     30          45   1275

# Entity  GRACT  SMACT  SMOCC  TENSO  DRAMA  FP64A  FP32A  FP16A                 PCITX                 PCIRX       GPUTL       MCUTL       MUSAM       GUSAM       POWER             TOTEC  SACLK  PSTAT  TMPTR       MMTMP  SMCLK
      Id                                                                                                                                                               W                mJ                    C           C       
     GPU 0  0.000  0.000  0.000  0.000  0.000  0.000  0.000  0.000               8631647               5534416           0           0       0.000       0.000      96.804        2208381979   1275      0     30          45   1275
     GPU 0  0.000  0.000  0.000  0.000  0.000  0.000  0.000  0.000               4002106                275169           0           0       0.000       0.000      96.804        2208381979   1275      0     30          45   1275
     GPU 0  0.000  0.000  0.000  0.000  0.000  0.000  0.000  0.000               6098669               4009693           0           0       0.000       0.000      96.804        2208381979   1275      0     30          45   1275
     GPU 0  0.000  0.000  0.000  0.000  0.000  0.000  0.000  0.000              11702177               7885105           0           0       0.000       0.000      96.804        2208381979   1275      0     30          45   1275
     GPU 0  0.000  0.000  0.000  0.000  0.000  0.000  0.000  0.000               6215380               3905102           0           0       0.000       0.000      96.804        2208391798   1275      0     30          45   1275
     GPU 0  0.000  0.000  0.000  0.000  0.000  0.000  0.000  0.000               2086362                121506           0           0       0.000       0.000      96.804        2208391798   1275      0     30          45   1275
     GPU 0  0.000  0.000  0.000  0.000  0.000  0.000  0.000  0.000               2086362                121506           0           0       0.000       0.000      96.804        2208391798   1275      0     30          45   1275
     GPU 0  0.000  0.000  0.000  0.000  0.000  0.000  0.000  0.000               5589089               2985764           0           0       0.000       0.000      96.804        2208391798   1275      0     30          45   1275
     GPU 0  0.000  0.000  0.000  0.000  0.000  0.000  0.000  0.000               8415673               5026885           0           0       0.000       0.000      96.804        2208401530   1275      0     30          45   1275
     GPU 0  0.000  0.000  0.000  0.000  0.000  0.000  0.000  0.000               9723053               6425386           0           0       0.000       0.000      96.804        2208401530   1275      0     30          45   1275
     GPU 0  0.000  0.000  0.000  0.000  0.000  0.000  0.000  0.000               9973647               6645632           0           0       0.000       0.000      96.804        2208401530   1275      0     30          45   1275
     GPU 0  0.000  0.000  0.000  0.000  0.000  0.000  0.000  0.000               9973647               6645632           0           0       0.000       0.000      96.804        2208401530   1275      0     30          45   1275
     GPU 0  0.000  0.000  0.000  0.000  0.000  0.000  0.000  0.000               9301008               5799301           0           0       0.000       0.000      96.804        2208401530   1275      0     30          45   1275
     GPU 0  0.000  0.000  0.000  0.000  0.000  0.000  0.000  0.000               6745277               4035759           0           0       0.000       0.000      96.804        2208401530   1275      0     30          45   1275

# Entity  GRACT  SMACT  SMOCC  TENSO  DRAMA  FP64A  FP32A  FP16A                 PCITX                 PCIRX       GPUTL       MCUTL       MUSAM       GUSAM       POWER             TOTEC  SACLK  PSTAT  TMPTR       MMTMP  SMCLK
      Id                                                                                                                                                               W                mJ                    C           C       
     GPU 0  0.000  0.000  0.000  0.000  0.000  0.000  0.000  0.000              10674241               7014287           0           0       0.000       0.000      96.804        2208411375   1275      0     30          45   1275
     GPU 0  0.000  0.000  0.000  0.000  0.000  0.000  0.000  0.000               9649122               6316166           0           0       0.000       0.000      96.804        2208411375   1275      0     30          45   1275
     GPU 0  0.000  0.000  0.000  0.000  0.000  0.000  0.000  0.000               9129445               6042175           0           0       0.000       0.000      96.804        2208411375   1275      0     30          45   1275
     GPU 0  0.000  0.000  0.000  0.000  0.000  0.000  0.000  0.000               6448497               3377215           0           0       0.000       0.000      96.804        2208411375   1275      0     30          45   1275
     GPU 0  0.000  0.000  0.000  0.000  0.000  0.000  0.000  0.000              10691006               7377776           0           0       0.000       0.000      96.804        2208421054   1275      0     30          45   1275
     GPU 0  0.000  0.000  0.000  0.000  0.000  0.000  0.000  0.000              10691006               7377776           0           0       0.000       0.000      96.804        2208421054   1275      0     30          45   1275
     GPU 0  0.000  0.000  0.000  0.000  0.000  0.000  0.000  0.000              12816440               7878204           0           0       0.000       0.000      96.804        2208421054   1275      0     30          45   1275
     GPU 0  0.000  0.000  0.000  0.000  0.000  0.000  0.000  0.000               3282096                273508           0           0       0.000       0.000      96.804        2208421054   1275      0     30          45   1275
     GPU 0  0.000  0.000  0.000  0.000  0.000  0.000  0.000  0.000               1966549                163879           0           0       0.000       0.000      96.804        2208421054   1275      0     30          45   1275
     GPU 0  0.000  0.000  0.000  0.000  0.000  0.000  0.000  0.000               6425846               2065919           0           0       0.000       0.000      96.804        2208430821   1275      0     30          45   1275
     GPU 0  0.000  0.000  0.000  0.000  0.000  0.000  0.000  0.000               6425846               2065919           0           0       0.000       0.000      96.804        2208430821   1275      0     30          45   1275
     GPU 0  0.000  0.000  0.000  0.000  0.000  0.000  0.000  0.000               4727409               2253719           0           0       0.000       0.000      96.804        2208430821   1275      0     30          45   1275
     GPU 0  0.000  0.000  0.000  0.000  0.000  0.000  0.000  0.000               8426388               5008954           0           0       0.000       0.000      96.804        2208430821   1275      0     30          45   1275
     GPU 0  0.000  0.000  0.000  0.000  0.000  0.000  0.000  0.000              10612330               6936881           0           0       0.000       0.000      96.804        2208430821   1275      0     30          45   1275

# Entity  GRACT  SMACT  SMOCC  TENSO  DRAMA  FP64A  FP32A  FP16A                 PCITX                 PCIRX       GPUTL       MCUTL       MUSAM       GUSAM       POWER             TOTEC  SACLK  PSTAT  TMPTR       MMTMP  SMCLK
      Id                                                                                                                                                               W                mJ                    C           C       
     GPU 0  0.000  0.000  0.000  0.000  0.000  0.000  0.000  0.000              10612330               6936881           0           0       0.000       0.000      96.804        2208430821   1275      0     30          45   1275
     GPU 0  0.000  0.000  0.000  0.000  0.000  0.000  0.000  0.000               7031874               4604843           0           0       0.000       0.000      96.804        2208440637   1275      0     30          45   1275
     GPU 0  0.000  0.000  0.000  0.000  0.000  0.000  0.000  0.000               6540131               4486019           0           0       0.000       0.000      96.804        2208440637   1275      0     30          45   1275
     GPU 0  0.000  0.000  0.000  0.000  0.000  0.000  0.000  0.000               3377494                     0           0           0       0.000       0.000      96.804        2208440637   1275      0     30          45   1275
     GPU 0  0.000  0.000  0.000  0.000  0.000  0.000  0.000  0.000               3467070                316826           0           0       0.000       0.000      96.804        2208440637   1275      0     30          45   1275
     GPU 0  0.000  0.000  0.000  0.000  0.000  0.000  0.000  0.000               3467070                316826           0           0       0.000       0.000      96.804        2208450450   1275      0     30          45   1275
     GPU 0  0.000  0.000  0.000  0.000  0.000  0.000  0.000  0.000               2203910                163402           0           0       0.000       0.000      96.804        2208450450   1275      0     30          45   1275
     GPU 0  0.000  0.000  0.000  0.000  0.000  0.000  0.000  0.000               5039615               2166429           0           0       0.000       0.000      96.804        2208450450   1275      0     30          45   1275
     GPU 0  0.000  0.000  0.000  0.000  0.000  0.000  0.000  0.000               7499580               4465032           0           0       0.000       0.000      96.804        2208450450   1275      0     30          45   1275
     GPU 0  0.000  0.000  0.000  0.000  0.000  0.000  0.000  0.000               7499580               4465032           0           0       0.000       0.000      96.804        2208450450   1275      0     30          45   1275
     GPU 0  0.000  0.000  0.000  0.000  0.000  0.000  0.000  0.000              10025255               5901673           0           0       0.000       0.000      96.804        2208450450   1275      0     30          45   1275
     GPU 0  0.000  0.000  0.000  0.000  0.000  0.000  0.000  0.000               5900701               3218223           0           0       0.000       0.000      96.804        2208460264   1275      0     30          45   1275
     GPU 0  0.000  0.000  0.000  0.000  0.000  0.000  0.000  0.000              10211234               7066988           0           0       0.000       0.000      96.804        2208460264   1275      0     30          45   1275
     GPU 0  0.000  0.000  0.000  0.000  0.000  0.000  0.000  0.000               8914675               5755256           0           0       0.000       0.000      96.804        2208460264   1275      0     30          45   1275
