# Entity  GRACT  SMACT  SMOCC  TENSO  DRAMA  FP64A  FP32A  FP16A                 PCITX                 PCIRX       GPUTL       MCUTL       MUSAM       GUSAM       POWER             TOTEC  SACLK  PSTAT  TMPTR       MMTMP  SMCLK
      Id                                                                                                                                                               W                mJ                    C           C       
     GPU 0  0.000  0.000  0.000  0.000  0.000  0.000  0.000  0.000             116018457              10547132           0           0       0.000       0.000      76.729        4170251660   1125      0     27          43    210
     GPU 0  0.000  0.000  0.000  0.000  0.000  0.000  0.000  0.000             116018457              10547132           0           0       0.000       0.000      76.729        4170251660   1125      0     27          43    210
     GPU 0  0.000  0.000  0.000  0.000  0.000  0.000  0.000  0.000               9141411               5123037           0           0       0.000       0.000      76.729        4170251660   1125      0     27          43    210
     GPU 0  0.000  0.000  0.000  0.000  0.000  0.000  0.000  0.000               4826907               2456264           0           0       0.000       0.000      76.729        4170251660   1125      0     27          44    210
     GPU 0  0.000  0.000  0.000  0.000  0.000  0.000  0.000  0.000               4826907               2456264           0           0       0.000       0.000      78.632        4170259615   1125      0     27          43    210
     GPU 0  0.000  0.000  0.000  0.000  0.000  0.000  0.000  0.000               9148145               6113254           0           0       0.000       0.000      78.632        4170259615   1125      0     27          44    210
     GPU 0  0.000  0.000  0.000  0.000  0.000  0.000  0.000  0.000               6951413               4735937           0           0       0.000       0.000      78.632        4170259615   1125      0     27          44    210
     GPU 0  0.000  0.000  0.000  0.000  0.000  0.000  0.000  0.000               6490307               3299969           0           0       0.000       0.000      78.632        4170259615   1125      0     27          44    210
     GPU 0  0.000  0.000  0.000  0.000  0.000  0.000  0.000  0.000               7111631               4243126           0           0       0.000       0.000      78.383        4170259615   1125      0     27          43    210
     GPU 0  0.000  0.000  0.000  0.000  0.000  0.000  0.000  0.000               7111631               4243126           0           0       0.000       0.000      78.383        4170267482   1125      0     27          44    210
     GPU 0  0.000  0.000  0.000  0.000  0.000  0.000  0.000  0.000               9123553               5195748           0           0       0.000       0.000      78.383        4170267482   1125      0     27          44    210
     GPU 0  0.000  0.000  0.000  0.000  0.000  0.000  0.000  0.000               3186414               1819481           0           0       0.000       0.000      78.383        4170267482   1125      0     27          44    210
     GPU 0  0.000  0.000  0.000  0.000  0.000  0.000  0.000  0.000               3291502                357366           0           0       0.000       0.000      78.383        4170267482   1125      0     27          44    210
     GPU 0  0.000  0.000  0.000  0.000  0.000  0.000  0.000  0.000               1924779                163547           0           0       0.000       0.000      78.383        4170267482   1125      0     27          43    210
     GPU 0  0.000  0.000  0.000  0.000  0.000  0.000  0.000  0.000               1924779                163547           0           0       0.000       0.000      78.383        4170275416   1125      0     27          44    210

# Entity  GRACT  SMACT  SMOCC  TENSO  DRAMA  FP64A  FP32A  FP16A                 PCITX                 PCIRX       GPUTL       MCUTL       MUSAM       GUSAM       POWER             TOTEC  SACLK  PSTAT  TMPTR       MMTMP  SMCLK
      Id                                                                                                                                                               W                mJ                    C           C       
     GPU 0  0.000  0.000  0.000  0.000  0.000  0.000  0.000  0.000               4634494               1658235           0           0       0.000       0.000      78.383        4170275416   1125      0     27          43    210
     GPU 0  0.000  0.000  0.000  0.000  0.000  0.000  0.000  0.000               5801443               3032133           0           0       0.000       0.000      78.383        4170275416   1125      0     27          44    210
     GPU 0  0.000  0.000  0.000  0.000  0.000  0.000  0.000  0.000               7309186               4510971           0           0       0.000       0.000      78.383        4170275416   1125      0     27          44    210
     GPU 0  0.000  0.000  0.000  0.000  0.000  0.000  0.000  0.000               7309186               4510971           0           0       0.000       0.000      78.383        4170275416   1125      0     27          43    210
     GPU 0  0.000  0.000  0.000  0.000  0.000  0.000  0.000  0.000               5898830               4036223           0           0       0.000       0.000      78.632        4170283399   1125      0     27          43    210
     GPU 0  0.000  0.000  0.000  0.000  0.000  0.000  0.000  0.000               1003989                 83665           0           0       0.000       0.000      78.632        4170283399   1125      0     27          44    210
     GPU 0  0.000  0.000  0.000  0.000  0.000  0.000  0.000  0.000               9073590               5292746           0           0       0.000       0.000      78.632        4170283399   1125      0     27          44    210
     GPU 0  0.000  0.000  0.000  0.000  0.000  0.000  0.000  0.000               3930514               3158189           0           0       0.000       0.000      78.632        4170283399   1125      0     27          43    210
     GPU 0  0.000  0.000  0.000  0.000  0.000  0.000  0.000  0.000               7625125               6046409           0           0       0.000       0.000      78.632        4170283399   1125      0     27          43    210
     GPU 0  0.000  0.000  0.000  0.000  0.000  0.000  0.000  0.000               7625125               6046409           0           0       0.000       0.000      78.632        4170291234   1125      0     27          44    210
     GPU 0  0.000  0.000  0.000  0.000  0.000  0.000  0.000  0.000               5895133               5409584           0           0       0.000       0.000      78.632        4170291234   1125      0     27          44    210
     GPU 0  0.000  0.000  0.000  0.000  0.000  0.000  0.000  0.000              10747897               6470672           0           0       0.000       0.000      78.632        4170291234   1125      0     27          44    210
     GPU 0  0.000  0.000  0.000  0.000  0.000  0.000  0.000  0.000               8181076               5642121           0           0       0.000       0.000      78.632        4170291234   1125      0     27          43    210
     GPU 0  0.000  0.000  0.000  0.000  0.000  0.000  0.000  0.000               8181076               5642121           0           0       0.000       0.000      78.632        4170299219   1125      0     27          43    210

# Entity  GRACT  SMACT  SMOCC  TENSO  DRAMA  FP64A  FP32A  FP16A                 PCITX                 PCIRX       GPUTL       MCUTL       MUSAM       GUSAM       POWER             TOTEC  SACLK  PSTAT  TMPTR       MMTMP  SMCLK
      Id                                                                                                                                                               W                mJ                    C           C       
     GPU 0  0.000  0.000  0.000  0.000  0.000  0.000  0.000  0.000              11347699              19193785           0           0       0.000       0.000      78.632        4170299219   1125      0     27          43    210
     GPU 0  0.000  0.000  0.000  0.000  0.000  0.000  0.000  0.000              11791331               7693634           0           0       0.000       0.000      78.632        4170299219   1125      0     27          44    210
     GPU 0  0.000  0.000  0.000  0.000  0.000  0.000  0.000  0.000               1752875               2337167           0           0       0.000       0.000      78.632        4170299219   1125      0     27          43    210
     GPU 0  0.000  0.000  0.000  0.000  0.000  0.000  0.000  0.000               1752875               2337167           0           0       0.000       0.000      78.632        4170299219   1125      0     27          43    210
     GPU 0  0.000  0.000  0.000  0.000  0.000  0.000  0.000  0.000               6631465               4420976           0           0       0.000       0.000      78.383        4170299219   1125      0     27          43    210
     GPU 0  0.000  0.000  0.000  0.000  0.000  0.000  0.000  0.000                978676                602262           0           0       0.000       0.000      78.383        4170307131   1125      0     27          43    210
     GPU 0  0.000  0.000  0.000  0.000  0.000  0.000  0.000  0.000               2177869               2903825           0           0       0.000       0.000      78.383        4170307131   1125      0     27          44    210
     GPU 0  0.000  0.000  0.000  0.000  0.000  0.000  0.000  0.000               2177869               2903825           0           0       0.000       0.000      78.383        4170307131   1125      0     27          44    210
     GPU 0  0.000  0.000  0.000  0.000  0.000  0.000  0.000  0.000               8128195               5120122           0           0       0.000       0.000      78.383        4170307131   1125      0     27          43    210
     GPU 0  0.000  0.000  0.000  0.000  0.000  0.000  0.000  0.000               1764748               1886455           0           0       0.000       0.000      78.383        4170307131   1125      0     27          43    210
     GPU 0  0.000  0.000  0.000  0.000  0.000  0.000  0.000  0.000               1764748               1886455           0           0       0.000       0.000      78.383        4170315013   1125      0     27          44    210
     GPU 0  0.000  0.000  0.000  0.000  0.000  0.000  0.000  0.000               1764748               1886455           0           0       0.000       0.000      78.383        4170315013   1125      0     27          44    210
     GPU 0  0.000  0.000  0.000  0.000  0.000  0.000  0.000  0.000               9553503               7701432           0           0       0.000       0.000      78.383        4170315013   1125      0     27          43    210
     GPU 0  0.000  0.000  0.000  0.000  0.000  0.000  0.000  0.000               9553503               7701432           0           0       0.000       0.000      78.383        4170315013   1125      0     27          43    210

# Entity  GRACT  SMACT  SMOCC  TENSO  DRAMA  FP64A  FP32A  FP16A                 PCITX                 PCIRX       GPUTL       MCUTL       MUSAM       GUSAM       POWER             TOTEC  SACLK  PSTAT  TMPTR       MMTMP  SMCLK
      Id                                                                                                                                                               W                mJ                    C           C       
     GPU 0  0.000  0.000  0.000  0.000  0.000  0.000  0.000  0.000               7111991               4513002           0           0       0.000       0.000      78.383        4170315013   1125      0     27          43    210
     GPU 0  0.000  0.000  0.000  0.000  0.000  0.000  0.000  0.000               7111991               4513002           0           0       0.000       0.000      78.383        4170322963   1125      0     27          44    210
     GPU 0  0.000  0.000  0.000  0.000  0.000  0.000  0.000  0.000               7391793             331629755           0           0       0.000       0.000      78.383        4170322963   1125      0     27          44    210
     GPU 0  0.000  0.000  0.000  0.000  0.000  0.000  0.000  0.000               8532444              13466393           0           0       0.000       0.000      78.383        4170322963   1125      0     27          44    210
     GPU 0  0.000  0.000  0.000  0.000  0.000  0.000  0.000  0.000               8532444              13466393           0           0       0.000       0.000      78.383        4170322963   1125      0     27          44   1125
     GPU 0  0.068  0.000  0.000  0.000  0.000  0.000  0.000  0.000              16044094              16147111           0           0       0.000       0.000      78.383        4170322963   1125      0     27          43   1125
     GPU 0  0.006  0.000  0.000  0.000  0.000  0.000  0.000  0.000              14095427              52586860           0           0       0.000       0.000      86.763        4170331093   1125      0     27          43   1125
     GPU 0  0.013  0.000  0.000  0.000  0.001  0.000  0.000  0.000             371080179            3217417395           0           0       0.000       0.000      86.763        4170331093   1125      0     27          44   1125
     GPU 0  0.013  0.000  0.000  0.000  0.001  0.000  0.000  0.000             371080179            3217417395           0           0       0.000       0.000      86.763        4170331093   1125      0     27          44   1125
     GPU 0  1.000  0.938  0.761  0.000  0.001  0.000  0.624  0.000               6582176              14431318          17           0       0.000      17.000      86.763        4170331093   1125      0     28          44   1125
     GPU 0  1.000  0.000  0.000  0.000  0.002  0.000  0.000  0.000               5741754               4427215          17           0       0.000      17.000      86.763        4170331093   1125      0     29          44   1125
     GPU 0  1.000  0.931  0.740  0.000  0.001  0.000  0.598  0.000               7615604               5627232          17           0       0.000      17.000     178.537        4170344404   1125      0     30          44   1125
     GPU 0  1.000  0.934  0.731  0.000  0.001  0.000  0.615  0.000               7844847               5276309          17           0       0.000      17.000     178.537        4170344404   1125      0     30          44   1125
     GPU 0  1.000  0.000  0.000  0.000  0.001  0.000  0.000  0.000               9953376               6375347          17           0       0.000      17.000     178.537        4170344404   1125      0     31          44   1125

# Entity  GRACT  SMACT  SMOCC  TENSO  DRAMA  FP64A  FP32A  FP16A                 PCITX                 PCIRX       GPUTL       MCUTL       MUSAM       GUSAM       POWER             TOTEC  SACLK  PSTAT  TMPTR       MMTMP  SMCLK
      Id                                                                                                                                                               W                mJ                    C           C       
     GPU 0  1.000  0.932  0.751  0.000  0.002  0.000  0.615  0.000              11479488               8606042          17           0       0.000      17.000     178.537        4170344404   1125      0     31          44   1125
     GPU 0  1.000  0.929  0.734  0.000  0.001  0.000  0.610  0.000              10140981               7764621          17           0       0.000      17.000     178.537        4170344404   1125      0     31          44   1125
     GPU 0  1.000  0.929  0.734  0.000  0.001  0.000  0.610  0.000              10140981               7764621          17           0       0.000      17.000     179.899        4170362473   1125      0     31          44   1125
     GPU 0  1.000  0.000  0.000  0.000  0.001  0.000  0.000  0.000              10210025               7574433          17           0       0.000      17.000     179.899        4170362473   1125      0     31          44   1125
     GPU 0  1.000  0.946  0.771  0.000  0.002  0.000  0.611  0.000              11519567               8385133          17           0       0.000      17.000     179.899        4170362473   1125      0     32          44   1125
     GPU 0  1.000  0.945  0.750  0.000  0.002  0.000  0.627  0.000              11171299               8357953         100           0       0.000      99.000     179.899        4170362473   1125      0     32          44   1125
     GPU 0  1.000  0.000  0.000  0.000  0.001  0.000  0.000  0.000              10939150               8133372         100           0       0.000      99.000     179.899        4170362473   1125      0     32          44   1125
     GPU 0  1.000  0.933  0.746  0.000  0.002  0.000  0.616  0.000              10344896               7948193         100           0       0.000      99.000     180.970        4170380719   1125      0     32          44   1125
     GPU 0  1.000  0.942  0.764  0.000  0.002  0.000  0.598  0.000              11764014               7360052         100           0       0.000      99.000     180.970        4170380719   1125      0     32          44   1125
     GPU 0  1.000  0.942  0.764  0.000  0.002  0.000  0.598  0.000              11764014               7360052         100           0       0.000      99.000     180.970        4170380719   1125      0     32          44   1125
     GPU 0  1.000  0.000  0.000  0.000  0.001  0.000  0.000  0.000              11044728               7083642         100           0       0.000      99.000     180.970        4170380719   1125      0     32          44   1125
     GPU 0  1.000  0.939  0.767  0.000  0.001  0.000  0.625  0.000               6949174               5165132         100           0       0.000      99.000     180.970        4170380719   1125      0     33          44   1125
     GPU 0  1.000  0.944  0.760  0.000  0.001  0.000  0.616  0.000               9595703               7218448         100           0       0.000      99.000     180.431        4170398945   1125      0     33          44   1125
     GPU 0  1.000  0.000  0.000  0.000  0.001  0.000  0.000  0.000              11521691               8333326         100           0       0.000      99.000     180.431        4170398945   1125      0     33          44   1125

# Entity  GRACT  SMACT  SMOCC  TENSO  DRAMA  FP64A  FP32A  FP16A                 PCITX                 PCIRX       GPUTL       MCUTL       MUSAM       GUSAM       POWER             TOTEC  SACLK  PSTAT  TMPTR       MMTMP  SMCLK
      Id                                                                                                                                                               W                mJ                    C           C       
     GPU 0  1.000  0.938  0.748  0.000  0.001  0.000  0.618  0.000              11006050               8074441         100           0       0.000      99.000     180.431        4170398945   1125      0     33          44   1125
     GPU 0  1.000  0.930  0.737  0.000  0.002  0.000  0.614  0.000              10738120               7840062         100           0       0.000      99.000     180.431        4170398945   1125      0     33          44   1125
     GPU 0  1.000  0.000  0.000  0.000  0.001  0.000  0.000  0.000              10182937               7452275         100           0       0.000      99.000     180.431        4170398945   1125      0     33          44   1125
     GPU 0  1.000  0.000  0.000  0.000  0.001  0.000  0.000  0.000              10182937               7452275         100           0       0.000      99.000     180.431        4170417207   1125      0     33          44   1125
     GPU 0  1.000  0.941  0.748  0.000  0.001  0.000  0.624  0.000              10631067               6771372         100           0       0.000      99.000     180.431        4170417207   1125      0     33          44   1125
     GPU 0  1.000  0.930  0.741  0.000  0.001  0.000  0.614  0.000               3425127               1243602         100           0       0.000      99.000     180.431        4170417207   1125      0     33          44   1125
     GPU 0  1.000  0.000  0.000  0.000  0.001  0.000  0.000  0.000               3384989               1244051         100           0       0.000      99.000     180.431        4170417207   1125      0     33          44   1125
     GPU 0  1.000  0.925  0.739  0.000  0.001  0.000  0.609  0.000               2293148               1278104         100           0       0.000      99.000     180.431        4170417207   1125      0     33          44   1125
     GPU 0  1.000  0.924  0.735  0.000  0.002  0.000  0.588  0.000               5302051               3621511         100           0       0.000      99.000     181.260        4170435423   1125      0     33          44   1125
     GPU 0  1.000  0.924  0.735  0.000  0.002  0.000  0.588  0.000               5302051               3621511         100           0       0.000      99.000     181.260        4170435423   1125      0     33          44   1125
     GPU 0  1.000  0.000  0.000  0.000  0.001  0.000  0.000  0.000               7019646               4762272         100           0       0.000      99.000     181.260        4170435423   1125      0     33          44   1125
     GPU 0  1.000  0.943  0.752  0.000  0.001  0.000  0.623  0.000               9215084               6443042         100           0       0.000      99.000     181.260        4170435423   1125      0     33          44   1125
     GPU 0  1.000  0.943  0.755  0.000  0.002  0.000  0.627  0.000              10530257               7119935         100           0       0.000      99.000     181.260        4170435423   1125      0     33          44   1125
     GPU 0  1.000  0.000  0.000  0.000  0.002  0.000  0.000  0.000              11047594               8339194         100           0       0.000      99.000     180.970        4170453734   1125      0     34          44   1125

# Entity  GRACT  SMACT  SMOCC  TENSO  DRAMA  FP64A  FP32A  FP16A                 PCITX                 PCIRX       GPUTL       MCUTL       MUSAM       GUSAM       POWER             TOTEC  SACLK  PSTAT  TMPTR       MMTMP  SMCLK
      Id                                                                                                                                                               W                mJ                    C           C       
     GPU 0  1.000  0.934  0.740  0.000  0.001  0.000  0.616  0.000              10908321               7000216         100           0       0.000      99.000     180.970        4170453734   1125      0     34          44   1125
     GPU 0  1.000  0.934  0.740  0.000  0.001  0.000  0.616  0.000              10908321               7000216         100           0       0.000      99.000     180.970        4170453734   1125      0     34          44   1125
     GPU 0  1.000  0.946  0.759  0.000  0.001  0.000  0.628  0.000              10765934               6821362         100           0       0.000      99.000     180.970        4170453734   1125      0     34          44   1125
     GPU 0  1.000  0.000  0.000  0.000  0.001  0.000  0.000  0.000               4490902               3506621         100           0       0.000      99.000     180.970        4170453734   1125      0     34          44   1125
     GPU 0  1.000  0.933  0.730  0.000  0.001  0.000  0.615  0.000              10132606               7716272         100           0       0.000      99.000     181.260        4170471935   1125      0     34          44   1125
     GPU 0  1.000  0.935  0.743  0.000  0.002  0.000  0.598  0.000              10963768               8211045         100           0       0.000      99.000     181.260        4170471935   1125      0     34          44   1125
     GPU 0  1.000  0.000  0.000  0.000  0.001  0.000  0.000  0.000              11047459               8137671         100           0       0.000      99.000     181.260        4170471935   1125      0     34          44   1125
     GPU 0  1.000  0.941  0.753  0.000  0.001  0.000  0.625  0.000              11046410               8131520         100           0       0.000      99.000     181.260        4170471935   1125      0     34          44   1125
     GPU 0  1.000  0.931  0.739  0.000  0.001  0.000  0.615  0.000              10498652               7808553         100           0       0.000      99.000     181.260        4170471935   1125      0     34          44   1125
     GPU 0  1.000  0.931  0.739  0.000  0.001  0.000  0.615  0.000              10498652               7808553         100           0       0.000      99.000     180.728        4170490232   1125      0     34          44   1125
     GPU 0  1.000  0.000  0.000  0.000  0.002  0.000  0.000  0.000              11158400               7163062         100           0       0.000      99.000     180.728        4170490232   1125      0     34          44   1125
     GPU 0  1.000  0.944  0.756  0.000  0.002  0.000  0.607  0.000               3425883               1728044         100           0       0.000      99.000     180.728        4170490232   1125      0     34          44   1125
     GPU 0  1.000  0.942  0.752  0.000  0.001  0.000  0.623  0.000               3425075               1452902         100           0       0.000      99.000     180.728        4170490232   1125      0     34          44   1125
     GPU 0  1.000  0.000  0.000  0.000  0.001  0.000  0.000  0.000               4193719               2921383         100           0       0.000      99.000     180.728        4170490232   1125      0     34          44   1125

# Entity  GRACT  SMACT  SMOCC  TENSO  DRAMA  FP64A  FP32A  FP16A                 PCITX                 PCIRX       GPUTL       MCUTL       MUSAM       GUSAM       POWER             TOTEC  SACLK  PSTAT  TMPTR       MMTMP  SMCLK
      Id                                                                                                                                                               W                mJ                    C           C       
     GPU 0  1.000  0.939  0.752  0.000  0.001  0.000  0.624  0.000               5311293               3430036         100           0       0.000      99.000     181.260        4170508519   1125      0     34          44   1125
     GPU 0  1.000  0.939  0.752  0.000  0.001  0.000  0.624  0.000               5311293               3430036         100           0       0.000      99.000     181.260        4170508519   1125      0     34          44   1125
     GPU 0  1.000  0.940  0.763  0.000  0.001  0.000  0.616  0.000               7269427               5102369         100           0       0.000      99.000     181.260        4170508519   1125      0     34          44   1125
     GPU 0  1.000  0.000  0.000  0.000  0.002  0.000  0.000  0.000              10458240               7594149         100           0       0.000      99.000     181.260        4170508519   1125      0     34          44   1125
     GPU 0  1.000  0.938  0.734  0.000  0.001  0.000  0.619  0.000               7085622               5702003         100           0       0.000      99.000     181.260        4170508519   1125      0     34          44   1125
     GPU 0  1.000  0.938  0.742  0.000  0.001  0.000  0.619  0.000              11401142               8620688         100           0       0.000      99.000     181.260        4170526851   1125      0     34          44   1125
     GPU 0  1.000  0.000  0.000  0.000  0.002  0.000  0.000  0.000              12281743               8936035         100           0       0.000      99.000     181.260        4170526851   1125      0     34          44   1125
     GPU 0  1.000  0.933  0.754  0.000  0.002  0.000  0.599  0.000               6433355               5097130         100           0       0.000      99.000     181.260        4170526851   1125      0     34          44   1125
     GPU 0  1.000  0.933  0.754  0.000  0.002  0.000  0.599  0.000               6433355               5097130         100           0       0.000      99.000     181.260        4170526851   1125      0     34          44   1125
     GPU 0  1.000  0.927  0.740  0.000  0.001  0.000  0.610  0.000               7820380               6105272         100           0       0.000      99.000     181.260        4170526851   1125      0     34          44   1125
     GPU 0  1.000  0.000  0.000  0.000  0.002  0.000  0.000  0.000               6370634               5363081         100           0       0.000      99.000     180.970        4170545083   1125      0     34          44   1125
     GPU 0  1.000  0.934  0.731  0.000  0.002  0.000  0.596  0.000              10524696               7790524         100           0       0.000      99.000     180.970        4170545083   1125      0     34          44   1125
     GPU 0  1.000  0.943  0.751  0.000  0.001  0.000  0.625  0.000              11623011               8493335         100           0       0.000      99.000     180.970        4170545083   1125      0     34          44   1125
     GPU 0  1.000  0.943  0.751  0.000  0.001  0.000  0.625  0.000              11623011               8493335         100           0       0.000      99.000     180.970        4170545083   1125      0     34          44   1125

# Entity  GRACT  SMACT  SMOCC  TENSO  DRAMA  FP64A  FP32A  FP16A                 PCITX                 PCIRX       GPUTL       MCUTL       MUSAM       GUSAM       POWER             TOTEC  SACLK  PSTAT  TMPTR       MMTMP  SMCLK
      Id                                                                                                                                                               W                mJ                    C           C       
     GPU 0  1.000  0.000  0.000  0.000  0.001  0.000  0.000  0.000               7775429               6308884         100           0       0.000      99.000     180.970        4170545083   1125      0     34          44   1125
     GPU 0  1.000  0.938  0.735  0.000  0.001  0.000  0.619  0.000               3385279               1244265         100           0       0.000      99.000     180.970        4170563501   1125      0     35          44   1125
     GPU 0  1.000  0.000  0.000  0.000  0.001  0.000  0.000  0.000               1172013               1088298         100           0       0.000      99.000     179.899        4170563501   1125      0     35          44   1125
     GPU 0  1.000  0.942  0.768  0.000  0.001  0.000  0.626  0.000               5566488               5359994         100           0       0.000      99.000     179.899        4170563501   1125      0     35          45   1125
     GPU 0  1.000  0.937  0.747  0.000  0.001  0.000  0.619  0.000               3385102               1477482         100           0       0.000      99.000     179.899        4170563501   1125      0     35          44   1125
     GPU 0  1.000  0.000  0.000  0.000  0.001  0.000  0.000  0.000               3596876               1687681         100           0       0.000      99.000     179.899        4170563501   1125      0     35          44   1125
     GPU 0  1.000  0.000  0.000  0.000  0.001  0.000  0.000  0.000               3596876               1687681         100           0       0.000      99.000     181.502        4170581751   1125      0     35          44   1125
     GPU 0  1.000  0.938  0.752  0.000  0.001  0.000  0.606  0.000               4838289               3269025         100           0       0.000      99.000     181.502        4170581751   1125      0     35          44   1125
     GPU 0  1.000  0.938  0.736  0.000  0.001  0.000  0.619  0.000               6772403               4703802         100           0       0.000      99.000     181.502        4170581751   1125      0     35          44   1125
     GPU 0  1.000  0.000  0.000  0.000  0.001  0.000  0.000  0.000               8500004               6068992         100           0       0.000      99.000     181.502        4170581751   1125      0     35          44   1125
     GPU 0  1.000  0.931  0.752  0.000  0.001  0.000  0.616  0.000               9952289               7693118         100           0       0.000      99.000     181.502        4170581751   1125      0     35          44   1125
     GPU 0  1.000  0.935  0.736  0.000  0.002  0.000  0.596  0.000              10213875               7995569         100           0       0.000      99.000     181.260        4170600028   1125      0     35          44   1125
     GPU 0  1.000  0.935  0.736  0.000  0.002  0.000  0.596  0.000              10213875               7995569         100           0       0.000      99.000     181.260        4170600028   1125      0     35          45   1125
     GPU 0  1.000  0.000  0.000  0.000  0.002  0.000  0.000  0.000               9590624               7118076         100           0       0.000      99.000     181.260        4170600028   1125      0     35          45   1125

# Entity  GRACT  SMACT  SMOCC  TENSO  DRAMA  FP64A  FP32A  FP16A                 PCITX                 PCIRX       GPUTL       MCUTL       MUSAM       GUSAM       POWER             TOTEC  SACLK  PSTAT  TMPTR       MMTMP  SMCLK
      Id                                                                                                                                                               W                mJ                    C           C       
     GPU 0  1.000  0.931  0.729  0.000  0.001  0.000  0.613  0.000               9185870               6308632         100           0       0.000      99.000     181.260        4170600028   1125      0     35          44   1125
     GPU 0  1.000  0.942  0.737  0.000  0.002  0.000  0.601  0.000              10827301               8319436         100           0       0.000      99.000     181.260        4170600028   1125      0     35          45   1125
     GPU 0  1.000  0.000  0.000  0.000  0.002  0.000  0.000  0.000               7406423               6402164         100           0       0.000      99.000     181.799        4170618391   1125      0     35          45   1125
     GPU 0  1.000  0.940  0.741  0.000  0.002  0.000  0.622  0.000               2333213               1679714         100           0       0.000      99.000     181.799        4170618391   1125      0     35          45   1125
     GPU 0  1.000  0.940  0.741  0.000  0.002  0.000  0.622  0.000               2333213               1679714         100           0       0.000      99.000     181.799        4170618391   1125      0     35          44   1125
     GPU 0  1.000  0.934  0.732  0.000  0.001  0.000  0.612  0.000               6609781               4364472         100           0       0.000      99.000     181.799        4170618391   1125      0     35          45   1125
     GPU 0  1.000  0.000  0.000  0.000  0.001  0.000  0.000  0.000               4743485               3422638         100           0       0.000      99.000     181.799        4170618391   1125      0     35          45   1125
     GPU 0  1.000  0.938  0.737  0.000  0.001  0.000  0.618  0.000               9541520               7544035         100           0       0.000      99.000     180.970        4170636739   1125      0     35          45   1125
     GPU 0  1.000  0.938  0.737  0.000  0.001  0.000  0.618  0.000               9541520               7544035         100           0       0.000      99.000     180.970        4170636739   1125      0     35          45   1125
     GPU 0  1.000  0.930  0.747  0.000  0.001  0.000  0.613  0.000               9720752               7332295         100           0       0.000      99.000     180.970        4170636739   1125      0     35          45   1125
     GPU 0  1.000  0.000  0.000  0.000  0.001  0.000  0.000  0.000               8493274               5950692         100           0       0.000      99.000     180.970        4170636739   1125      0     35          45   1125
     GPU 0  1.000  0.928  0.729  0.000  0.001  0.000  0.611  0.000               6115441               5402988         100           0       0.000      99.000     180.970        4170636739   1125      0     35          45   1125
     GPU 0  1.000  0.939  0.748  0.000  0.001  0.000  0.620  0.000               3537564               1365950         100           0       0.000      99.000     180.970        4170654983   1125      0     35          45   1125
     GPU 0  1.000  0.939  0.748  0.000  0.001  0.000  0.620  0.000               3537564               1365950         100           0       0.000      99.000     180.970        4170654983   1125      0     35          45   1125

# Entity  GRACT  SMACT  SMOCC  TENSO  DRAMA  FP64A  FP32A  FP16A                 PCITX                 PCIRX       GPUTL       MCUTL       MUSAM       GUSAM       POWER             TOTEC  SACLK  PSTAT  TMPTR       MMTMP  SMCLK
      Id                                                                                                                                                               W                mJ                    C           C       
     GPU 0  1.000  0.000  0.000  0.000  0.002  0.000  0.000  0.000               2251555               1564399         100           0       0.000      99.000     180.970        4170654983   1125      0     35          45   1125
     GPU 0  1.000  0.934  0.750  0.000  0.002  0.000  0.599  0.000               4845810               3441191         100           0       0.000      99.000     180.970        4170654983   1125      0     35          45   1125
     GPU 0  1.000  0.936  0.768  0.000  0.002  0.000  0.621  0.000               6527403               5263637         100           0       0.000      99.000     180.970        4170654983   1125      0     35          45   1125
     GPU 0  1.000  0.000  0.000  0.000  0.001  0.000  0.000  0.000               8337920               6540995         100           0       0.000      99.000     180.728        4170673581   1125      0     35          45   1125
     GPU 0  1.000  0.000  0.000  0.000  0.001  0.000  0.000  0.000               8337920               6540995         100           0       0.000      99.000     180.728        4170673581   1125      0     35          45   1125
     GPU 0  1.000  0.938  0.735  0.000  0.001  0.000  0.614  0.000               9664586               7011900         100           0       0.000      99.000     180.728        4170673581   1125      0     35          45   1125
     GPU 0  1.000  0.940  0.755  0.000  0.002  0.000  0.624  0.000               8507589               5821868         100           0       0.000      99.000     180.728        4170673581   1125      0     35          45   1125
     GPU 0  1.000  0.000  0.000  0.000  0.002  0.000  0.000  0.000               7401977               6482341         100           0       0.000      99.000     180.728        4170673581   1125      0     35          45   1125
     GPU 0  1.000  0.932  0.729  0.000  0.001  0.000  0.613  0.000               2559270               2478640         100           0       0.000      99.000     181.502        4170691722   1125      0     35          45   1125
     GPU 0  1.000  0.932  0.729  0.000  0.001  0.000  0.613  0.000               2559270               2478640         100           0       0.000      99.000     181.502        4170691722   1125      0     35          45   1125
     GPU 0  1.000  0.928  0.739  0.000  0.001  0.000  0.613  0.000               2291278               1151895         100           0       0.000      99.000     181.502        4170691722   1125      0     35          45   1125
     GPU 0  1.000  0.000  0.000  0.000  0.001  0.000  0.000  0.000               4795604               3167320         100           0       0.000      99.000     181.502        4170691722   1125      0     35          45   1125
     GPU 0  1.000  0.928  0.729  0.000  0.001  0.000  0.611  0.000               7137857               5167650         100           0       0.000      99.000     181.502        4170691722   1125      0     35          45   1125
     GPU 0  1.000  0.940  0.765  0.000  0.002  0.000  0.604  0.000               9164131               7040305         100           0       0.000      99.000     181.799        4170710057   1125      0     35          45   1125

# Entity  GRACT  SMACT  SMOCC  TENSO  DRAMA  FP64A  FP32A  FP16A                 PCITX                 PCIRX       GPUTL       MCUTL       MUSAM       GUSAM       POWER             TOTEC  SACLK  PSTAT  TMPTR       MMTMP  SMCLK
      Id                                                                                                                                                               W                mJ                    C           C       
     GPU 0  1.000  0.000  0.000  0.000  0.001  0.000  0.000  0.000              11359566               7139267         100           0       0.000      99.000     181.799        4170710057   1125      0     35          45   1125
     GPU 0  1.000  0.000  0.000  0.000  0.001  0.000  0.000  0.000              11359566               7139267         100           0       0.000      99.000     181.799        4170710057   1125      0     35          45   1125
     GPU 0  1.000  0.939  0.748  0.000  0.001  0.000  0.620  0.000              10677197               7076310         100           0       0.000      99.000     181.799        4170710057   1125      0     35          45   1125
     GPU 0  1.000  0.936  0.742  0.000  0.001  0.000  0.602  0.000               7112414               5137326         100           0       0.000      99.000     181.799        4170710057   1125      0     35          45   1125
     GPU 0  1.000  0.000  0.000  0.000  0.001  0.000  0.000  0.000               9378166               7385268         100           0       0.000      99.000     181.799        4170728451   1125      0     35          45   1125
     GPU 0  1.000  0.935  0.731  0.000  0.001  0.000  0.616  0.000              10173421               7676937         100           0       0.000      99.000     181.799        4170728451   1125      0     35          45   1125
     GPU 0  1.000  0.942  0.767  0.000  0.001  0.000  0.627  0.000              10530703               8024766         100           0       0.000      99.000     181.799        4170728451   1125      0     35          45   1125
     GPU 0  1.000  0.000  0.000  0.000  0.002  0.000  0.000  0.000              10460799               7913143         100           0       0.000      99.000     181.799        4170728451   1125      0     35          45   1125
     GPU 0  1.000  0.000  0.000  0.000  0.002  0.000  0.000  0.000              10460799               7913143         100           0       0.000      99.000     181.799        4170728451   1125      0     35          45   1125
     GPU 0  1.000  0.939  0.733  0.000  0.001  0.000  0.619  0.000              10839458               7918710         100           0       0.000      99.000     180.970        4170746809   1125      0     35          45   1125
     GPU 0  1.000  0.929  0.734  0.000  0.001  0.000  0.612  0.000               9599692               7435058         100           0       0.000      99.000     180.970        4170746809   1125      0     35          45   1125
     GPU 0  1.000  0.000  0.000  0.000  0.001  0.000  0.000  0.000               3386157               1202385         100           0       0.000      99.000     180.970        4170746809   1125      0     35          45   1125
     GPU 0  1.000  0.927  0.724  0.000  0.001  0.000  0.610  0.000               3402127               1536455         100           0       0.000      99.000     180.970        4170746809   1125      0     35          45   1125
     GPU 0  1.000  0.937  0.729  0.000  0.002  0.000  0.572  0.000               4631416               3101351         100           0       0.000      99.000     180.970        4170746809   1125      0     35          45   1125

# Entity  GRACT  SMACT  SMOCC  TENSO  DRAMA  FP64A  FP32A  FP16A                 PCITX                 PCIRX       GPUTL       MCUTL       MUSAM       GUSAM       POWER             TOTEC  SACLK  PSTAT  TMPTR       MMTMP  SMCLK
      Id                                                                                                                                                               W                mJ                    C           C       
     GPU 0  1.000  0.937  0.729  0.000  0.002  0.000  0.572  0.000               4631416               3101351         100           0       0.000      99.000     182.041        4170765115   1125      0     35          45   1125
     GPU 0  1.000  0.000  0.000  0.000  0.001  0.000  0.000  0.000               5094669               3327630         100           0       0.000      99.000     182.041        4170765115   1125      0     35          45   1125
     GPU 0  1.000  0.945  0.761  0.000  0.001  0.000  0.629  0.000               7424079               5071658         100           0       0.000      99.000     182.041        4170765115   1125      0     35          45   1125
     GPU 0  1.000  0.925  0.722  0.000  0.001  0.000  0.609  0.000              10658156               7933429         100           0       0.000      99.000     182.041        4170765115   1125      0     35          45   1125
     GPU 0  1.000  0.000  0.000  0.000  0.002  0.000  0.000  0.000              10425931               8016142         100           0       0.000      99.000     182.041        4170765115   1125      0     35          45   1125
     GPU 0  1.000  0.000  0.000  0.000  0.002  0.000  0.000  0.000              10425931               8016142         100           0       0.000      99.000     180.431        4170783564   1125      0     35          45   1125
     GPU 0  1.000  0.931  0.741  0.000  0.001  0.000  0.610  0.000              10919702               7924740         100           0       0.000      99.000     180.431        4170783564   1125      0     35          45   1125
     GPU 0  1.000  0.932  0.731  0.000  0.002  0.000  0.614  0.000               6603524               5183177         100           0       0.000      99.000     180.431        4170783564   1125      0     35          45   1125
     GPU 0  1.000  0.000  0.000  0.000  0.002  0.000  0.000  0.000               3425287               1356916         100           0       0.000      99.000     180.431        4170783564   1125      0     35          45   1125
     GPU 0  1.000  0.938  0.734  0.000  0.002  0.000  0.598  0.000               2296343               1608521         100           0       0.000      99.000     180.431        4170783564   1125      0     35          45   1125
     GPU 0  1.000  0.938  0.734  0.000  0.002  0.000  0.598  0.000               2296343               1608521         100           0       0.000      99.000     182.041        4170801834   1125      0     35          45   1125
     GPU 0  1.000  0.950  0.755  0.000  0.002  0.000  0.631  0.000               5577348               3117076         100           0       0.000      99.000     182.041        4170801834   1125      0     36          45   1125
     GPU 0  1.000  0.000  0.000  0.000  0.001  0.000  0.000  0.000               4782367               3103477         100           0       0.000      99.000     182.041        4170801834   1125      0     36          45   1125
     GPU 0  1.000  0.929  0.751  0.000  0.001  0.000  0.613  0.000               8141811               5441988         100           0       0.000      99.000     182.041        4170801834   1125      0     36          45   1125

# Entity  GRACT  SMACT  SMOCC  TENSO  DRAMA  FP64A  FP32A  FP16A                 PCITX                 PCIRX       GPUTL       MCUTL       MUSAM       GUSAM       POWER             TOTEC  SACLK  PSTAT  TMPTR       MMTMP  SMCLK
      Id                                                                                                                                                               W                mJ                    C           C       
     GPU 0  1.000  0.947  0.761  0.000  0.001  0.000  0.612  0.000              10524734               7999155         100           0       0.000      99.000     182.041        4170801834   1125      0     36          45   1125
     GPU 0  1.000  0.947  0.761  0.000  0.001  0.000  0.612  0.000              10524734               7999155         100           0       0.000      99.000     182.041        4170820189   1125      0     36          45   1125
     GPU 0  1.000  0.000  0.000  0.000  0.002  0.000  0.000  0.000              10217318               7812317         100           0       0.000      99.000     182.041        4170820189   1125      0     36          45   1125
     GPU 0  1.000  0.937  0.750  0.000  0.001  0.000  0.622  0.000               6177662               4840523         100           0       0.000      99.000     182.041        4170820189   1125      0     36          45   1125
     GPU 0  1.000  0.944  0.755  0.000  0.001  0.000  0.624  0.000               3428978               1286337         100           0       0.000      99.000     182.041        4170820189   1125      0     36          45   1125
     GPU 0  1.000  0.000  0.000  0.000  0.001  0.000  0.000  0.000               2092770                994137         100           0       0.000      99.000     182.041        4170820189   1125      0     36          45   1125
     GPU 0  1.000  0.000  0.000  0.000  0.001  0.000  0.000  0.000               2092770                994137         100           0       0.000      99.000     181.502        4170838488   1125      0     36          45   1125
     GPU 0  1.000  0.928  0.751  0.000  0.001  0.000  0.613  0.000               3300836               1798918         100           0       0.000      99.000     181.502        4170838488   1125      0     36          45   1125
     GPU 0  1.000  0.947  0.770  0.000  0.002  0.000  0.605  0.000               4709453               3298936         100           0       0.000      99.000     181.502        4170838488   1125      0     36          45   1125
     GPU 0  1.000  0.000  0.000  0.000  0.002  0.000  0.000  0.000               8230290               5654711         100           0       0.000      99.000     181.502        4170838488   1125      0     36          45   1125
     GPU 0  1.000  0.929  0.742  0.000  0.001  0.000  0.614  0.000               9797327               7420739         100           0       0.000      99.000     181.502        4170838488   1125      0     36          45   1125
     GPU 0  1.000  0.935  0.753  0.000  0.001  0.000  0.621  0.000              10325410               7828102         100           0       0.000      99.000     182.332        4170856809   1125      0     36          45   1125
     GPU 0  1.000  0.000  0.000  0.000  0.002  0.000  0.000  0.000              11534792               7190660         100           0       0.000      99.000     182.332        4170856809   1125      0     36          45   1125
     GPU 0  1.000  0.000  0.000  0.000  0.002  0.000  0.000  0.000              11534792               7190660         100           0       0.000      99.000     182.332        4170856809   1125      0     36          45   1125

# Entity  GRACT  SMACT  SMOCC  TENSO  DRAMA  FP64A  FP32A  FP16A                 PCITX                 PCIRX       GPUTL       MCUTL       MUSAM       GUSAM       POWER             TOTEC  SACLK  PSTAT  TMPTR       MMTMP  SMCLK
      Id                                                                                                                                                               W                mJ                    C           C       
     GPU 0  1.000  0.933  0.733  0.000  0.002  0.000  0.600  0.000              11347354               7436479         100           0       0.000      99.000     182.332        4170856809   1125      0     36          45   1125
     GPU 0  1.000  0.936  0.759  0.000  0.001  0.000  0.621  0.000               6929638               4792935         100           0       0.000      99.000     182.332        4170856809   1125      0     36          45   1125
     GPU 0  1.000  0.000  0.000  0.000  0.002  0.000  0.000  0.000              10026240               7770624         100           0       0.000      99.000     181.502        4170875126   1125      0     36          45   1125
     GPU 0  1.000  0.937  0.752  0.000  0.001  0.000  0.611  0.000               9247035               6956643         100           0       0.000      99.000     181.502        4170875126   1125      0     36          45   1125
     GPU 0  1.000  0.937  0.752  0.000  0.001  0.000  0.611  0.000               9247035               6956643         100           0       0.000      99.000     181.502        4170875126   1125      0     36          45   1125
     GPU 0  1.000  0.929  0.729  0.000  0.001  0.000  0.612  0.000               7565145               5321251         100           0       0.000      99.000     181.502        4170875126   1125      0     36          45   1125
     GPU 0  1.000  0.000  0.000  0.000  0.001  0.000  0.000  0.000               8629603               6054640         100           0       0.000      99.000     181.502        4170875126   1125      0     36          45   1125
     GPU 0  1.000  0.938  0.763  0.000  0.002  0.000  0.624  0.000              11486454               8929178         100           0       0.000      99.000     181.502        4170875126   1125      0     36          45   1125
     GPU 0  1.000  0.942  0.774  0.000  0.002  0.000  0.596  0.000               8729332               6731049         100           0       0.000      99.000     181.502        4170893772   1125      0     36          45   1125
     GPU 0  1.000  0.000  0.000  0.000  0.002  0.000  0.000  0.000               2214758               1604462         100           0       0.000      99.000     181.502        4170893772   1125      0     36          45   1125
     GPU 0  1.000  0.000  0.000  0.000  0.002  0.000  0.000  0.000               2214758               1604462         100           0       0.000      99.000     181.502        4170893772   1125      0     36          45   1125
     GPU 0  1.000  0.938  0.743  0.000  0.002  0.000  0.620  0.000               4597403               2836579         100           0       0.000      99.000     181.502        4170893772   1125      0     36          45   1125
     GPU 0  1.000  0.946  0.776  0.000  0.001  0.000  0.632  0.000               5046003               3199224         100           0       0.000      99.000     182.332        4170911838   1125      0     36          45   1125
     GPU 0  1.000  0.000  0.000  0.000  0.001  0.000  0.000  0.000               7153579               4790794         100           0       0.000      99.000     182.332        4170911838   1125      0     36          45   1125

# Entity  GRACT  SMACT  SMOCC  TENSO  DRAMA  FP64A  FP32A  FP16A                 PCITX                 PCIRX       GPUTL       MCUTL       MUSAM       GUSAM       POWER             TOTEC  SACLK  PSTAT  TMPTR       MMTMP  SMCLK
      Id                                                                                                                                                               W                mJ                    C           C       
     GPU 0  1.000  0.945  0.756  0.000  0.002  0.000  0.611  0.000               9971160               7643264         100           0       0.000      99.000     182.332        4170911838   1125      0     36          45   1125
     GPU 0  1.000  0.931  0.752  0.000  0.002  0.000  0.615  0.000               9950428               7716340         100           0       0.000      99.000     182.332        4170911838   1125      0     36          45   1125
     GPU 0  1.000  0.931  0.752  0.000  0.002  0.000  0.615  0.000               9950428               7716340         100           0       0.000      99.000     182.332        4170911838   1125      0     36          45   1125
     GPU 0  1.000  0.000  0.000  0.000  0.001  0.000  0.000  0.000               8778726               6814012         100           0       0.000      99.000     182.041        4170930323   1125      0     36          45   1125
     GPU 0  0.298  0.553  0.423  0.000  0.001  0.000  0.350  0.000             537714602               4152265         100           0       0.000      99.000     182.041        4170930323   1125      0     35          45   1125
     GPU 0  0.000  0.000  0.000  0.000  0.000  0.000  0.000  0.000               7918101               4799792         100           0       0.000      99.000     182.041        4170930323   1125      0     34          45   1125
     GPU 0  0.000  0.000  0.000  0.000  0.000  0.000  0.000  0.000              11059756               7380638         100           0       0.000      99.000     182.041        4170930323   1125      0     34          45   1125
     GPU 0  0.000  0.000  0.000  0.000  0.000  0.000  0.000  0.000              10503697               6936714         100           0       0.000      99.000     182.041        4170930323   1125      0     33          45   1125
     GPU 0  0.000  0.000  0.000  0.000  0.000  0.000  0.000  0.000              10503697               6936714         100           0       0.000      99.000      89.787        4170941142   1125      0     32          45   1125
     GPU 0  0.000  0.000  0.000  0.000  0.000  0.000  0.000  0.000               8304318               4984917         100           0       0.000      99.000      89.787        4170941142   1125      0     32          45   1125
     GPU 0  0.000  0.000  0.000  0.000  0.000  0.000  0.000  0.000               3258208                275007         100           0       0.000      99.000      89.787        4170941142   1125      0     32          45   1125
     GPU 0  0.000  0.000  0.000  0.000  0.000  0.000  0.000  0.000               6094885               2101855          28           0       0.000      28.000      89.787        4170941142   1125      0     32          45   1125
     GPU 0  0.000  0.000  0.000  0.000  0.000  0.000  0.000  0.000               8643168               4325016          28           0       0.000      28.000      89.787        4170941142   1125      0     32          45   1125
     GPU 0  0.000  0.000  0.000  0.000  0.000  0.000  0.000  0.000               8643168               4325016          28           0       0.000      28.000      89.787        4170950236   1125      0     31          45   1125

# Entity  GRACT  SMACT  SMOCC  TENSO  DRAMA  FP64A  FP32A  FP16A                 PCITX                 PCIRX       GPUTL       MCUTL       MUSAM       GUSAM       POWER             TOTEC  SACLK  PSTAT  TMPTR       MMTMP  SMCLK
      Id                                                                                                                                                               W                mJ                    C           C       
     GPU 0  0.000  0.000  0.000  0.000  0.000  0.000  0.000  0.000               9859165               5239942          28           0       0.000      28.000      89.787        4170950236   1125      0     31          45   1125
     GPU 0  0.000  0.000  0.000  0.000  0.000  0.000  0.000  0.000               8542006               5138805          28           0       0.000      28.000      89.787        4170950236   1125      0     31          45   1125
     GPU 0  0.000  0.000  0.000  0.000  0.000  0.000  0.000  0.000              10444686               6863862          28           0       0.000      28.000      89.787        4170950236   1125      0     31          45   1125
     GPU 0  0.000  0.000  0.000  0.000  0.000  0.000  0.000  0.000               9850300               6396076          28           0       0.000      28.000      89.787        4170950236   1125      0     31          45   1125
     GPU 0  0.000  0.000  0.000  0.000  0.000  0.000  0.000  0.000              10224145               6688240          28           0       0.000      28.000      89.496        4170959281   1125      0     31          45   1125
     GPU 0  0.000  0.000  0.000  0.000  0.000  0.000  0.000  0.000              10224145               6688240          28           0       0.000      28.000      89.496        4170959281   1125      0     31          45   1125
     GPU 0  0.000  0.000  0.000  0.000  0.000  0.000  0.000  0.000              10475649               5835296          28           0       0.000      28.000      89.496        4170959281   1125      0     31          45   1125
     GPU 0  0.000  0.000  0.000  0.000  0.000  0.000  0.000  0.000               9578497               5747098          28           0       0.000      28.000      89.496        4170959281   1125      0     31          45   1125
     GPU 0  0.000  0.000  0.000  0.000  0.000  0.000  0.000  0.000              11704292               7367538           0           0       0.000       0.000      89.496        4170959281   1125      0     31          45   1125
     GPU 0  0.000  0.000  0.000  0.000  0.000  0.000  0.000  0.000              11070658               5905228           0           0       0.000       0.000      89.199        4170968327   1125      0     31          45   1125
     GPU 0  0.000  0.000  0.000  0.000  0.000  0.000  0.000  0.000               3395901               2268776           0           0       0.000       0.000      89.199        4170968327   1125      0     30          45   1125
     GPU 0  0.000  0.000  0.000  0.000  0.000  0.000  0.000  0.000               2043322                163299           0           0       0.000       0.000      89.199        4170968327   1125      0     30          45   1125
     GPU 0  0.000  0.000  0.000  0.000  0.000  0.000  0.000  0.000               2043322                163299           0           0       0.000       0.000      89.199        4170968327   1125      0     30          45   1125
     GPU 0  0.000  0.000  0.000  0.000  0.000  0.000  0.000  0.000               2045106                163443           0           0       0.000       0.000      89.199        4170968327   1125      0     30          45   1125

# Entity  GRACT  SMACT  SMOCC  TENSO  DRAMA  FP64A  FP32A  FP16A                 PCITX                 PCIRX       GPUTL       MCUTL       MUSAM       GUSAM       POWER             TOTEC  SACLK  PSTAT  TMPTR       MMTMP  SMCLK
      Id                                                                                                                                                               W                mJ                    C           C       
     GPU 0  0.000  0.000  0.000  0.000  0.000  0.000  0.000  0.000               4367855               2086252           0           0       0.000       0.000      89.496        4170977365   1125      0     30          45   1125
     GPU 0  0.000  0.000  0.000  0.000  0.000  0.000  0.000  0.000               7023436               3701875           0           0       0.000       0.000      89.496        4170977365   1125      0     30          45   1125
     GPU 0  0.000  0.000  0.000  0.000  0.000  0.000  0.000  0.000               7023436               3701875           0           0       0.000       0.000      89.496        4170977365   1125      0     30          45   1125
     GPU 0  0.000  0.000  0.000  0.000  0.000  0.000  0.000  0.000               9238922               5771692           0           0       0.000       0.000      89.496        4170977365   1125      0     30          45   1125
     GPU 0  0.000  0.000  0.000  0.000  0.000  0.000  0.000  0.000               9238922               5771692           0           0       0.000       0.000      89.496        4170977365   1125      0     30          45   1125
     GPU 0  0.000  0.000  0.000  0.000  0.000  0.000  0.000  0.000              11921096              11736395           0           0       0.000       0.000      89.199        4170986378   1125      0     30          45   1125
     GPU 0  0.000  0.000  0.000  0.000  0.000  0.000  0.000  0.000              11921096              11736395           0           0       0.000       0.000      89.199        4170986378   1125      0     30          45   1125
     GPU 0  0.000  0.000  0.000  0.000  0.000  0.000  0.000  0.000               1139920                303978           0           0       0.000       0.000      89.199        4170986378   1125      0     30          45   1125
     GPU 0  0.000  0.000  0.000  0.000  0.000  0.000  0.000  0.000               1139920                303978           0           0       0.000       0.000      89.199        4170986378   1125      0     30          45   1125
     GPU 0  0.000  0.000  0.000  0.000  0.000  0.000  0.000  0.000               7846290              18378698           0           0       0.000       0.000      89.199        4170986378   1125      0     30          45   1125
     GPU 0  0.000  0.000  0.000  0.000  0.000  0.000  0.000  0.000               7846290              18378698           0           0       0.000       0.000      89.496        4170995395   1125      0     30          45   1125
     GPU 0  0.000  0.000  0.000  0.000  0.000  0.000  0.000  0.000              11273956               9033741           0           0       0.000       0.000      89.496        4170995395   1125      0     30          45   1125
     GPU 0  0.000  0.000  0.000  0.000  0.000  0.000  0.000  0.000               8241991               7347525           0           0       0.000       0.000      89.496        4170995395   1125      0     30          45   1125
     GPU 0  0.000  0.000  0.000  0.000  0.000  0.000  0.000  0.000               8241991               7347525           7           0       0.000       0.000      89.496        4170995395   1125      0     30          45   1125

# Entity  GRACT  SMACT  SMOCC  TENSO  DRAMA  FP64A  FP32A  FP16A                 PCITX                 PCIRX       GPUTL       MCUTL       MUSAM       GUSAM       POWER             TOTEC  SACLK  PSTAT  TMPTR       MMTMP  SMCLK
      Id                                                                                                                                                               W                mJ                    C           C       
     GPU 0  0.000  0.000  0.000  0.000  0.000  0.000  0.000  0.000               7069957               5625509           7           0       0.000       0.000      89.496        4170995395   1125      0     30          45   1125
     GPU 0  0.000  0.000  0.000  0.000  0.000  0.000  0.000  0.000               9335291               5935098           7           0       0.000       0.000      89.199        4171004417   1125      0     30          45   1125
     GPU 0  0.000  0.000  0.000  0.000  0.000  0.000  0.000  0.000               6710591               4236828           7           0       0.000       0.000      89.199        4171004417   1125      0     30          45   1125
     GPU 0  0.000  0.000  0.000  0.000  0.000  0.000  0.000  0.000               1957107                121201           7           0       0.000       0.000      89.199        4171004417   1125      0     30          45   1125
     GPU 0  0.000  0.000  0.000  0.000  0.000  0.000  0.000  0.000               1957107                121201           7           0       0.000       0.000      89.199        4171004417   1125      0     30          45   1125
     GPU 0  0.000  0.000  0.000  0.000  0.000  0.000  0.000  0.000               1966159                 41892           7           0       0.000       0.000      89.199        4171004417   1125      0     30          45   1125
     GPU 0  0.000  0.000  0.000  0.000  0.000  0.000  0.000  0.000               1965569                     0           7           0       0.000       0.000      89.199        4171013425   1125      0     30          45   1125
     GPU 0  0.000  0.000  0.000  0.000  0.000  0.000  0.000  0.000               7192784               4021771           7           0       0.000       0.000      89.199        4171013425   1125      0     30          45   1125
     GPU 0  0.000  0.000  0.000  0.000  0.000  0.000  0.000  0.000               6022851               3260036           7           0       0.000       0.000      89.199        4171013425   1125      0     29          45   1125
     GPU 0  0.000  0.000  0.000  0.000  0.000  0.000  0.000  0.000               4752553               2386100           0           0       0.000       0.000      89.199        4171013425   1125      0     29          45   1125
     GPU 0  0.000  0.000  0.000  0.000  0.000  0.000  0.000  0.000               6347730               3992607           0           0       0.000       0.000      89.199        4171013425   1125      0     29          45   1125
     GPU 0  0.000  0.000  0.000  0.000  0.000  0.000  0.000  0.000               6347730               3992607           0           0       0.000       0.000      89.199        4171013425   1125      0     29          45   1125
     GPU 0  0.000  0.000  0.000  0.000  0.000  0.000  0.000  0.000               9414871               5537003           0           0       0.000       0.000      89.199        4171022534   1125      0     29          45   1125
     GPU 0  0.000  0.000  0.000  0.000  0.000  0.000  0.000  0.000               9333005               5219539           0           0       0.000       0.000      89.199        4171022534   1125      0     29          45   1125

# Entity  GRACT  SMACT  SMOCC  TENSO  DRAMA  FP64A  FP32A  FP16A                 PCITX                 PCIRX       GPUTL       MCUTL       MUSAM       GUSAM       POWER             TOTEC  SACLK  PSTAT  TMPTR       MMTMP  SMCLK
      Id                                                                                                                                                               W                mJ                    C           C       
     GPU 0  0.000  0.000  0.000  0.000  0.000  0.000  0.000  0.000              10009240               6523955           0           0       0.000       0.000      89.199        4171022534   1125      0     29          45   1125
     GPU 0  0.000  0.000  0.000  0.000  0.000  0.000  0.000  0.000               9253143               5970502           0           0       0.000       0.000      89.199        4171022534   1125      0     29          45   1125
     GPU 0  0.000  0.000  0.000  0.000  0.000  0.000  0.000  0.000               9253143               5970502           0           0       0.000       0.000      89.199        4171031456   1125      0     29          45   1125
     GPU 0  0.000  0.000  0.000  0.000  0.000  0.000  0.000  0.000               9650957               6417804           0           0       0.000       0.000      89.199        4171031456   1125      0     29          45   1125
     GPU 0  0.000  0.000  0.000  0.000  0.000  0.000  0.000  0.000               9729094               6478566           0           0       0.000       0.000      89.199        4171031456   1125      0     29          45   1125
     GPU 0  0.000  0.000  0.000  0.000  0.000  0.000  0.000  0.000               9647883               6325252           0           0       0.000       0.000      89.199        4171031456   1125      0     29          45   1125
     GPU 0  0.000  0.000  0.000  0.000  0.000  0.000  0.000  0.000               4932942               3661512           0           0       0.000       0.000      89.199        4171031456   1125      0     29          44   1125
     GPU 0  0.000  0.000  0.000  0.000  0.000  0.000  0.000  0.000               3068254                275127           0           0       0.000       0.000      89.199        4171031456   1125      0     29          45   1125
     GPU 0  0.000  0.000  0.000  0.000  0.000  0.000  0.000  0.000               3248888                274229           0           0       0.000       0.000      88.957        4171040573   1125      0     29          44   1125
     GPU 0  0.000  0.000  0.000  0.000  0.000  0.000  0.000  0.000               3248888                274229           0           0       0.000       0.000      88.957        4171040573   1125      0     29          44   1125
     GPU 0  0.000  0.000  0.000  0.000  0.000  0.000  0.000  0.000               7724345               3719746           0           0       0.000       0.000      88.957        4171040573   1125      0     29          45   1125
     GPU 0  0.000  0.000  0.000  0.000  0.000  0.000  0.000  0.000               8737262               4669935           0           0       0.000       0.000      88.957        4171040573   1125      0     29          44   1125
     GPU 0  0.000  0.000  0.000  0.000  0.000  0.000  0.000  0.000               9623002               6389921           0           0       0.000       0.000      88.957        4171049491   1125      0     29          44   1125
     GPU 0  0.000  0.000  0.000  0.000  0.000  0.000  0.000  0.000               9949392               6599697           0           0       0.000       0.000      88.957        4171049491   1125      0     29          44   1125

# Entity  GRACT  SMACT  SMOCC  TENSO  DRAMA  FP64A  FP32A  FP16A                 PCITX                 PCIRX       GPUTL       MCUTL       MUSAM       GUSAM       POWER             TOTEC  SACLK  PSTAT  TMPTR       MMTMP  SMCLK
      Id                                                                                                                                                               W                mJ                    C           C       
     GPU 0  0.000  0.000  0.000  0.000  0.000  0.000  0.000  0.000               9781899               6527755           0           0       0.000       0.000      88.957        4171049491   1125      0     29          44   1125
     GPU 0  0.000  0.000  0.000  0.000  0.000  0.000  0.000  0.000               9724000               6465771           0           0       0.000       0.000      88.957        4171049491   1125      0     29          44   1125
     GPU 0  0.000  0.000  0.000  0.000  0.000  0.000  0.000  0.000               9724000               6465771           0           0       0.000       0.000      88.957        4171049491   1125      0     29          45   1125
     GPU 0  0.000  0.000  0.000  0.000  0.000  0.000  0.000  0.000               7581641               5403179           0           0       0.000       0.000      88.957        4171049491   1125      0     29          45   1125
     GPU 0  0.000  0.000  0.000  0.000  0.000  0.000  0.000  0.000               7012140               3745186           0           0       0.000       0.000      89.199        4171058578   1125      0     29          44   1125
     GPU 0  0.000  0.000  0.000  0.000  0.000  0.000  0.000  0.000               3067241                275031           0           0       0.000       0.000      89.199        4171058578   1125      0     29          44   1125
     GPU 0  0.000  0.000  0.000  0.000  0.000  0.000  0.000  0.000               3067241                275031           0           0       0.000       0.000      89.199        4171058578   1125      0     29          44   1125
     GPU 0  0.000  0.000  0.000  0.000  0.000  0.000  0.000  0.000               6887560               2523438           0           0       0.000       0.000      89.199        4171058578   1125      0     29          44   1125
     GPU 0  0.000  0.000  0.000  0.000  0.000  0.000  0.000  0.000               4423332               1946585           0           0       0.000       0.000      88.957        4171067509   1125      0     29          44   1125
     GPU 0  0.000  0.000  0.000  0.000  0.000  0.000  0.000  0.000               6566290               3721849           0           0       0.000       0.000      88.957        4171067509   1125      0     29          44   1125
     GPU 0  0.000  0.000  0.000  0.000  0.000  0.000  0.000  0.000               8581379               5205407           0           0       0.000       0.000      88.957        4171067509   1125      0     29          44   1125
     GPU 0  0.000  0.000  0.000  0.000  0.000  0.000  0.000  0.000              10009404               6568412           0           0       0.000       0.000      88.957        4171067509   1125      0     29          44   1125
     GPU 0  0.000  0.000  0.000  0.000  0.000  0.000  0.000  0.000              10325955               6792305           0           0       0.000       0.000      88.957        4171067509   1125      0     29          44   1125
     GPU 0  0.000  0.000  0.000  0.000  0.000  0.000  0.000  0.000              10132538               6729910           0           0       0.000       0.000      88.957        4171067509   1125      0     29          44   1125

# Entity  GRACT  SMACT  SMOCC  TENSO  DRAMA  FP64A  FP32A  FP16A                 PCITX                 PCIRX       GPUTL       MCUTL       MUSAM       GUSAM       POWER             TOTEC  SACLK  PSTAT  TMPTR       MMTMP  SMCLK
      Id                                                                                                                                                               W                mJ                    C           C       
     GPU 0  0.000  0.000  0.000  0.000  0.000  0.000  0.000  0.000              10132538               6729910           0           0       0.000       0.000      88.957        4171076508   1125      0     29          44   1125
     GPU 0  0.000  0.000  0.000  0.000  0.000  0.000  0.000  0.000              11160911               5886592           0           0       0.000       0.000      88.957        4171076508   1125      0     29          44   1125
     GPU 0  0.000  0.000  0.000  0.000  0.000  0.000  0.000  0.000              10198906               5494006           0           0       0.000       0.000      88.957        4171076508   1125      0     29          44   1125
     GPU 0  0.000  0.000  0.000  0.000  0.000  0.000  0.000  0.000               6723615               3799759           0           0       0.000       0.000      88.957        4171076508   1125      0     29          44   1125
     GPU 0  0.000  0.000  0.000  0.000  0.000  0.000  0.000  0.000               6723615               3799759           0           0       0.000       0.000      88.957        4171085487   1125      0     29          44   1125
     GPU 0  0.000  0.000  0.000  0.000  0.000  0.000  0.000  0.000               7289592               5195150           0           0       0.000       0.000      88.957        4171085487   1125      0     29          44   1125
     GPU 0  0.000  0.000  0.000  0.000  0.000  0.000  0.000  0.000               3424860                274953           0           0       0.000       0.000      88.957        4171085487   1125      0     29          44   1125
     GPU 0  0.000  0.000  0.000  0.000  0.000  0.000  0.000  0.000               5159689               2859182           0           0       0.000       0.000      88.957        4171085487   1125      0     29          44   1125
     GPU 0  0.000  0.000  0.000  0.000  0.000  0.000  0.000  0.000               5996099               3900161           0           0       0.000       0.000      88.957        4171085487   1125      0     29          44   1125
     GPU 0  0.000  0.000  0.000  0.000  0.000  0.000  0.000  0.000               5996099               3900161           0           0       0.000       0.000      88.957        4171094478   1125      0     29          44   1125
     GPU 0  0.000  0.000  0.000  0.000  0.000  0.000  0.000  0.000               5267119               2741609           0           0       0.000       0.000      88.957        4171094478   1125      0     29          44   1125
     GPU 0  0.000  0.000  0.000  0.000  0.000  0.000  0.000  0.000               8902935               5027696           0           0       0.000       0.000      88.957        4171094478   1125      0     29          44   1125
     GPU 0  0.000  0.000  0.000  0.000  0.000  0.000  0.000  0.000              10528224               7226690           0           0       0.000       0.000      88.957        4171094478   1125      0     29          45   1125
     GPU 0  0.000  0.000  0.000  0.000  0.000  0.000  0.000  0.000               7262884               5132263           0           0       0.000       0.000      88.957        4171094478   1125      0     29          44   1125

# Entity  GRACT  SMACT  SMOCC  TENSO  DRAMA  FP64A  FP32A  FP16A                 PCITX                 PCIRX       GPUTL       MCUTL       MUSAM       GUSAM       POWER             TOTEC  SACLK  PSTAT  TMPTR       MMTMP  SMCLK
      Id                                                                                                                                                               W                mJ                    C           C       
     GPU 0  0.000  0.000  0.000  0.000  0.000  0.000  0.000  0.000               7262884               5132263           0           0       0.000       0.000      88.957        4171103464   1125      0     29          44   1125
     GPU 0  0.000  0.000  0.000  0.000  0.000  0.000  0.000  0.000               6600901               4005622           0           0       0.000       0.000      88.957        4171103464   1125      0     29          44   1125
