# Entity  GRACT  SMACT  SMOCC  TENSO  DRAMA  FP64A  FP32A  FP16A                 PCITX                 PCIRX       GPUTL       MCUTL       MUSAM       GUSAM       POWER             TOTEC  SACLK  PSTAT  TMPTR       MMTMP  SMCLK
      Id                                                                                                                                                               W                mJ                    C           C       
     GPU 0  0.000  0.000  0.000  0.000  0.000  0.000  0.000  0.000             114285714              10389610           0           0       0.000       0.000      77.269        8683751301    810      0     27          43    210
     GPU 0  0.000  0.000  0.000  0.000  0.000  0.000  0.000  0.000               9389705               4808445           0           0       0.000       0.000      77.269        8683751301    810      0     27          43    210
     GPU 0  0.000  0.000  0.000  0.000  0.000  0.000  0.000  0.000               9389705               4808445           0           0       0.000       0.000      77.269        8683751301    810      0     27          44    210
     GPU 0  0.000  0.000  0.000  0.000  0.000  0.000  0.000  0.000               8608077               5971864           0           0       0.000       0.000      77.269        8683751301    810      0     27          43    210
     GPU 0  0.000  0.000  0.000  0.000  0.000  0.000  0.000  0.000               4929354               2777706           0           0       0.000       0.000      77.269        8683751301    810      0     27          43    210
     GPU 0  0.000  0.000  0.000  0.000  0.000  0.000  0.000  0.000               4929354               2777706           0           0       0.000       0.000      78.632        8683759251    810      0     27          43    210
     GPU 0  0.000  0.000  0.000  0.000  0.000  0.000  0.000  0.000               6498408               4405785           0           0       0.000       0.000      78.632        8683759251    810      0     27          43    210
     GPU 0  0.000  0.000  0.000  0.000  0.000  0.000  0.000  0.000               3147268                 41851           0           0       0.000       0.000      78.632        8683759251    810      0     27          43    210
     GPU 0  0.000  0.000  0.000  0.000  0.000  0.000  0.000  0.000               3186437                232618           0           0       0.000       0.000      78.632        8683759251    810      0     27          43    210
     GPU 0  0.000  0.000  0.000  0.000  0.000  0.000  0.000  0.000               3882722               1804234           0           0       0.000       0.000      78.632        8683767166    810      0     27          43    210
     GPU 0  0.000  0.000  0.000  0.000  0.000  0.000  0.000  0.000               6694585               3829745           0           0       0.000       0.000      78.632        8683767166    810      0     27          43    210
     GPU 0  0.000  0.000  0.000  0.000  0.000  0.000  0.000  0.000               6694585               3829745           0           0       0.000       0.000      78.632        8683767166    810      0     27          43    210
     GPU 0  0.000  0.000  0.000  0.000  0.000  0.000  0.000  0.000               8653326               6009619           0           0       0.000       0.000      78.632        8683767166    810      0     27          43    210
     GPU 0  0.000  0.000  0.000  0.000  0.000  0.000  0.000  0.000               5786704               3254067           0           0       0.000       0.000      78.632        8683767166    810      0     27          43    210
     GPU 0  0.000  0.000  0.000  0.000  0.000  0.000  0.000  0.000               9050706               6113488           0           0       0.000       0.000      78.632        8683767166    810      0     27          43    210

# Entity  GRACT  SMACT  SMOCC  TENSO  DRAMA  FP64A  FP32A  FP16A                 PCITX                 PCIRX       GPUTL       MCUTL       MUSAM       GUSAM       POWER             TOTEC  SACLK  PSTAT  TMPTR       MMTMP  SMCLK
      Id                                                                                                                                                               W                mJ                    C           C       
     GPU 0  0.000  0.000  0.000  0.000  0.000  0.000  0.000  0.000               9050706               6113488           0           0       0.000       0.000      78.632        8683775117    810      0     27          43    210
     GPU 0  0.000  0.000  0.000  0.000  0.000  0.000  0.000  0.000               8820384               5873919           0           0       0.000       0.000      78.632        8683775117    810      0     27          43    210
     GPU 0  0.000  0.000  0.000  0.000  0.000  0.000  0.000  0.000               3050463               1616178           0           0       0.000       0.000      78.632        8683775117    810      0     27          43    210
     GPU 0  0.000  0.000  0.000  0.000  0.000  0.000  0.000  0.000               3519256               2458794           0           0       0.000       0.000      78.632        8683775117    810      0     27          43    210
     GPU 0  0.000  0.000  0.000  0.000  0.000  0.000  0.000  0.000               4798345               3058613           0           0       0.000       0.000      78.632        8683775117    810      0     27          43    210
     GPU 0  0.000  0.000  0.000  0.000  0.000  0.000  0.000  0.000               4798345               3058613           0           0       0.000       0.000      78.632        8683783057    810      0     27          43    210
     GPU 0  0.000  0.000  0.000  0.000  0.000  0.000  0.000  0.000               8423598               7450136           0           0       0.000       0.000      78.632        8683783057    810      0     27          43    210
     GPU 0  0.000  0.000  0.000  0.000  0.000  0.000  0.000  0.000               8937706               6880727           0           0       0.000       0.000      78.632        8683783057    810      0     27          43    210
     GPU 0  0.000  0.000  0.000  0.000  0.000  0.000  0.000  0.000               6894728               4230855           0           0       0.000       0.000      78.632        8683783057    810      0     27          43    210
     GPU 0  0.000  0.000  0.000  0.000  0.000  0.000  0.000  0.000               6894728               4230855           0           0       0.000       0.000      78.632        8683790977    810      0     27          43    210
     GPU 0  0.000  0.000  0.000  0.000  0.000  0.000  0.000  0.000               2049813              24477184           0           0       0.000       0.000      78.632        8683790977    810      0     27          43    210
     GPU 0  0.000  0.000  0.000  0.000  0.000  0.000  0.000  0.000               8702938               9111317           0           0       0.000       0.000      78.632        8683790977    810      0     27          43    210
     GPU 0  0.000  0.000  0.000  0.000  0.000  0.000  0.000  0.000               8702938               9111317           0           0       0.000       0.000      78.632        8683790977    810      0     27          43    210
     GPU 0  0.000  0.000  0.000  0.000  0.000  0.000  0.000  0.000               9344240              16983327           0           0       0.000       0.000      78.632        8683790977    810      0     27          43    210

# Entity  GRACT  SMACT  SMOCC  TENSO  DRAMA  FP64A  FP32A  FP16A                 PCITX                 PCIRX       GPUTL       MCUTL       MUSAM       GUSAM       POWER             TOTEC  SACLK  PSTAT  TMPTR       MMTMP  SMCLK
      Id                                                                                                                                                               W                mJ                    C           C       
     GPU 0  0.000  0.000  0.000  0.000  0.000  0.000  0.000  0.000               9344240              16983327           0           0       0.000       0.000      78.632        8683790977    810      0     27          43    210
     GPU 0  0.000  0.000  0.000  0.000  0.000  0.000  0.000  0.000               9201163               6908139           0           0       0.000       0.000      78.632        8683798942    810      0     27          43    210
     GPU 0  0.000  0.000  0.000  0.000  0.000  0.000  0.000  0.000               3138682               3472584           0           0       0.000       0.000      78.632        8683798942    810      0     27          43    210
     GPU 0  0.000  0.000  0.000  0.000  0.000  0.000  0.000  0.000               3138682               3472584           0           0       0.000       0.000      78.632        8683798942    810      0     27          43    210
     GPU 0  0.000  0.000  0.000  0.000  0.000  0.000  0.000  0.000               3138682               3472584           0           0       0.000       0.000      78.632        8683798942    810      0     27          43    210
     GPU 0  0.000  0.000  0.000  0.000  0.000  0.000  0.000  0.000               4767602               3302674           0           0       0.000       0.000      78.632        8683806889    810      0     27          43    210
     GPU 0  0.000  0.000  0.000  0.000  0.000  0.000  0.000  0.000               4767602               3302674           0           0       0.000       0.000      78.632        8683806889    810      0     27          43    210
     GPU 0  0.000  0.000  0.000  0.000  0.000  0.000  0.000  0.000               8843835               7342052           0           0       0.000       0.000      78.632        8683806889    810      0     27          43    210
     GPU 0  0.000  0.000  0.000  0.000  0.000  0.000  0.000  0.000               8843835               7342052           0           0       0.000       0.000      78.632        8683806889    810      0     27          43    210
     GPU 0  0.000  0.000  0.000  0.000  0.000  0.000  0.000  0.000               8843835               7342052           0           0       0.000       0.000      78.632        8683806889    810      0     27          43    210
     GPU 0  0.000  0.000  0.000  0.000  0.000  0.000  0.000  0.000               6341725               5368889           0           0       0.000       0.000      78.632        8683806889    810      0     27          43    210
     GPU 0  0.000  0.000  0.000  0.000  0.000  0.000  0.000  0.000               6341725               5368889           0           0       0.000       0.000      78.632        8683806889    810      0     27          43    210
     GPU 0  0.000  0.000  0.000  0.000  0.000  0.000  0.000  0.000               9722488              13167464           0           0       0.000       0.000      78.632        8683814854    810      0     27          43    210
     GPU 0  0.000  0.000  0.000  0.000  0.000  0.000  0.000  0.000               6205430              21843116           0           0       0.000       0.000      78.632        8683814854    810      0     27          43    210

# Entity  GRACT  SMACT  SMOCC  TENSO  DRAMA  FP64A  FP32A  FP16A                 PCITX                 PCIRX       GPUTL       MCUTL       MUSAM       GUSAM       POWER             TOTEC  SACLK  PSTAT  TMPTR       MMTMP  SMCLK
      Id                                                                                                                                                               W                mJ                    C           C       
     GPU 0  0.000  0.000  0.000  0.000  0.000  0.000  0.000  0.000               6205430              21843116           0           0       0.000       0.000      78.632        8683814854    810      0     27          43    210
     GPU 0  0.000  0.000  0.000  0.000  0.000  0.000  0.000  0.000               9816227              15497367           0           0       0.000       0.000      79.165        8683822869    810      0     27          43    210
     GPU 0  0.000  0.000  0.000  0.000  0.000  0.000  0.000  0.000               6729635              14705500           0           0       0.000       0.000      79.165        8683822869    810      0     27          43    810
     GPU 0  0.039  0.000  0.000  0.000  0.000  0.000  0.000  0.000              49052422             323870256           0           0       0.000       0.000      79.165        8683822869    810      0     27          43    810
     GPU 0  0.014  0.000  0.000  0.000  0.001  0.000  0.000  0.000             390622676            3446714291           3           0       0.000       2.000      79.165        8683822869    810      0     27          43    810
     GPU 0  0.799  0.562  0.459  0.000  0.002  0.000  0.363  0.000             308724757            2736067994           3           0       0.000       2.000      79.165        8683822869    810      0     27          43    810
     GPU 0  1.000  0.941  0.759  0.000  0.001  0.000  0.615  0.000               3348018               1160941           3           0       0.000       2.000      79.165        8683822869    810      0     28          43    810
     GPU 0  1.000  0.000  0.000  0.000  0.001  0.000  0.000  0.000               1172873                921543           3           0       0.000       2.000     144.958        8683833444    810      0     29          43    810
     GPU 0  1.000  0.000  0.000  0.000  0.001  0.000  0.000  0.000               1172873                921543           3           0       0.000       2.000     144.958        8683833444    810      0     29          43    810
     GPU 0  1.000  0.950  0.776  0.000  0.001  0.000  0.629  0.000               8713751               6032437           3           0       0.000       2.000     144.958        8683833444    810      0     29          43    810
     GPU 0  1.000  0.000  0.000  0.000  0.001  0.000  0.000  0.000               4317335               4047049           3           0       0.000       2.000     144.958        8683833444    810      0     30          43    810
     GPU 0  1.000  0.950  0.766  0.000  0.001  0.000  0.629  0.000               2176784                826861           3           0       0.000       2.000     148.705        8683848403    810      0     30          44    810
     GPU 0  1.000  0.961  0.822  0.000  0.001  0.000  0.644  0.000               2371430                947880           3           0       0.000       2.000     148.705        8683848403    810      0     30          44    810
     GPU 0  1.000  0.000  0.000  0.000  0.001  0.000  0.000  0.000               4596517               2915221           3           0       0.000       2.000     148.705        8683848403    810      0     30          43    810

# Entity  GRACT  SMACT  SMOCC  TENSO  DRAMA  FP64A  FP32A  FP16A                 PCITX                 PCIRX       GPUTL       MCUTL       MUSAM       GUSAM       POWER             TOTEC  SACLK  PSTAT  TMPTR       MMTMP  SMCLK
      Id                                                                                                                                                               W                mJ                    C           C       
     GPU 0  1.000  0.947  0.746  0.000  0.001  0.000  0.614  0.000               6367180               4297496          92           0       0.000      91.000     148.705        8683848403    810      0     30          43    810
     GPU 0  1.000  0.947  0.746  0.000  0.001  0.000  0.614  0.000               6367180               4297496          92           0       0.000      91.000     148.705        8683848403    810      0     30          44    810
     GPU 0  1.000  0.941  0.740  0.000  0.001  0.000  0.618  0.000               7277921               4827873          92           0       0.000      91.000     148.705        8683848403    810      0     30          44    810
     GPU 0  1.000  0.000  0.000  0.000  0.001  0.000  0.000  0.000               9839426               6883254          92           0       0.000      91.000     149.292        8683863454    810      0     30          44    810
     GPU 0  1.000  0.953  0.778  0.000  0.001  0.000  0.618  0.000              10628079               6314568          92           0       0.000      91.000     149.292        8683863454    810      0     30          44    810
     GPU 0  1.000  0.953  0.778  0.000  0.001  0.000  0.618  0.000              10628079               6314568          92           0       0.000      91.000     149.292        8683863454    810      0     31          44    810
     GPU 0  1.000  0.940  0.730  0.000  0.001  0.000  0.617  0.000               8737307               6005119          92           0       0.000      91.000     149.292        8683863454    810      0     31          44    810
     GPU 0  1.000  0.000  0.000  0.000  0.001  0.000  0.000  0.000               7256003               5997776          92           0       0.000      91.000     149.292        8683863454    810      0     31          44    810
     GPU 0  1.000  0.944  0.754  0.000  0.001  0.000  0.624  0.000               8397383               6325536          92           0       0.000      91.000     149.292        8683878636    810      0     31          44    810
     GPU 0  1.000  0.917  0.666  0.000  0.001  0.000  0.591  0.000               3500596               2764367          92           0       0.000      91.000     149.292        8683878636    810      0     31          44    810
     GPU 0  1.000  0.000  0.000  0.000  0.001  0.000  0.000  0.000               2410692                783773         100           0       0.000      99.000     149.292        8683878636    810      0     31          44    810
     GPU 0  1.000  0.943  0.768  0.000  0.001  0.000  0.620  0.000               3427954               1244341         100           0       0.000      99.000     149.292        8683878636    810      0     31          44    810
     GPU 0  1.000  0.924  0.808  0.000  0.001  0.000  0.603  0.000               5570356               2747334         100           0       0.000      99.000     149.292        8683878636    810      0     31          44    810
     GPU 0  1.000  0.924  0.808  0.000  0.001  0.000  0.603  0.000               5570356               2747334         100           0       0.000      99.000     148.173        8683893499    810      0     31          44    810

# Entity  GRACT  SMACT  SMOCC  TENSO  DRAMA  FP64A  FP32A  FP16A                 PCITX                 PCIRX       GPUTL       MCUTL       MUSAM       GUSAM       POWER             TOTEC  SACLK  PSTAT  TMPTR       MMTMP  SMCLK
      Id                                                                                                                                                               W                mJ                    C           C       
     GPU 0  1.000  0.000  0.000  0.000  0.001  0.000  0.000  0.000               8076317               3799060         100           0       0.000      99.000     148.173        8683893499    810      0     31          44    810
     GPU 0  1.000  0.946  0.760  0.000  0.001  0.000  0.607  0.000               7784065               4870794         100           0       0.000      99.000     148.173        8683893499    810      0     31          44    810
     GPU 0  1.000  0.939  0.736  0.000  0.001  0.000  0.596  0.000               7932272               5295094         100           0       0.000      99.000     148.173        8683893499    810      0     31          44    810
     GPU 0  1.000  0.000  0.000  0.000  0.001  0.000  0.000  0.000               9264175               6909373         100           0       0.000      99.000     148.173        8683893499    810      0     31          44    810
     GPU 0  1.000  0.942  0.742  0.000  0.001  0.000  0.597  0.000               9646258               6817571         100           0       0.000      99.000     149.002        8683908746    810      0     31          44    810
     GPU 0  1.000  0.942  0.742  0.000  0.001  0.000  0.597  0.000               9646258               6817571         100           0       0.000      99.000     149.002        8683908746    810      0     31          44    810
     GPU 0  1.000  0.946  0.752  0.000  0.001  0.000  0.599  0.000               2342020               2425655         100           0       0.000      99.000     149.002        8683908746    810      0     31          44    810
     GPU 0  1.000  0.000  0.000  0.000  0.001  0.000  0.000  0.000              10457177               7161389         100           0       0.000      99.000     149.002        8683908746    810      0     31          44    810
     GPU 0  1.000  0.947  0.776  0.000  0.001  0.000  0.628  0.000               9726241               7178087         100           0       0.000      99.000     149.002        8683908746    810      0     31          44    810
     GPU 0  1.000  0.946  0.767  0.000  0.001  0.000  0.602  0.000               9923212               7414454         100           0       0.000      99.000     148.705        8683923639    810      0     31          44    810
     GPU 0  1.000  0.000  0.000  0.000  0.001  0.000  0.000  0.000               6143583               4939990         100           0       0.000      99.000     148.705        8683923639    810      0     31          44    810
     GPU 0  1.000  0.000  0.000  0.000  0.001  0.000  0.000  0.000               6143583               4939990         100           0       0.000      99.000     148.705        8683923639    810      0     31          44    810
     GPU 0  1.000  0.948  0.753  0.000  0.001  0.000  0.599  0.000               3192715               1602448         100           0       0.000      99.000     148.705        8683923639    810      0     31          44    810
     GPU 0  1.000  0.975  0.720  0.000  0.001  0.000  0.642  0.000               6047919               2276993         100           0       0.000      99.000     148.705        8683923639    810      0     32          44    810

# Entity  GRACT  SMACT  SMOCC  TENSO  DRAMA  FP64A  FP32A  FP16A                 PCITX                 PCIRX       GPUTL       MCUTL       MUSAM       GUSAM       POWER             TOTEC  SACLK  PSTAT  TMPTR       MMTMP  SMCLK
      Id                                                                                                                                                               W                mJ                    C           C       
     GPU 0  1.000  0.000  0.000  0.000  0.001  0.000  0.000  0.000               4542633               2597940         100           0       0.000      99.000     148.705        8683938766    810      0     32          44    810
     GPU 0  1.000  0.950  0.753  0.000  0.001  0.000  0.607  0.000               5803122               3571184         100           0       0.000      99.000     148.705        8683938766    810      0     32          44    810
     GPU 0  1.000  0.945  0.748  0.000  0.001  0.000  0.593  0.000               6373434               4367908         100           0       0.000      99.000     148.705        8683938766    810      0     32          44    810
     GPU 0  1.000  0.945  0.748  0.000  0.001  0.000  0.593  0.000               6373434               4367908         100           0       0.000      99.000     148.705        8683938766    810      0     32          44    810
     GPU 0  1.000  0.000  0.000  0.000  0.001  0.000  0.000  0.000               9251680               6198632         100           0       0.000      99.000     148.705        8683938766    810      0     32          44    810
     GPU 0  1.000  0.939  0.744  0.000  0.001  0.000  0.597  0.000               4475290               4182290         100           0       0.000      99.000     149.002        8683953707    810      0     32          44    810
     GPU 0  1.000  0.943  0.756  0.000  0.001  0.000  0.622  0.000               9683115               6702529         100           0       0.000      99.000     149.002        8683953707    810      0     32          44    810
     GPU 0  1.000  0.000  0.000  0.000  0.001  0.000  0.000  0.000               5596763               5388970         100           0       0.000      99.000     149.002        8683953707    810      0     32          44    810
     GPU 0  1.000  0.000  0.000  0.000  0.001  0.000  0.000  0.000               5596763               5388970         100           0       0.000      99.000     149.002        8683953707    810      0     32          44    810
     GPU 0  1.000  0.946  0.762  0.000  0.001  0.000  0.626  0.000               3342097               1160170         100           0       0.000      99.000     149.002        8683953707    810      0     32          44    810
     GPU 0  1.000  1.000  0.803  0.000  0.001  0.000  0.682  0.000               3228952                693298         100           0       0.000      99.000     148.705        8683968796    810      0     32          44    810
     GPU 0  1.000  0.000  0.000  0.000  0.001  0.000  0.000  0.000               5436227               3068333         100           0       0.000      99.000     148.705        8683968796    810      0     32          44    810
     GPU 0  1.000  0.949  0.739  0.000  0.001  0.000  0.626  0.000               4460647               2607532         100           0       0.000      99.000     148.705        8683968796    810      0     32          44    810
     GPU 0  1.000  0.949  0.751  0.000  0.001  0.000  0.627  0.000               7686715               4978419         100           0       0.000      99.000     148.705        8683968796    810      0     32          44    810

# Entity  GRACT  SMACT  SMOCC  TENSO  DRAMA  FP64A  FP32A  FP16A                 PCITX                 PCIRX       GPUTL       MCUTL       MUSAM       GUSAM       POWER             TOTEC  SACLK  PSTAT  TMPTR       MMTMP  SMCLK
      Id                                                                                                                                                               W                mJ                    C           C       
     GPU 0  1.000  0.949  0.751  0.000  0.001  0.000  0.627  0.000               7686715               4978419         100           0       0.000      99.000     148.705        8683968796    810      0     32          44    810
     GPU 0  1.000  0.000  0.000  0.000  0.001  0.000  0.000  0.000               9803619               7325833         100           0       0.000      99.000     149.292        8683983840    810      0     32          44    810
     GPU 0  1.000  0.954  0.771  0.000  0.001  0.000  0.626  0.000               9681274               7185188         100           0       0.000      99.000     149.292        8683983840    810      0     32          44    810
     GPU 0  1.000  0.947  0.742  0.000  0.001  0.000  0.602  0.000               9108615               6586496         100           0       0.000      99.000     149.292        8683983840    810      0     32          44    810
     GPU 0  1.000  0.000  0.000  0.000  0.001  0.000  0.000  0.000               1657356               1202169         100           0       0.000      99.000     149.292        8683983840    810      0     32          44    810
     GPU 0  1.000  0.000  0.000  0.000  0.001  0.000  0.000  0.000               1657356               1202169         100           0       0.000      99.000     149.292        8683983840    810      0     32          44    810
     GPU 0  1.000  0.945  0.756  0.000  0.001  0.000  0.625  0.000               8498655               6196054         100           0       0.000      99.000     149.292        8683999136    810      0     32          44    810
     GPU 0  1.000  0.944  0.752  0.000  0.001  0.000  0.625  0.000               5906784               5025994         100           0       0.000      99.000     149.292        8683999136    810      0     32          44    810
     GPU 0  1.000  0.000  0.000  0.000  0.001  0.000  0.000  0.000               3147528               1159008         100           0       0.000      99.000     149.292        8683999136    810      0     32          44    810
     GPU 0  1.000  0.941  0.749  0.000  0.001  0.000  0.623  0.000               4084445               2336350         100           0       0.000      99.000     149.292        8683999136    810      0     32          44    810
     GPU 0  1.000  0.941  0.749  0.000  0.001  0.000  0.623  0.000               4084445               2336350         100           0       0.000      99.000     149.292        8683999136    810      0     32          44    810
     GPU 0  1.000  0.955  0.783  0.000  0.001  0.000  0.640  0.000               6323576               4188376         100           0       0.000      99.000     149.534        8684014013    810      0     32          44    810
     GPU 0  1.000  0.000  0.000  0.000  0.001  0.000  0.000  0.000               8663359               5858688         100           0       0.000      99.000     149.534        8684014013    810      0     32          44    810
     GPU 0  1.000  0.000  0.000  0.000  0.001  0.000  0.000  0.000               8663359               5858688         100           0       0.000      99.000     149.534        8684014013    810      0     32          44    810

# Entity  GRACT  SMACT  SMOCC  TENSO  DRAMA  FP64A  FP32A  FP16A                 PCITX                 PCIRX       GPUTL       MCUTL       MUSAM       GUSAM       POWER             TOTEC  SACLK  PSTAT  TMPTR       MMTMP  SMCLK
      Id                                                                                                                                                               W                mJ                    C           C       
     GPU 0  1.000  0.939  0.748  0.000  0.001  0.000  0.621  0.000               8849923               5802807         100           0       0.000      99.000     149.534        8684014013    810      0     32          44    810
     GPU 0  1.000  0.940  0.749  0.000  0.001  0.000  0.621  0.000               6962381               5829932         100           0       0.000      99.000     148.463        8684014013    810      0     32          44    810
     GPU 0  1.000  0.000  0.000  0.000  0.001  0.000  0.000  0.000               5796644               3822035         100           0       0.000      99.000     148.463        8684029081    810      0     32          44    810
     GPU 0  1.000  0.945  0.754  0.000  0.001  0.000  0.625  0.000               2508495               1236747         100           0       0.000      99.000     148.463        8684029081    810      0     32          44    810
     GPU 0  1.000  0.942  0.733  0.000  0.001  0.000  0.619  0.000               5720817               3785946         100           0       0.000      99.000     148.463        8684029081    810      0     32          44    810
     GPU 0  1.000  0.942  0.733  0.000  0.001  0.000  0.619  0.000               5720817               3785946         100           0       0.000      99.000     148.463        8684029081    810      0     32          44    810
     GPU 0  1.000  0.000  0.000  0.000  0.001  0.000  0.000  0.000               8248252               5881135         100           0       0.000      99.000     148.463        8684029081    810      0     32          44    810
     GPU 0  1.000  0.946  0.754  0.000  0.001  0.000  0.625  0.000               3390114               3222703         100           0       0.000      99.000     149.292        8684044142    810      0     32          44    810
     GPU 0  1.000  0.000  0.000  0.000  0.001  0.000  0.000  0.000               1170079                835770         100           0       0.000      99.000     149.292        8684044142    810      0     32          44    810
     GPU 0  1.000  0.000  0.000  0.000  0.001  0.000  0.000  0.000               1170079                835770         100           0       0.000      99.000     149.292        8684044142    810      0     32          44    810
     GPU 0  1.000  0.940  0.751  0.000  0.001  0.000  0.621  0.000               8968296               6986188         100           0       0.000      99.000     149.292        8684044142    810      0     32          44    810
     GPU 0  1.000  0.935  0.734  0.000  0.001  0.000  0.615  0.000               4189769               4022461         100           0       0.000      99.000     149.825        8684044142    810      0     32          44    810
     GPU 0  1.000  0.000  0.000  0.000  0.002  0.000  0.000  0.000               3500015               1157256         100           0       0.000      99.000     149.825        8684059191    810      0     32          44    810
     GPU 0  1.000  0.949  0.754  0.000  0.001  0.000  0.628  0.000               5140454               2561886         100           0       0.000      99.000     149.825        8684059191    810      0     32          44    810

# Entity  GRACT  SMACT  SMOCC  TENSO  DRAMA  FP64A  FP32A  FP16A                 PCITX                 PCIRX       GPUTL       MCUTL       MUSAM       GUSAM       POWER             TOTEC  SACLK  PSTAT  TMPTR       MMTMP  SMCLK
      Id                                                                                                                                                               W                mJ                    C           C       
     GPU 0  1.000  0.944  0.788  0.000  0.001  0.000  0.630  0.000               6263070               4167698         100           0       0.000      99.000     149.825        8684059191    810      0     32          44    810
     GPU 0  1.000  0.944  0.788  0.000  0.001  0.000  0.630  0.000               6263070               4167698         100           0       0.000      99.000     149.825        8684059191    810      0     32          44    810
     GPU 0  1.000  0.000  0.000  0.000  0.001  0.000  0.000  0.000               8400187               5906218         100           0       0.000      99.000     149.825        8684059191    810      0     32          44    810
     GPU 0  1.000  0.941  0.753  0.000  0.001  0.000  0.623  0.000               5092076               4023520         100           0       0.000      99.000     149.825        8684074285    810      0     32          44    810
     GPU 0  1.000  0.941  0.753  0.000  0.001  0.000  0.623  0.000               5092076               4023520         100           0       0.000      99.000     149.825        8684074285    810      0     32          44    810
     GPU 0  1.000  0.930  0.664  0.000  0.001  0.000  0.602  0.000               3616877               1351239         100           0       0.000      99.000     149.825        8684074285    810      0     32          44    810
     GPU 0  1.000  0.000  0.000  0.000  0.001  0.000  0.000  0.000               3384043               1285224         100           0       0.000      99.000     149.825        8684074285    810      0     32          44    810
     GPU 0  1.000  0.943  0.757  0.000  0.001  0.000  0.625  0.000               5604426               3353136         100           0       0.000      99.000     149.825        8684074285    810      0     32          44    810
     GPU 0  1.000  0.953  0.773  0.000  0.001  0.000  0.638  0.000               6863386               4344424         100           0       0.000      99.000     149.292        8684089467    810      0     32          44    810
     GPU 0  1.000  0.000  0.000  0.000  0.001  0.000  0.000  0.000               9352110               6220504         100           0       0.000      99.000     149.292        8684089467    810      0     32          44    810
     GPU 0  1.000  0.000  0.000  0.000  0.001  0.000  0.000  0.000               9352110               6220504         100           0       0.000      99.000     149.292        8684089467    810      0     32          44    810
     GPU 0  1.000  0.939  0.749  0.000  0.001  0.000  0.621  0.000               4143174               4017573         100           0       0.000      99.000     149.292        8684089467    810      0     32          44    810
     GPU 0  1.000  0.937  0.748  0.000  0.001  0.000  0.620  0.000               9876532               7230911         100           0       0.000      99.000     149.292        8684089467    810      0     32          44    810
     GPU 0  1.000  0.000  0.000  0.000  0.001  0.000  0.000  0.000               6326856               5182991         100           0       0.000      99.000     149.534        8684104461    810      0     32          44    810

# Entity  GRACT  SMACT  SMOCC  TENSO  DRAMA  FP64A  FP32A  FP16A                 PCITX                 PCIRX       GPUTL       MCUTL       MUSAM       GUSAM       POWER             TOTEC  SACLK  PSTAT  TMPTR       MMTMP  SMCLK
      Id                                                                                                                                                               W                mJ                    C           C       
     GPU 0  1.000  0.941  0.750  0.000  0.001  0.000  0.623  0.000               3341148               1118185         100           0       0.000      99.000     149.534        8684104461    810      0     32          44    810
     GPU 0  1.000  0.941  0.750  0.000  0.001  0.000  0.623  0.000               3341148               1118185         100           0       0.000      99.000     149.534        8684104461    810      0     32          44    810
     GPU 0  1.000  0.934  0.697  0.000  0.001  0.000  0.605  0.000               5588227               2735887         100           0       0.000      99.000     149.534        8684104461    810      0     32          44    810
     GPU 0  1.000  0.000  0.000  0.000  0.001  0.000  0.000  0.000               6528735               3803760         100           0       0.000      99.000     149.534        8684104461    810      0     32          44    810
     GPU 0  1.000  0.954  0.766  0.000  0.001  0.000  0.633  0.000               6790390               4410169         100           0       0.000      99.000     149.534        8684119597    810      0     32          44    810
     GPU 0  1.000  0.954  0.766  0.000  0.001  0.000  0.633  0.000               6790390               4410169         100           0       0.000      99.000     149.534        8684119597    810      0     32          44    810
     GPU 0  1.000  0.940  0.746  0.000  0.001  0.000  0.620  0.000               9843248               6716568         100           0       0.000      99.000     149.534        8684119597    810      0     33          44    810
     GPU 0  1.000  0.000  0.000  0.000  0.001  0.000  0.000  0.000               4016808               3849301         100           0       0.000      99.000     149.534        8684119597    810      0     33          44    810
     GPU 0  1.000  0.940  0.734  0.000  0.001  0.000  0.593  0.000               9799891               7393518         100           0       0.000      99.000     149.534        8684119597    810      0     33          44    810
     GPU 0  1.000  0.949  0.773  0.000  0.001  0.000  0.593  0.000               6637229               5388751         100           0       0.000      99.000     149.534        8684134615    810      0     33          44    810
     GPU 0  1.000  0.000  0.000  0.000  0.001  0.000  0.000  0.000               3342015               1160247         100           0       0.000      99.000     149.534        8684134615    810      0     33          44    810
     GPU 0  1.000  0.000  0.000  0.000  0.001  0.000  0.000  0.000               3342015               1160247         100           0       0.000      99.000     149.534        8684134615    810      0     33          44    810
     GPU 0  1.000  0.923  0.733  0.000  0.001  0.000  0.586  0.000               3150164               1327403         100           0       0.000      99.000     149.534        8684134615    810      0     33          44    810
     GPU 0  1.000  0.952  0.784  0.000  0.001  0.000  0.596  0.000               6486868               3998857         100           0       0.000      99.000     149.534        8684134615    810      0     33          44    810

# Entity  GRACT  SMACT  SMOCC  TENSO  DRAMA  FP64A  FP32A  FP16A                 PCITX                 PCIRX       GPUTL       MCUTL       MUSAM       GUSAM       POWER             TOTEC  SACLK  PSTAT  TMPTR       MMTMP  SMCLK
      Id                                                                                                                                                               W                mJ                    C           C       
     GPU 0  1.000  0.000  0.000  0.000  0.001  0.000  0.000  0.000               6607424               4388559         100           0       0.000      99.000     149.292        8684149735    810      0     33          44    810
     GPU 0  1.000  0.943  0.746  0.000  0.001  0.000  0.598  0.000               9953710               6977258         100           0       0.000      99.000     149.292        8684149735    810      0     33          44    810
     GPU 0  1.000  0.943  0.746  0.000  0.001  0.000  0.598  0.000               9953710               6977258         100           0       0.000      99.000     149.292        8684149735    810      0     33          44    810
     GPU 0  1.000  0.942  0.733  0.000  0.001  0.000  0.594  0.000               7042907               5952911         100           0       0.000      99.000     149.292        8684149735    810      0     33          44    810
     GPU 0  1.000  0.000  0.000  0.000  0.001  0.000  0.000  0.000               7024299               4850333         100           0       0.000      99.000     149.292        8684149735    810      0     33          44    810
     GPU 0  1.000  0.947  0.762  0.000  0.001  0.000  0.626  0.000               5761316               4658604         100           0       0.000      99.000     150.066        8684164750    810      0     33          44    810
     GPU 0  1.000  0.921  0.820  0.000  0.001  0.000  0.605  0.000               3384646               1118638         100           0       0.000      99.000     150.066        8684164750    810      0     33          44    810
     GPU 0  1.000  0.921  0.820  0.000  0.001  0.000  0.605  0.000               3384646               1118638         100           0       0.000      99.000     150.066        8684164750    810      0     33          44    810
     GPU 0  1.000  0.000  0.000  0.000  0.001  0.000  0.000  0.000               5357878               2645653         100           0       0.000      99.000     150.066        8684164750    810      0     33          44    810
     GPU 0  1.000  0.949  0.764  0.000  0.001  0.000  0.628  0.000               6052740               3652298         100           0       0.000      99.000     150.066        8684164750    810      0     33          44    810
     GPU 0  1.000  0.924  0.733  0.000  0.001  0.000  0.605  0.000               7804937               5465842         100           0       0.000      99.000     149.825        8684179906    810      0     33          44    810
     GPU 0  1.000  0.924  0.733  0.000  0.001  0.000  0.605  0.000               7804937               5465842         100           0       0.000      99.000     149.825        8684179906    810      0     33          44    810
     GPU 0  1.000  0.000  0.000  0.000  0.001  0.000  0.000  0.000               3179376               3262832         100           0       0.000      99.000     149.825        8684179906    810      0     33          44    810
     GPU 0  1.000  0.933  0.746  0.000  0.001  0.000  0.617  0.000               9432877               7022970         100           0       0.000      99.000     149.825        8684179906    810      0     33          44    810

# Entity  GRACT  SMACT  SMOCC  TENSO  DRAMA  FP64A  FP32A  FP16A                 PCITX                 PCIRX       GPUTL       MCUTL       MUSAM       GUSAM       POWER             TOTEC  SACLK  PSTAT  TMPTR       MMTMP  SMCLK
      Id                                                                                                                                                               W                mJ                    C           C       
     GPU 0  1.000  0.942  0.739  0.000  0.001  0.000  0.620  0.000               6363995               5699587         100           0       0.000      99.000     149.825        8684179906    810      0     33          44    810
     GPU 0  1.000  0.000  0.000  0.000  0.001  0.000  0.000  0.000               3381846               1159318         100           0       0.000      99.000     149.534        8684195016    810      0     33          44    810
     GPU 0  1.000  0.000  0.000  0.000  0.001  0.000  0.000  0.000               3381846               1159318         100           0       0.000      99.000     149.534        8684195016    810      0     33          44    810
     GPU 0  1.000  0.944  0.752  0.000  0.001  0.000  0.625  0.000               3379176               1157177         100           0       0.000      99.000     149.534        8684195016    810      0     33          44    810
     GPU 0  1.000  0.949  0.769  0.000  0.001  0.000  0.636  0.000               7368611               4153648         100           0       0.000      99.000     149.534        8684195016    810      0     33          44    810
     GPU 0  1.000  0.000  0.000  0.000  0.001  0.000  0.000  0.000               7504344               4406616         100           0       0.000      99.000     149.534        8684195016    810      0     33          44    810
     GPU 0  1.000  0.929  0.730  0.000  0.001  0.000  0.609  0.000               8117265               5656418         100           0       0.000      99.000     149.292        8684195016    810      0     33          44    810
     GPU 0  1.000  0.929  0.730  0.000  0.001  0.000  0.609  0.000               8117265               5656418         100           0       0.000      99.000     149.292        8684210124    810      0     33          44    810
     GPU 0  1.000  0.947  0.736  0.000  0.001  0.000  0.625  0.000               8162857               5961588         100           0       0.000      99.000     149.292        8684210124    810      0     33          44    810
     GPU 0  1.000  0.000  0.000  0.000  0.001  0.000  0.000  0.000               5392936               3594655         100           0       0.000      99.000     149.292        8684210124    810      0     33          44    810
     GPU 0  1.000  0.943  0.752  0.000  0.001  0.000  0.624  0.000               9338384               6783968         100           0       0.000      99.000     149.292        8684210124    810      0     33          44    810
     GPU 0  1.000  0.943  0.752  0.000  0.001  0.000  0.624  0.000               9338384               6783968         100           0       0.000      99.000     149.292        8684225244    810      0     33          44    810
     GPU 0  1.000  0.939  0.760  0.000  0.001  0.000  0.622  0.000              11416505               7554604         100           0       0.000      99.000     149.292        8684225244    810      0     33          44    810
     GPU 0  1.000  0.000  0.000  0.000  0.001  0.000  0.000  0.000               5401667               2376426         100           0       0.000      99.000     149.292        8684225244    810      0     33          44    810

# Entity  GRACT  SMACT  SMOCC  TENSO  DRAMA  FP64A  FP32A  FP16A                 PCITX                 PCIRX       GPUTL       MCUTL       MUSAM       GUSAM       POWER             TOTEC  SACLK  PSTAT  TMPTR       MMTMP  SMCLK
      Id                                                                                                                                                               W                mJ                    C           C       
     GPU 0  1.000  0.940  0.750  0.000  0.001  0.000  0.619  0.000               4400135               2414387         100           0       0.000      99.000     149.292        8684225244    810      0     33          44    810
     GPU 0  1.000  0.957  0.787  0.000  0.001  0.000  0.640  0.000               6176836               4117668         100           0       0.000      99.000     149.292        8684240324    810      0     33          44    810
     GPU 0  1.000  0.957  0.787  0.000  0.001  0.000  0.640  0.000               6176836               4117668         100           0       0.000      99.000     149.292        8684240324    810      0     33          44    810
     GPU 0  1.000  0.000  0.000  0.000  0.001  0.000  0.000  0.000               7743917               5447220         100           0       0.000      99.000     149.292        8684240324    810      0     33          44    810
     GPU 0  1.000  0.950  0.767  0.000  0.001  0.000  0.608  0.000               3179224               3053506         100           0       0.000      99.000     149.292        8684240324    810      0     33          44    810
     GPU 0  1.000  0.945  0.749  0.000  0.001  0.000  0.625  0.000               5695980               4334118         100           0       0.000      99.000     149.292        8684240324    810      0     33          44    810
     GPU 0  1.000  0.000  0.000  0.000  0.001  0.000  0.000  0.000               1171468               1004115         100           0       0.000      99.000     149.292        8684240324    810      0     33          44    810
     GPU 0  1.000  0.000  0.000  0.000  0.001  0.000  0.000  0.000               1171468               1004115         100           0       0.000      99.000     149.534        8684255508    810      0     33          44    810
     GPU 0  1.000  0.000  0.000  0.000  0.001  0.000  0.000  0.000               1254757               1422058         100           0       0.000      99.000     149.534        8684255508    810      0     33          44    810
     GPU 0  1.000  0.947  0.753  0.000  0.001  0.000  0.626  0.000               8711531               6484897         100           0       0.000      99.000     149.534        8684255508    810      0     33          44    810
     GPU 0  1.000  0.929  0.663  0.000  0.001  0.000  0.601  0.000               3465223               1159241         100           0       0.000      99.000     149.534        8684255508    810      0     33          44    810
     GPU 0  1.000  0.000  0.000  0.000  0.001  0.000  0.000  0.000               3505947                861064         100           0       0.000      99.000     149.534        8684270546    810      0     33          44    810
     GPU 0  1.000  0.933  0.729  0.000  0.001  0.000  0.613  0.000               4363223               2549103         100           0       0.000      99.000     149.292        8684270546    810      0     33          44    810
     GPU 0  1.000  0.933  0.729  0.000  0.001  0.000  0.613  0.000               4363223               2549103         100           0       0.000      99.000     149.292        8684270546    810      0     33          44    810

# Entity  GRACT  SMACT  SMOCC  TENSO  DRAMA  FP64A  FP32A  FP16A                 PCITX                 PCIRX       GPUTL       MCUTL       MUSAM       GUSAM       POWER             TOTEC  SACLK  PSTAT  TMPTR       MMTMP  SMCLK
      Id                                                                                                                                                               W                mJ                    C           C       
     GPU 0  1.000  0.950  0.793  0.000  0.001  0.000  0.635  0.000               6190994               4100315         100           0       0.000      99.000     149.292        8684270546    810      0     33          44    810
     GPU 0  1.000  0.000  0.000  0.000  0.001  0.000  0.000  0.000               7875658               5715014         100           0       0.000      99.000     149.292        8684270546    810      0     33          44    810
     GPU 0  1.000  0.941  0.750  0.000  0.001  0.000  0.622  0.000               6575030               5202888         100           0       0.000      99.000     149.292        8684270546    810      0     33          44    810
     GPU 0  1.000  0.000  0.000  0.000  0.001  0.000  0.000  0.000               1173333                921905         100           0       0.000      99.000     149.292        8684285640    810      0     33          44    810
     GPU 0  1.000  0.000  0.000  0.000  0.001  0.000  0.000  0.000               1173333                921905         100           0       0.000      99.000     149.292        8684285640    810      0     33          44    810
     GPU 0  1.000  0.941  0.745  0.000  0.001  0.000  0.623  0.000               8795945               6727736         100           0       0.000      99.000     149.292        8684285640    810      0     33          44    810
     GPU 0  1.000  0.942  0.743  0.000  0.001  0.000  0.599  0.000              10141374               7940194         100           0       0.000      99.000     149.292        8684285640    810      0     33          44    810
     GPU 0  1.000  0.000  0.000  0.000  0.001  0.000  0.000  0.000               9414541               6971196         100           0       0.000      99.000     149.292        8684300706    810      0     33          45    810
     GPU 0  1.000  0.954  0.765  0.000  0.001  0.000  0.607  0.000               5535114               4319090         100           0       0.000      99.000     150.364        8684300706    810      0     33          44    810
     GPU 0  1.000  0.999  0.801  0.000  0.001  0.000  0.681  0.000               3484301                818600         100           0       0.000      99.000     150.364        8684300706    810      0     33          44    810
     GPU 0  1.000  0.000  0.000  0.000  0.001  0.000  0.000  0.000               1173924                838517         100           0       0.000      99.000     150.364        8684300706    810      0     33          44    810
     GPU 0  1.000  0.938  0.868  0.000  0.001  0.000  0.633  0.000               3384305               1160202         100           0       0.000      99.000     150.364        8684300706    810      0     33          44    810
     GPU 0  1.000  0.000  0.000  0.000  0.001  0.000  0.000  0.000               1172701                837643         100           0       0.000      99.000     150.364        8684300706    810      0     33          44    810
     GPU 0  1.000  0.000  0.000  0.000  0.001  0.000  0.000  0.000               1172701                837643         100           0       0.000      99.000     150.364        8684315867    810      0     33          44    810

# Entity  GRACT  SMACT  SMOCC  TENSO  DRAMA  FP64A  FP32A  FP16A                 PCITX                 PCIRX       GPUTL       MCUTL       MUSAM       GUSAM       POWER             TOTEC  SACLK  PSTAT  TMPTR       MMTMP  SMCLK
      Id                                                                                                                                                               W                mJ                    C           C       
     GPU 0  1.000  0.000  0.000  0.000  0.001  0.000  0.000  0.000               1171480                753094         100           0       0.000      99.000     149.534        8684315867    810      0     33          44    810
     GPU 0  1.000  0.934  0.743  0.000  0.001  0.000  0.617  0.000               3342796                650885         100           0       0.000      99.000     149.534        8684315867    810      0     33          44    810
     GPU 0  1.000  1.000  0.772  0.000  0.001  0.000  0.673  0.000               3274035                651784         100           0       0.000      99.000     149.534        8684315867    810      0     33          44    810
     GPU 0  1.000  0.000  0.000  0.000  0.001  0.000  0.000  0.000               4323431               2652347         100           0       0.000      99.000     149.534        8684330989    810      0     33          44    810
     GPU 0  1.000  0.950  0.768  0.000  0.001  0.000  0.630  0.000               7202391               4425440         100           0       0.000      99.000     149.292        8684330989    810      0     33          44    810
     GPU 0  1.000  0.950  0.768  0.000  0.001  0.000  0.630  0.000               7202391               4425440         100           0       0.000      99.000     149.292        8684330989    810      0     33          44    810
     GPU 0  1.000  0.941  0.750  0.000  0.001  0.000  0.622  0.000               8392492               6014681         100           0       0.000      99.000     149.292        8684330989    810      0     33          45    810
     GPU 0  1.000  0.000  0.000  0.000  0.001  0.000  0.000  0.000               4600597               4098543         100           0       0.000      99.000     149.292        8684330989    810      0     33          44    810
     GPU 0  1.000  0.000  0.000  0.000  0.001  0.000  0.000  0.000               4600597               4098543         100           0       0.000      99.000     149.292        8684330989    810      0     33          44    810
     GPU 0  1.000  0.944  0.750  0.000  0.001  0.000  0.597  0.000               5952707               4100748         100           0       0.000      99.000     149.292        8684346087    810      0     33          44    810
     GPU 0  1.000  0.000  0.000  0.000  0.001  0.000  0.000  0.000               1171756                836968         100           0       0.000      99.000     149.292        8684346087    810      0     33          44    810
     GPU 0  1.000  0.944  0.752  0.000  0.001  0.000  0.625  0.000               3105425                651578         100           0       0.000      99.000     149.292        8684346087    810      0     33          44    810
     GPU 0  1.000  0.936  0.751  0.000  0.001  0.000  0.620  0.000               4493711               2850269         100           0       0.000      99.000     149.292        8684346087    810      0     33          44    810
     GPU 0  1.000  0.000  0.000  0.000  0.001  0.000  0.000  0.000               6868247               4668686         100           0       0.000      99.000     149.292        8684361178    810      0     33          44    810

# Entity  GRACT  SMACT  SMOCC  TENSO  DRAMA  FP64A  FP32A  FP16A                 PCITX                 PCIRX       GPUTL       MCUTL       MUSAM       GUSAM       POWER             TOTEC  SACLK  PSTAT  TMPTR       MMTMP  SMCLK
      Id                                                                                                                                                               W                mJ                    C           C       
     GPU 0  1.000  0.935  0.723  0.000  0.001  0.000  0.615  0.000               9167556               5681753         100           0       0.000      99.000     149.292        8684361178    810      0     33          44    810
     GPU 0  1.000  0.935  0.723  0.000  0.001  0.000  0.615  0.000               9167556               5681753         100           0       0.000      99.000     149.292        8684361178    810      0     33          44    810
     GPU 0  1.000  0.941  0.752  0.000  0.001  0.000  0.623  0.000               9028675               6909828         100           0       0.000      99.000     149.292        8684361178    810      0     33          44    810
     GPU 0  1.000  0.000  0.000  0.000  0.001  0.000  0.000  0.000               9087517               6939184         100           0       0.000      99.000     149.292        8684361178    810      0     33          44    810
     GPU 0  1.000  0.944  0.752  0.000  0.001  0.000  0.625  0.000               6419154               5043646         100           0       0.000      99.000     149.292        8684361178    810      0     33          44    810
     GPU 0  1.000  0.944  0.752  0.000  0.001  0.000  0.625  0.000               6419154               5043646         100           0       0.000      99.000     149.002        8684376329    810      0     33          44    810
     GPU 0  1.000  0.000  0.000  0.000  0.001  0.000  0.000  0.000               1088822                753800         100           0       0.000      99.000     149.002        8684376329    810      0     33          44    810
     GPU 0  1.000  0.946  0.758  0.000  0.001  0.000  0.626  0.000               5504125               3614649         100           0       0.000      99.000     149.002        8684376329    810      0     33          44    810
     GPU 0  1.000  0.000  0.000  0.000  0.001  0.000  0.000  0.000               8835299               6615048         100           0       0.000      99.000     149.002        8684376329    810      0     33          44    810
     GPU 0  1.000  0.945  0.750  0.000  0.001  0.000  0.598  0.000               4243012               4180690         100           0       0.000      99.000     149.002        8684391433    810      0     33          45    810
     GPU 0  1.000  0.000  0.000  0.000  0.001  0.000  0.000  0.000               1423100                837117         100           0       0.000      99.000     149.825        8684391433    810      0     33          45    810
     GPU 0  1.000  0.947  0.758  0.000  0.001  0.000  0.626  0.000               9208871               6782335         100           0       0.000      99.000     149.825        8684391433    810      0     33          44    810
     GPU 0  1.000  0.948  0.758  0.000  0.001  0.000  0.627  0.000               7337646               5828519         100           0       0.000      99.000     149.825        8684391433    810      0     33          44    810
     GPU 0  1.000  0.000  0.000  0.000  0.001  0.000  0.000  0.000               3150551               1118192         100           0       0.000      99.000     149.825        8684391433    810      0     33          44    810

# Entity  GRACT  SMACT  SMOCC  TENSO  DRAMA  FP64A  FP32A  FP16A                 PCITX                 PCIRX       GPUTL       MCUTL       MUSAM       GUSAM       POWER             TOTEC  SACLK  PSTAT  TMPTR       MMTMP  SMCLK
      Id                                                                                                                                                               W                mJ                    C           C       
     GPU 0  1.000  0.000  0.000  0.000  0.001  0.000  0.000  0.000               3150551               1118192         100           0       0.000      99.000     149.825        8684391433    810      0     33          45    810
     GPU 0  1.000  0.940  0.750  0.000  0.001  0.000  0.621  0.000               3147280                651562         100           0       0.000      99.000     149.825        8684406596    810      0     33          45    810
     GPU 0  1.000  0.000  0.000  0.000  0.001  0.000  0.000  0.000               7195444               4931708         100           0       0.000      99.000     149.825        8684406596    810      0     33          45    810
     GPU 0  1.000  0.936  0.743  0.000  0.001  0.000  0.617  0.000               3375634               1154699         100           0       0.000      99.000     149.825        8684406596    810      0     33          44    810
     GPU 0  1.000  0.953  0.767  0.000  0.001  0.000  0.632  0.000               4278219               2653082         100           0       0.000      99.000     149.825        8684406596    810      0     33          44    810
     GPU 0  1.000  0.000  0.000  0.000  0.001  0.000  0.000  0.000               6860819               4519874         100           0       0.000      99.000     149.825        8684421666    810      0     33          45    810
     GPU 0  1.000  0.000  0.000  0.000  0.001  0.000  0.000  0.000               6860819               4519874         100           0       0.000      99.000     149.292        8684421666    810      0     33          45    810
     GPU 0  1.000  0.945  0.763  0.000  0.001  0.000  0.627  0.000               9797093               6352505         100           0       0.000      99.000     149.292        8684421666    810      0     33          45    810
     GPU 0  1.000  0.943  0.753  0.000  0.001  0.000  0.624  0.000               6827963               5571233         100           0       0.000      99.000     149.292        8684421666    810      0     33          44    810
     GPU 0  1.000  0.000  0.000  0.000  0.001  0.000  0.000  0.000               6491277               4423810         100           0       0.000      99.000     149.292        8684421666    810      0     33          45    810
     GPU 0  1.000  0.000  0.000  0.000  0.001  0.000  0.000  0.000               6491277               4423810         100           0       0.000      99.000     149.292        8684421666    810      0     33          45    810
     GPU 0  1.000  0.938  0.746  0.000  0.001  0.000  0.620  0.000               3829102               2486919         100           0       0.000      99.000     149.825        8684436762    810      0     33          45    810
     GPU 0  1.000  0.000  0.000  0.000  0.001  0.000  0.000  0.000               1087996                836920         100           0       0.000      99.000     149.825        8684436762    810      0     33          44    810
     GPU 0  1.000  0.942  0.733  0.000  0.001  0.000  0.594  0.000               3425599               1285526         100           0       0.000      99.000     149.825        8684436762    810      0     33          45    810

# Entity  GRACT  SMACT  SMOCC  TENSO  DRAMA  FP64A  FP32A  FP16A                 PCITX                 PCIRX       GPUTL       MCUTL       MUSAM       GUSAM       POWER             TOTEC  SACLK  PSTAT  TMPTR       MMTMP  SMCLK
      Id                                                                                                                                                               W                mJ                    C           C       
     GPU 0  1.000  0.941  0.757  0.000  0.001  0.000  0.611  0.000               4235413               2615959         100           0       0.000      99.000     149.825        8684436762    810      0     33          45    810
     GPU 0  1.000  0.000  0.000  0.000  0.001  0.000  0.000  0.000               6661182               4386545         100           0       0.000      99.000     149.825        8684451853    810      0     33          45    810
     GPU 0  1.000  0.000  0.000  0.000  0.001  0.000  0.000  0.000               6661182               4386545         100           0       0.000      99.000     149.292        8684451853    810      0     33          45    810
     GPU 0  1.000  0.947  0.762  0.000  0.001  0.000  0.602  0.000               9716162               6499582         100           0       0.000      99.000     149.292        8684451853    810      0     33          45    810
     GPU 0  1.000  0.945  0.749  0.000  0.001  0.000  0.597  0.000               6911416               5822399         100           0       0.000      99.000     149.292        8684451853    810      0     33          45    810
     GPU 0  1.000  0.000  0.000  0.000  0.001  0.000  0.000  0.000               6657923               4670108         100           0       0.000      99.000     149.292        8684451853    810      0     33          45    810
     GPU 0  1.000  0.000  0.000  0.000  0.001  0.000  0.000  0.000               6657923               4670108         100           0       0.000      99.000     149.292        8684451853    810      0     33          45    810
     GPU 0  1.000  0.942  0.753  0.000  0.001  0.000  0.623  0.000               5440533               4121169         100           0       0.000      99.000     149.292        8684467014    810      0     33          45    810
     GPU 0  1.000  0.000  0.000  0.000  0.001  0.000  0.000  0.000               1173419                838157         100           0       0.000      99.000     149.292        8684467014    810      0     33          45    810
     GPU 0  1.000  0.943  0.753  0.000  0.001  0.000  0.624  0.000               3149692               1117678         100           0       0.000      99.000     149.292        8684467014    810      0     33          45    810
     GPU 0  1.000  0.915  0.655  0.000  0.001  0.000  0.592  0.000               3385594               1185119         100           0       0.000      99.000     149.292        8684467014    810      0     33          45    810
     GPU 0  1.000  0.000  0.000  0.000  0.001  0.000  0.000  0.000               4479810               2582893         100           0       0.000      99.000     149.292        8684467014    810      0     33          45    810
     GPU 0  1.000  0.000  0.000  0.000  0.001  0.000  0.000  0.000               4479810               2582893         100           0       0.000      99.000     150.066        8684482070    810      0     33          45    810
     GPU 0  1.000  0.944  0.753  0.000  0.001  0.000  0.625  0.000               7485731               4990259         100           0       0.000      99.000     150.066        8684482070    810      0     33          45    810

# Entity  GRACT  SMACT  SMOCC  TENSO  DRAMA  FP64A  FP32A  FP16A                 PCITX                 PCIRX       GPUTL       MCUTL       MUSAM       GUSAM       POWER             TOTEC  SACLK  PSTAT  TMPTR       MMTMP  SMCLK
      Id                                                                                                                                                               W                mJ                    C           C       
     GPU 0  1.000  0.937  0.749  0.000  0.001  0.000  0.621  0.000               6827692               5654805         100           0       0.000      99.000     150.066        8684482070    810      0     33          45    810
     GPU 0  1.000  0.000  0.000  0.000  0.001  0.000  0.000  0.000               6508738               4542835         100           0       0.000      99.000     150.066        8684482070    810      0     33          45    810
     GPU 0  1.000  0.000  0.000  0.000  0.001  0.000  0.000  0.000               6508738               4542835         100           0       0.000      99.000     150.066        8684482070    810      0     33          45    810
     GPU 0  1.000  0.941  0.749  0.000  0.001  0.000  0.621  0.000               8958829               6002152         100           0       0.000      99.000     150.066        8684497207    810      0     33          45    810
     GPU 0  1.000  0.000  0.000  0.000  0.001  0.000  0.000  0.000               5478134               3847737         100           0       0.000      99.000     150.066        8684497207    810      0     33          45    810
     GPU 0  1.000  0.947  0.753  0.000  0.001  0.000  0.599  0.000               6860987               4592645         100           0       0.000      99.000     150.066        8684497207    810      0     33          45    810
     GPU 0  0.500  0.000  0.000  0.000  0.001  0.000  0.000  0.000            2411380808               3609579         100           0       0.000      99.000     150.066        8684497207    810      0     33          45    810
     GPU 0  0.000  0.000  0.000  0.000  0.000  0.000  0.000  0.000               9538517               5950200         100           0       0.000      99.000     150.066        8684497207    810      0     33          45    810
     GPU 0  0.000  0.000  0.000  0.000  0.000  0.000  0.000  0.000               9538517               5950200         100           0       0.000      99.000      88.666        8684510481    810      0     32          45    810
     GPU 0  0.000  0.000  0.000  0.000  0.000  0.000  0.000  0.000               9277919               5515829          69           0       0.000      99.000      88.666        8684510481    810      0     31          45    810
     GPU 0  0.000  0.000  0.000  0.000  0.000  0.000  0.000  0.000               5661982               3244507          69           0       0.000      68.000      88.666        8684510481    810      0     31          45    810
     GPU 0  0.000  0.000  0.000  0.000  0.000  0.000  0.000  0.000               3175506               1620996          69           0       0.000      68.000      88.666        8684510481    810      0     31          45    810
     GPU 0  0.000  0.000  0.000  0.000  0.000  0.000  0.000  0.000               1922146                 41884          69           0       0.000      68.000      88.666        8684510481    810      0     31          45    810
     GPU 0  0.000  0.000  0.000  0.000  0.000  0.000  0.000  0.000               4850454               2049480          69           0       0.000      68.000      84.867        8684510481    810      0     31          45    810

# Entity  GRACT  SMACT  SMOCC  TENSO  DRAMA  FP64A  FP32A  FP16A                 PCITX                 PCIRX       GPUTL       MCUTL       MUSAM       GUSAM       POWER             TOTEC  SACLK  PSTAT  TMPTR       MMTMP  SMCLK
      Id                                                                                                                                                               W                mJ                    C           C       
     GPU 0  0.000  0.000  0.000  0.000  0.000  0.000  0.000  0.000               6707631               3722192          69           0       0.000      68.000      84.867        8684519149    810      0     30          45    810
     GPU 0  0.000  0.000  0.000  0.000  0.000  0.000  0.000  0.000               6707631               3722192          69           0       0.000      68.000      84.867        8684519149    810      0     30          45    810
     GPU 0  0.000  0.000  0.000  0.000  0.000  0.000  0.000  0.000               8382447               5086015          69           0       0.000      68.000      84.867        8684519149    810      0     30          45    810
     GPU 0  0.000  0.000  0.000  0.000  0.000  0.000  0.000  0.000               9119404               6162941          69           0       0.000      68.000      84.867        8684519149    810      0     30          45    810
     GPU 0  0.000  0.000  0.000  0.000  0.000  0.000  0.000  0.000               9461839               6341769          69           0       0.000      68.000      84.625        8684527652    810      0     30          44    810
     GPU 0  0.000  0.000  0.000  0.000  0.000  0.000  0.000  0.000              10261510               6696460           0           0       0.000       0.000      84.625        8684527652    810      0     30          45    810
     GPU 0  0.000  0.000  0.000  0.000  0.000  0.000  0.000  0.000              10261510               6696460           0           0       0.000       0.000      84.625        8684527652    810      0     30          44    810
     GPU 0  0.000  0.000  0.000  0.000  0.000  0.000  0.000  0.000               5622163               3692866           0           0       0.000       0.000      84.625        8684527652    810      0     30          44    810
     GPU 0  0.000  0.000  0.000  0.000  0.000  0.000  0.000  0.000               9000266               5792567           0           0       0.000       0.000      84.625        8684527652    810      0     30          44    810
     GPU 0  0.000  0.000  0.000  0.000  0.000  0.000  0.000  0.000               9867952               6203861           0           0       0.000       0.000      84.625        8684527652    810      0     30          44    810
     GPU 0  0.000  0.000  0.000  0.000  0.000  0.000  0.000  0.000               6504702               4407141           0           0       0.000       0.000      84.625        8684536320    810      0     30          44    810
     GPU 0  0.000  0.000  0.000  0.000  0.000  0.000  0.000  0.000               6847186               4254801           0           0       0.000       0.000      84.625        8684536320    810      0     29          44    810
     GPU 0  0.000  0.000  0.000  0.000  0.000  0.000  0.000  0.000               2208592                163741           0           0       0.000       0.000      84.625        8684536320    810      0     29          44    810
     GPU 0  0.000  0.000  0.000  0.000  0.000  0.000  0.000  0.000               2208592                163741           0           0       0.000       0.000      84.625        8684536320    810      0     29          44    810

# Entity  GRACT  SMACT  SMOCC  TENSO  DRAMA  FP64A  FP32A  FP16A                 PCITX                 PCIRX       GPUTL       MCUTL       MUSAM       GUSAM       POWER             TOTEC  SACLK  PSTAT  TMPTR       MMTMP  SMCLK
      Id                                                                                                                                                               W                mJ                    C           C       
     GPU 0  0.000  0.000  0.000  0.000  0.000  0.000  0.000  0.000               3018075                315891           0           0       0.000       0.000      85.158        8684544753    810      0     29          44    810
     GPU 0  0.000  0.000  0.000  0.000  0.000  0.000  0.000  0.000               6375285               3699239           0           0       0.000       0.000      85.158        8684544753    810      0     29          44    810
     GPU 0  0.000  0.000  0.000  0.000  0.000  0.000  0.000  0.000               5435891               1907021           0           0       0.000       0.000      85.158        8684544753    810      0     29          45    810
     GPU 0  0.000  0.000  0.000  0.000  0.000  0.000  0.000  0.000               4370679               2043752           0           0       0.000       0.000      85.158        8684544753    810      0     29          45    810
     GPU 0  0.000  0.000  0.000  0.000  0.000  0.000  0.000  0.000               6974044               3372329           0           0       0.000       0.000      85.158        8684544753    810      0     29          44    810
     GPU 0  0.000  0.000  0.000  0.000  0.000  0.000  0.000  0.000               6974044               3372329           0           0       0.000       0.000      85.158        8684544753    810      0     29          44    810
     GPU 0  0.000  0.000  0.000  0.000  0.000  0.000  0.000  0.000              12743236               7615780           0           0       0.000       0.000      84.327        8684553394    810      0     29          44    810
     GPU 0  0.000  0.000  0.000  0.000  0.000  0.000  0.000  0.000               6744053               8884195           0           0       0.000       0.000      84.327        8684553394    810      0     29          44    810
     GPU 0  0.000  0.000  0.000  0.000  0.000  0.000  0.000  0.000               6744053               8884195           0           0       0.000       0.000      84.327        8684553394    810      0     29          44    810
     GPU 0  0.000  0.000  0.000  0.000  0.000  0.000  0.000  0.000               6744053               8884195           0           0       0.000       0.000      84.327        8684553394    810      0     29          44    810
     GPU 0  0.000  0.000  0.000  0.000  0.002  0.000  0.000  0.000               1077921                414585           0           0       0.000       0.000      84.867        8684553394    810      0     29          44    810
     GPU 0  0.000  0.000  0.000  0.000  0.002  0.000  0.000  0.000               1077921                414585           0           0       0.000       0.000      84.867        8684561830    810      0     29          44    810
     GPU 0  0.000  0.000  0.000  0.000  0.000  0.000  0.000  0.000               8781644              19894697          10           0       0.000       0.000      84.867        8684561830    810      0     29          44    810
     GPU 0  0.000  0.000  0.000  0.000  0.000  0.000  0.000  0.000               8781644              19894697          10           0       0.000       0.000      84.867        8684561830    810      0     29          44    810

# Entity  GRACT  SMACT  SMOCC  TENSO  DRAMA  FP64A  FP32A  FP16A                 PCITX                 PCIRX       GPUTL       MCUTL       MUSAM       GUSAM       POWER             TOTEC  SACLK  PSTAT  TMPTR       MMTMP  SMCLK
      Id                                                                                                                                                               W                mJ                    C           C       
     GPU 0  0.000  0.000  0.000  0.000  0.000  0.000  0.000  0.000               9530604               7776474          10           0       0.000       0.000      84.867        8684561830    810      0     29          44    810
     GPU 0  0.000  0.000  0.000  0.000  0.000  0.000  0.000  0.000              11068196               9114985          10           0       0.000       0.000      84.625        8684570362    810      0     29          44    810
     GPU 0  0.000  0.000  0.000  0.000  0.000  0.000  0.000  0.000               2242071               4235023          10           0       0.000       0.000      84.625        8684570362    810      0     29          44    810
     GPU 0  0.000  0.000  0.000  0.000  0.000  0.000  0.000  0.000               2011611                335032          10           0       0.000       0.000      84.625        8684570362    810      0     29          44    810
     GPU 0  0.000  0.000  0.000  0.000  0.000  0.000  0.000  0.000               4289884               1766497          10           0       0.000       0.000      84.625        8684570362    810      0     29          44    810
     GPU 0  0.000  0.000  0.000  0.000  0.000  0.000  0.000  0.000               4289884               1766497          10           0       0.000       0.000      84.625        8684570362    810      0     29          44    810
     GPU 0  0.000  0.000  0.000  0.000  0.000  0.000  0.000  0.000               5816828               3185197          10           0       0.000       0.000      84.327        8684578881    810      0     29          44    810
     GPU 0  0.000  0.000  0.000  0.000  0.000  0.000  0.000  0.000               6780462               3900883          10           0       0.000       0.000      84.327        8684578881    810      0     29          44    810
     GPU 0  0.000  0.000  0.000  0.000  0.000  0.000  0.000  0.000               7735349               5334087           0           0       0.000       0.000      84.327        8684578881    810      0     29          44    810
     GPU 0  0.000  0.000  0.000  0.000  0.000  0.000  0.000  0.000              11146182               7248751           0           0       0.000       0.000      84.327        8684578881    810      0     29          44    810
     GPU 0  0.000  0.000  0.000  0.000  0.000  0.000  0.000  0.000              11682859               7233614           0           0       0.000       0.000      84.327        8684578881    810      0     29          44    810
     GPU 0  0.000  0.000  0.000  0.000  0.000  0.000  0.000  0.000               6077136               3760316           0           0       0.000       0.000      84.327        8684587444    810      0     29          44    810
     GPU 0  0.000  0.000  0.000  0.000  0.000  0.000  0.000  0.000               7498725               5204944           0           0       0.000       0.000      84.327        8684587444    810      0     29          44    810
     GPU 0  0.000  0.000  0.000  0.000  0.000  0.000  0.000  0.000               7498725               5204944           0           0       0.000       0.000      84.327        8684587444    810      0     29          44    810

# Entity  GRACT  SMACT  SMOCC  TENSO  DRAMA  FP64A  FP32A  FP16A                 PCITX                 PCIRX       GPUTL       MCUTL       MUSAM       GUSAM       POWER             TOTEC  SACLK  PSTAT  TMPTR       MMTMP  SMCLK
      Id                                                                                                                                                               W                mJ                    C           C       
     GPU 0  0.000  0.000  0.000  0.000  0.000  0.000  0.000  0.000               8791324               5820324           0           0       0.000       0.000      84.327        8684587444    810      0     29          44    810
     GPU 0  0.000  0.000  0.000  0.000  0.000  0.000  0.000  0.000               8589176               5650857           0           0       0.000       0.000      84.327        8684587444    810      0     29          44    810
     GPU 0  0.000  0.000  0.000  0.000  0.000  0.000  0.000  0.000               7764675               5161080           0           0       0.000       0.000      84.327        8684595917    810      0     29          44    810
     GPU 0  0.000  0.000  0.000  0.000  0.000  0.000  0.000  0.000               8661002               5796536           0           0       0.000       0.000      84.327        8684595917    810      0     29          44    810
     GPU 0  0.000  0.000  0.000  0.000  0.000  0.000  0.000  0.000               8329245               5511285           0           0       0.000       0.000      84.327        8684595917    810      0     29          44    810
     GPU 0  0.000  0.000  0.000  0.000  0.000  0.000  0.000  0.000               8329245               5511285           0           0       0.000       0.000      84.327        8684595917    810      0     29          44    810
     GPU 0  0.000  0.000  0.000  0.000  0.000  0.000  0.000  0.000               7040188               4337457           0           0       0.000       0.000      84.327        8684595917    810      0     29          44    810
     GPU 0  0.000  0.000  0.000  0.000  0.000  0.000  0.000  0.000                920627                 83693           0           0       0.000       0.000      84.327        8684595917    810      0     29          44    810
     GPU 0  0.000  0.000  0.000  0.000  0.000  0.000  0.000  0.000              12404191               6998467           0           0       0.000       0.000      84.327        8684604461    810      0     29          44    810
     GPU 0  0.000  0.000  0.000  0.000  0.000  0.000  0.000  0.000               4131457               3213865           0           0       0.000       0.000      84.327        8684604461    810      0     29          44    810
     GPU 0  0.000  0.000  0.000  0.000  0.000  0.000  0.000  0.000               3192880                275040           0           0       0.000       0.000      84.327        8684604461    810      0     29          44    810
     GPU 0  0.000  0.000  0.000  0.000  0.000  0.000  0.000  0.000               3192880                275040           0           0       0.000       0.000      84.327        8684604461    810      0     29          44    810
     GPU 0  0.000  0.000  0.000  0.000  0.000  0.000  0.000  0.000               3009620                357346           0           0       0.000       0.000      84.327        8684612966    810      0     29          44    810
     GPU 0  0.000  0.000  0.000  0.000  0.000  0.000  0.000  0.000               4582326               2221588           0           0       0.000       0.000      84.327        8684612966    810      0     28          44    810

# Entity  GRACT  SMACT  SMOCC  TENSO  DRAMA  FP64A  FP32A  FP16A                 PCITX                 PCIRX       GPUTL       MCUTL       MUSAM       GUSAM       POWER             TOTEC  SACLK  PSTAT  TMPTR       MMTMP  SMCLK
      Id                                                                                                                                                               W                mJ                    C           C       
     GPU 0  0.000  0.000  0.000  0.000  0.000  0.000  0.000  0.000               7763768               3828648           0           0       0.000       0.000      84.327        8684612966    810      0     28          44    810
     GPU 0  0.000  0.000  0.000  0.000  0.000  0.000  0.000  0.000               7711498               5049331           0           0       0.000       0.000      84.327        8684612966    810      0     28          44    810
     GPU 0  0.000  0.000  0.000  0.000  0.000  0.000  0.000  0.000               7711498               5049331           0           0       0.000       0.000      84.327        8684612966    810      0     28          44    810
     GPU 0  0.000  0.000  0.000  0.000  0.000  0.000  0.000  0.000               6971148               4971257           0           0       0.000       0.000      84.327        8684621516    810      0     28          44    810
     GPU 0  0.000  0.000  0.000  0.000  0.000  0.000  0.000  0.000               4933380               2856910           0           0       0.000       0.000      84.327        8684621516    810      0     28          44    810
     GPU 0  0.000  0.000  0.000  0.000  0.000  0.000  0.000  0.000               6488672               4438658           0           0       0.000       0.000      84.327        8684621516    810      0     28          44    810
     GPU 0  0.000  0.000  0.000  0.000  0.000  0.000  0.000  0.000               6488672               4438658           0           0       0.000       0.000      84.327        8684621516    810      0     28          44    810
     GPU 0  0.000  0.000  0.000  0.000  0.000  0.000  0.000  0.000               9489176               6210767           0           0       0.000       0.000      84.327        8684621516    810      0     28          44    810
     GPU 0  0.000  0.000  0.000  0.000  0.000  0.000  0.000  0.000               5644923               4324211           0           0       0.000       0.000      84.327        8684630067    810      0     28          44    810
     GPU 0  0.000  0.000  0.000  0.000  0.000  0.000  0.000  0.000               1004746                 83728           0           0       0.000       0.000      84.085        8684630067    810      0     28          44    810
     GPU 0  0.000  0.000  0.000  0.000  0.000  0.000  0.000  0.000                921437                167534           0           0       0.000       0.000      84.085        8684630067    810      0     28          44    810
     GPU 0  0.000  0.000  0.000  0.000  0.000  0.000  0.000  0.000               8522910               5866837           0           0       0.000       0.000      84.085        8684630067    810      0     28          44    810
     GPU 0  0.000  0.000  0.000  0.000  0.000  0.000  0.000  0.000              10068384               6695689           0           0       0.000       0.000      84.085        8684630067    810      0     28          44    810
     GPU 0  0.000  0.000  0.000  0.000  0.000  0.000  0.000  0.000               7206776               5112885           0           0       0.000       0.000      84.327        8684638562    810      0     28          44    810

# Entity  GRACT  SMACT  SMOCC  TENSO  DRAMA  FP64A  FP32A  FP16A                 PCITX                 PCIRX       GPUTL       MCUTL       MUSAM       GUSAM       POWER             TOTEC  SACLK  PSTAT  TMPTR       MMTMP  SMCLK
      Id                                                                                                                                                               W                mJ                    C           C       
     GPU 0  0.000  0.000  0.000  0.000  0.000  0.000  0.000  0.000               3355083               1791224           0           0       0.000       0.000      84.327        8684638562    810      0     28          44    810
     GPU 0  0.000  0.000  0.000  0.000  0.000  0.000  0.000  0.000               3355083               1791224           0           0       0.000       0.000      84.327        8684638562    810      0     28          44    810
     GPU 0  0.000  0.000  0.000  0.000  0.000  0.000  0.000  0.000               3015338                274121           0           0       0.000       0.000      84.327        8684638562    810      0     28          44    810
     GPU 0  0.000  0.000  0.000  0.000  0.000  0.000  0.000  0.000               3067419                 41830           0           0       0.000       0.000      84.327        8684638562    810      0     28          44    810
     GPU 0  0.000  0.000  0.000  0.000  0.000  0.000  0.000  0.000               4708677               1995904           0           0       0.000       0.000      84.327        8684647077    810      0     28          44    810
     GPU 0  0.000  0.000  0.000  0.000  0.000  0.000  0.000  0.000               9446755               3964189           0           0       0.000       0.000      84.327        8684647077    810      0     28          44    810
     GPU 0  0.000  0.000  0.000  0.000  0.000  0.000  0.000  0.000               9193422               4399350           0           0       0.000       0.000      84.327        8684647077    810      0     28          44    810
     GPU 0  0.000  0.000  0.000  0.000  0.000  0.000  0.000  0.000               9193422               4399350           0           0       0.000       0.000      84.327        8684647077    810      0     28          44    810
     GPU 0  0.000  0.000  0.000  0.000  0.000  0.000  0.000  0.000               6208308               3391329           0           0       0.000       0.000      84.327        8684647077    810      0     28          44    810
     GPU 0  0.000  0.000  0.000  0.000  0.000  0.000  0.000  0.000               8644529               5452564           0           0       0.000       0.000      84.327        8684655597    810      0     28          44    810
     GPU 0  0.000  0.000  0.000  0.000  0.000  0.000  0.000  0.000               9986461               6584449           0           0       0.000       0.000      84.327        8684655597    810      0     28          44    810
     GPU 0  0.000  0.000  0.000  0.000  0.000  0.000  0.000  0.000               6895684               5015228           0           0       0.000       0.000      84.327        8684655597    810      0     28          44    810
     GPU 0  0.000  0.000  0.000  0.000  0.000  0.000  0.000  0.000               6895684               5015228           0           0       0.000       0.000      84.327        8684655597    810      0     28          44    810
     GPU 0  0.000  0.000  0.000  0.000  0.000  0.000  0.000  0.000               6442965               3847013           0           0       0.000       0.000      84.327        8684655597    810      0     28          44    810

# Entity  GRACT  SMACT  SMOCC  TENSO  DRAMA  FP64A  FP32A  FP16A                 PCITX                 PCIRX       GPUTL       MCUTL       MUSAM       GUSAM       POWER             TOTEC  SACLK  PSTAT  TMPTR       MMTMP  SMCLK
      Id                                                                                                                                                               W                mJ                    C           C       
     GPU 0  0.000  0.000  0.000  0.000  0.000  0.000  0.000  0.000               5352846               4031917           0           0       0.000       0.000      84.327        8684664134    810      0     28          44    810
     GPU 0  0.000  0.000  0.000  0.000  0.000  0.000  0.000  0.000                920868                 83715           0           0       0.000       0.000      84.327        8684664134    810      0     28          44    810
     GPU 0  0.000  0.000  0.000  0.000  0.000  0.000  0.000  0.000               9620775               5027071           0           0       0.000       0.000      84.327        8684664134    810      0     28          44    810
     GPU 0  0.000  0.000  0.000  0.000  0.000  0.000  0.000  0.000              10102761               6972268           0           0       0.000       0.000      84.327        8684664134    810      0     28          44    810
     GPU 0  0.000  0.000  0.000  0.000  0.000  0.000  0.000  0.000              12991746              13720525           0           0       0.000       0.000      84.327        8684664134    810      0     28          44    225
     GPU 0  0.000  0.000  0.000  0.000  0.000  0.000  0.000  0.000                920646                 83695           0           0       0.000       0.000      80.286        8684672575    810      0     28          44    225
