# Entity  GRACT  SMACT  SMOCC  TENSO  DRAMA  FP64A  FP32A  FP16A                 PCITX                 PCIRX       GPUTL       MCUTL       MUSAM       GUSAM       POWER             TOTEC  SACLK  PSTAT  TMPTR       MMTMP  SMCLK
      Id                                                                                                                                                               W                mJ                    C           C       
     GPU 0  0.000  0.000  0.000  0.000  0.000  0.000  0.000  0.000             101851851               9259259           0           0       0.000       0.000      77.020        7347927445    900      0     26          43    210
     GPU 0  0.000  0.000  0.000  0.000  0.000  0.000  0.000  0.000               8521608               4489198           0           0       0.000       0.000      77.020        7347927445    900      0     26          43    210
     GPU 0  0.000  0.000  0.000  0.000  0.000  0.000  0.000  0.000               8521608               4489198           0           0       0.000       0.000      77.020        7347927445    900      0     26          43    210
     GPU 0  0.000  0.000  0.000  0.000  0.000  0.000  0.000  0.000               7027017               4978127           0           0       0.000       0.000      77.020        7347927445    900      0     26          43    210
     GPU 0  0.000  0.000  0.000  0.000  0.000  0.000  0.000  0.000               6171026               3594523           0           0       0.000       0.000      77.020        7347927445    900      0     26          43    210
     GPU 0  0.000  0.000  0.000  0.000  0.000  0.000  0.000  0.000               6171026               3594523           0           0       0.000       0.000      78.383        7347935343    900      0     27          43    210
     GPU 0  0.000  0.000  0.000  0.000  0.000  0.000  0.000  0.000               5141129               3536464           0           0       0.000       0.000      78.383        7347935343    900      0     26          43    210
     GPU 0  0.000  0.000  0.000  0.000  0.000  0.000  0.000  0.000               1928284                163871           0           0       0.000       0.000      78.383        7347935343    900      0     26          43    210
     GPU 0  0.000  0.000  0.000  0.000  0.000  0.000  0.000  0.000               4304028               1539474           0           0       0.000       0.000      78.383        7347935343    900      0     27          43    210
     GPU 0  0.000  0.000  0.000  0.000  0.000  0.000  0.000  0.000               5370222               2888399           0           0       0.000       0.000      78.383        7347943260    900      0     27          43    210
     GPU 0  0.000  0.000  0.000  0.000  0.000  0.000  0.000  0.000               5370222               2888399           0           0       0.000       0.000      78.383        7347943260    900      0     27          43    210
     GPU 0  0.000  0.000  0.000  0.000  0.000  0.000  0.000  0.000               7486617               4574439           0           0       0.000       0.000      78.383        7347943260    900      0     27          43    210
     GPU 0  0.000  0.000  0.000  0.000  0.000  0.000  0.000  0.000               5500006               3473245           0           0       0.000       0.000      78.383        7347943260    900      0     27          43    210
     GPU 0  0.000  0.000  0.000  0.000  0.000  0.000  0.000  0.000               3303411                317203           0           0       0.000       0.000      78.383        7347943260    900      0     27          43    210
     GPU 0  0.000  0.000  0.000  0.000  0.000  0.000  0.000  0.000               3303411                317203           0           0       0.000       0.000      78.383        7347943260    900      0     27          43    210

# Entity  GRACT  SMACT  SMOCC  TENSO  DRAMA  FP64A  FP32A  FP16A                 PCITX                 PCIRX       GPUTL       MCUTL       MUSAM       GUSAM       POWER             TOTEC  SACLK  PSTAT  TMPTR       MMTMP  SMCLK
      Id                                                                                                                                                               W                mJ                    C           C       
     GPU 0  0.000  0.000  0.000  0.000  0.000  0.000  0.000  0.000               1798261                163478           0           0       0.000       0.000      78.383        7347951170    900      0     27          43    210
     GPU 0  0.000  0.000  0.000  0.000  0.000  0.000  0.000  0.000               6220291               2280282           0           0       0.000       0.000      78.383        7347951170    900      0     27          43    210
     GPU 0  0.000  0.000  0.000  0.000  0.000  0.000  0.000  0.000               6589661               3664076           0           0       0.000       0.000      78.383        7347951170    900      0     27          43    210
     GPU 0  0.000  0.000  0.000  0.000  0.000  0.000  0.000  0.000               8336609               5358969           0           0       0.000       0.000      78.383        7347951170    900      0     27          43    210
     GPU 0  0.000  0.000  0.000  0.000  0.000  0.000  0.000  0.000               8528339               5786401           0           0       0.000       0.000      78.383        7347959069    900      0     27          43    210
     GPU 0  0.000  0.000  0.000  0.000  0.000  0.000  0.000  0.000               8528339               5786401           0           0       0.000       0.000      78.383        7347959069    900      0     27          43    210
     GPU 0  0.000  0.000  0.000  0.000  0.000  0.000  0.000  0.000               6688900               4932149           0           0       0.000       0.000      78.383        7347959069    900      0     27          43    210
     GPU 0  0.000  0.000  0.000  0.000  0.000  0.000  0.000  0.000               6718237               4165576           0           0       0.000       0.000      78.383        7347959069    900      0     27          43    210
     GPU 0  0.000  0.000  0.000  0.000  0.000  0.000  0.000  0.000                920497                 83681           0           0       0.000       0.000      78.383        7347959069    900      0     27          43    210
     GPU 0  0.000  0.000  0.000  0.000  0.000  0.000  0.000  0.000               4041761               4151915           0           0       0.000       0.000      78.383        7347959069    900      0     27          43    210
     GPU 0  0.000  0.000  0.000  0.000  0.000  0.000  0.000  0.000               4041761               4151915           0           0       0.000       0.000      78.383        7347966986    900      0     27          43    210
     GPU 0  0.000  0.000  0.000  0.000  0.000  0.000  0.000  0.000               4518287               3589872           0           0       0.000       0.000      78.383        7347966986    900      0     27          43    210
     GPU 0  0.000  0.000  0.000  0.000  0.000  0.000  0.000  0.000               4579111              21726422           0           0       0.000       0.000      78.383        7347966986    900      0     27          43    210
     GPU 0  0.000  0.000  0.000  0.000  0.000  0.000  0.000  0.000               9229763              23932042           0           0       0.000       0.000      78.383        7347966986    900      0     27          43    210

# Entity  GRACT  SMACT  SMOCC  TENSO  DRAMA  FP64A  FP32A  FP16A                 PCITX                 PCIRX       GPUTL       MCUTL       MUSAM       GUSAM       POWER             TOTEC  SACLK  PSTAT  TMPTR       MMTMP  SMCLK
      Id                                                                                                                                                               W                mJ                    C           C       
     GPU 0  0.000  0.000  0.000  0.000  0.000  0.000  0.000  0.000               2398875               7031185           0           0       0.000       0.000      78.383        7347966986    900      0     27          43    210
     GPU 0  0.000  0.000  0.000  0.000  0.000  0.000  0.000  0.000               2398875               7031185           0           0       0.000       0.000      78.383        7347974896    900      0     27          43    210
     GPU 0  0.000  0.000  0.000  0.000  0.000  0.000  0.000  0.000              10618098               7078732           0           0       0.000       0.000      78.383        7347974896    900      0     27          43    210
     GPU 0  0.000  0.000  0.000  0.000  0.000  0.000  0.000  0.000              11416390               7706063           0           0       0.000       0.000      78.383        7347974896    900      0     27          43    210
     GPU 0  0.000  0.000  0.000  0.000  0.000  0.000  0.000  0.000               3108699               3527178           0           0       0.000       0.000      78.383        7347974896    900      0     27          43    210
     GPU 0  0.000  0.000  0.000  0.000  0.000  0.000  0.000  0.000               3108699               3527178           0           0       0.000       0.000      78.383        7347974896    900      0     27          43    210
     GPU 0  0.000  0.000  0.000  0.000  0.000  0.000  0.000  0.000               3108699               3527178           0           0       0.000       0.000      78.383        7347982876    900      0     27          43    210
     GPU 0  0.000  0.000  0.000  0.000  0.000  0.000  0.000  0.000               5652678               4953772           0           0       0.000       0.000      78.383        7347982876    900      0     27          43    210
     GPU 0  0.000  0.000  0.000  0.000  0.000  0.000  0.000  0.000               1122885               1197744           0           0       0.000       0.000      78.383        7347982876    900      0     27          43    210
     GPU 0  0.000  0.000  0.000  0.000  0.000  0.000  0.000  0.000               1583168               2583064           0           0       0.000       0.000      78.383        7347982876    900      0     27          43    210
     GPU 0  0.000  0.000  0.000  0.000  0.000  0.000  0.000  0.000               1583168               2583064           0           0       0.000       0.000      78.383        7347982876    900      0     27          43    210
     GPU 0  0.000  0.000  0.000  0.000  0.000  0.000  0.000  0.000               1583168               2583064           0           0       0.000       0.000      78.383        7347982876    900      0     27          43    210
     GPU 0  0.000  0.000  0.000  0.000  0.000  0.000  0.000  0.000               8246837               4960054           0           0       0.000       0.000      78.383        7347990716    900      0     27          43    210
     GPU 0  0.000  0.000  0.000  0.000  0.000  0.000  0.000  0.000               1150228               4092673           0           0       0.000       0.000      78.383        7347990716    900      0     27          43    210

# Entity  GRACT  SMACT  SMOCC  TENSO  DRAMA  FP64A  FP32A  FP16A                 PCITX                 PCIRX       GPUTL       MCUTL       MUSAM       GUSAM       POWER             TOTEC  SACLK  PSTAT  TMPTR       MMTMP  SMCLK
      Id                                                                                                                                                               W                mJ                    C           C       
     GPU 0  0.000  0.000  0.000  0.000  0.000  0.000  0.000  0.000               1150228               4092673           0           0       0.000       0.000      78.383        7347990716    900      0     27          43    210
     GPU 0  0.000  0.000  0.000  0.000  0.000  0.000  0.000  0.000              10848202              17988791           0           0       0.000       0.000      78.383        7347998643    900      0     27          43    210
     GPU 0  0.000  0.000  0.000  0.000  0.000  0.000  0.000  0.000              10605730              15961308           0           0       0.000       0.000      78.383        7347998643    900      0     27          43    210
     GPU 0  0.000  0.000  0.000  0.000  0.000  0.000  0.000  0.000              10605730              15961308           0           0       0.000       0.000      78.383        7347998643    900      0     27          43    210
     GPU 0  0.488  0.000  0.000  0.000  0.000  0.000  0.000  0.000              11227109              13534386           1           0       0.000       1.000      78.383        7347998643    900      0     27          43    900
     GPU 0  0.141  0.000  0.000  0.000  0.000  0.000  0.000  0.000              10705138              50682138           1           0       0.000       1.000      78.383        7347998643    900      0     27          43    900
     GPU 0  0.003  0.000  0.000  0.000  0.001  0.000  0.000  0.000             342556139            3008390307           1           0       0.000       1.000      78.383        7347998643    900      0     27          43    900
     GPU 0  0.003  0.000  0.000  0.000  0.001  0.000  0.000  0.000             342556139            3008390307           1           0       0.000       1.000      84.625        7348006911    900      0     27          43    900
     GPU 0  0.067  0.106  0.093  0.000  0.000  0.000  0.068  0.000              61217819             458374729           1           0       0.000       1.000      84.625        7348006911    900      0     27          43    900
     GPU 0  1.000  0.000  0.000  0.000  0.001  0.000  0.000  0.000               3822646               3479764           1           0       0.000       1.000      84.625        7348006911    900      0     28          43    900
     GPU 0  1.000  0.944  0.746  0.000  0.001  0.000  0.601  0.000               1745647               1083700           1           0       0.000       1.000      84.625        7348006911    900      0     28          43    900
     GPU 0  1.000  0.949  0.757  0.000  0.001  0.000  0.632  0.000               1909257                957127           1           0       0.000       1.000     154.691        7348006911    900      0     29          43    900
     GPU 0  1.000  0.000  0.000  0.000  0.001  0.000  0.000  0.000               5921412               3699600           1           0       0.000       1.000     154.691        7348020371    900      0     29          43    900
     GPU 0  1.000  0.000  0.000  0.000  0.001  0.000  0.000  0.000               5921412               3699600           1           0       0.000       1.000     154.691        7348020371    900      0     29          43    900

# Entity  GRACT  SMACT  SMOCC  TENSO  DRAMA  FP64A  FP32A  FP16A                 PCITX                 PCIRX       GPUTL       MCUTL       MUSAM       GUSAM       POWER             TOTEC  SACLK  PSTAT  TMPTR       MMTMP  SMCLK
      Id                                                                                                                                                               W                mJ                    C           C       
     GPU 0  1.000  0.949  0.761  0.000  0.001  0.000  0.626  0.000               7010836               5567386          70           0       0.000       1.000     154.691        7348020371    900      0     30          43    900
     GPU 0  1.000  0.000  0.000  0.000  0.001  0.000  0.000  0.000              12056025               7233615          70           0       0.000      70.000     154.691        7348020371    900      0     30          43    900
     GPU 0  1.000  0.944  0.736  0.000  0.001  0.000  0.624  0.000               9825793               7274599          70           0       0.000      70.000     154.988        7348036090    900      0     30          43    900
     GPU 0  1.000  0.934  0.742  0.000  0.001  0.000  0.616  0.000               8901528               5672230          70           0       0.000      70.000     154.988        7348036090    900      0     30          43    900
     GPU 0  1.000  0.000  0.000  0.000  0.001  0.000  0.000  0.000              10132331               7405900          70           0       0.000      70.000     154.988        7348036090    900      0     30          43    900
     GPU 0  1.000  0.946  0.771  0.000  0.001  0.000  0.629  0.000               9806824               7049713          70           0       0.000      70.000     154.988        7348036090    900      0     30          43    900
     GPU 0  1.000  0.942  0.744  0.000  0.001  0.000  0.621  0.000               9891329               6969597          70           0       0.000      70.000     154.988        7348036090    900      0     31          44    900
     GPU 0  1.000  0.000  0.000  0.000  0.001  0.000  0.000  0.000               4051743               3928672          70           0       0.000      70.000     154.988        7348036090    900      0     31          43    900
     GPU 0  1.000  0.950  0.772  0.000  0.001  0.000  0.631  0.000               1088110                837008          70           0       0.000      70.000     156.052        7348051825    900      0     31          43    900
     GPU 0  1.000  0.950  0.772  0.000  0.001  0.000  0.631  0.000               1088110                837008          70           0       0.000      70.000     156.052        7348051825    900      0     31          43    900
     GPU 0  1.000  0.000  0.000  0.000  0.001  0.000  0.000  0.000               8600720               6041422         100           0       0.000      99.000     156.052        7348051825    900      0     31          43    900
     GPU 0  1.000  0.947  0.768  0.000  0.001  0.000  0.622  0.000               7543920               6118966         100           0       0.000      99.000     156.052        7348051825    900      0     31          43    900
     GPU 0  1.000  0.943  0.763  0.000  0.001  0.000  0.621  0.000               7506354               5996760         100           0       0.000      99.000     156.052        7348067487    900      0     31          43    900
     GPU 0  1.000  0.000  0.000  0.000  0.001  0.000  0.000  0.000               4702182               4451702         100           0       0.000      99.000     154.988        7348067487    900      0     31          43    900

# Entity  GRACT  SMACT  SMOCC  TENSO  DRAMA  FP64A  FP32A  FP16A                 PCITX                 PCIRX       GPUTL       MCUTL       MUSAM       GUSAM       POWER             TOTEC  SACLK  PSTAT  TMPTR       MMTMP  SMCLK
      Id                                                                                                                                                               W                mJ                    C           C       
     GPU 0  1.000  0.932  0.747  0.000  0.001  0.000  0.613  0.000               3721055               1411437         100           0       0.000      99.000     154.988        7348067487    900      0     31          43    900
     GPU 0  1.000  1.000  0.837  0.000  0.001  0.000  0.687  0.000               3155902                903930         100           0       0.000      99.000     154.988        7348067487    900      0     31          43    900
     GPU 0  1.000  0.000  0.000  0.000  0.001  0.000  0.000  0.000               6241117               2635988         100           0       0.000      99.000     154.988        7348067487    900      0     31          43    900
     GPU 0  1.000  0.000  0.000  0.000  0.001  0.000  0.000  0.000               6241117               2635988         100           0       0.000      99.000     154.988        7348067487    900      0     31          43    900
     GPU 0  1.000  0.942  0.759  0.000  0.001  0.000  0.623  0.000               5413813               3284010         100           0       0.000      99.000     155.230        7348083170    900      0     31          43    900
     GPU 0  1.000  0.954  0.797  0.000  0.001  0.000  0.642  0.000               7271448               4239609         100           0       0.000      99.000     155.230        7348083170    900      0     31          43    900
     GPU 0  1.000  0.000  0.000  0.000  0.001  0.000  0.000  0.000               7374603               4900139         100           0       0.000      99.000     155.230        7348083170    900      0     31          43    900
     GPU 0  1.000  0.939  0.727  0.000  0.001  0.000  0.618  0.000               7534630               6111448         100           0       0.000      99.000     155.230        7348083170    900      0     32          43    900
     GPU 0  1.000  0.940  0.769  0.000  0.001  0.000  0.626  0.000              10183488               7916342         100           0       0.000      99.000     155.230        7348098858    900      0     32          43    900
     GPU 0  1.000  0.000  0.000  0.000  0.001  0.000  0.000  0.000               9610972               7445074         100           0       0.000      99.000     155.762        7348098858    900      0     32          43    900
     GPU 0  1.000  0.951  0.750  0.000  0.001  0.000  0.630  0.000               9797881               7405035         100           0       0.000      99.000     155.762        7348098858    900      0     32          43    900
     GPU 0  1.000  0.951  0.750  0.000  0.001  0.000  0.630  0.000               9797881               7405035         100           0       0.000      99.000     155.762        7348098858    900      0     32          43    900
     GPU 0  1.000  0.937  0.757  0.000  0.001  0.000  0.618  0.000               6293175               4954621         100           0       0.000      99.000     155.762        7348098858    900      0     32          43    900
     GPU 0  1.000  0.000  0.000  0.000  0.001  0.000  0.000  0.000               9597574               6748956         100           0       0.000      99.000     155.762        7348098858    900      0     32          43    900

# Entity  GRACT  SMACT  SMOCC  TENSO  DRAMA  FP64A  FP32A  FP16A                 PCITX                 PCIRX       GPUTL       MCUTL       MUSAM       GUSAM       POWER             TOTEC  SACLK  PSTAT  TMPTR       MMTMP  SMCLK
      Id                                                                                                                                                               W                mJ                    C           C       
     GPU 0  1.000  0.949  0.756  0.000  0.001  0.000  0.631  0.000              10015303               7656351         100           0       0.000      99.000     155.762        7348114604    900      0     32          43    900
     GPU 0  1.000  0.949  0.721  0.000  0.001  0.000  0.626  0.000               8671146               5312671         100           0       0.000      99.000     155.762        7348114604    900      0     32          43    900
     GPU 0  1.000  0.000  0.000  0.000  0.001  0.000  0.000  0.000               7541179               5064104         100           0       0.000      99.000     155.762        7348114604    900      0     32          43    900
     GPU 0  1.000  0.937  0.723  0.000  0.001  0.000  0.616  0.000               8171131               5656955         100           0       0.000      99.000     155.762        7348114604    900      0     32          43    900
     GPU 0  1.000  0.948  0.759  0.000  0.001  0.000  0.630  0.000               9723481               7303539         100           0       0.000      99.000     155.762        7348130317    900      0     32          43    900
     GPU 0  1.000  0.000  0.000  0.000  0.001  0.000  0.000  0.000               9700121               7328100         100           0       0.000      99.000     155.520        7348130317    900      0     32          43    900
     GPU 0  1.000  0.000  0.000  0.000  0.001  0.000  0.000  0.000               9700121               7328100         100           0       0.000      99.000     155.520        7348130317    900      0     32          44    900
     GPU 0  1.000  0.954  0.760  0.000  0.001  0.000  0.633  0.000               9866000               7305836         100           0       0.000      99.000     155.520        7348130317    900      0     32          43    900
     GPU 0  1.000  0.941  0.735  0.000  0.001  0.000  0.618  0.000              11065539               7748924         100           0       0.000      99.000     155.520        7348130317    900      0     32          44    900
     GPU 0  1.000  0.000  0.000  0.000  0.001  0.000  0.000  0.000               9166740               6562443         100           0       0.000      99.000     155.520        7348130317    900      0     32          43    900
     GPU 0  1.000  0.000  0.000  0.000  0.001  0.000  0.000  0.000               9166740               6562443         100           0       0.000      99.000     155.762        7348146036    900      0     32          44    900
     GPU 0  1.000  0.944  0.761  0.000  0.001  0.000  0.622  0.000               7244950               4879173         100           0       0.000      99.000     155.762        7348146036    900      0     32          44    900
     GPU 0  1.000  0.940  0.812  0.000  0.001  0.000  0.629  0.000               2217135               1279319         100           0       0.000      99.000     155.762        7348146036    900      0     32          44    900
     GPU 0  1.000  0.000  0.000  0.000  0.001  0.000  0.000  0.000               2129192                825415         100           0       0.000      99.000     155.762        7348146036    900      0     32          44    900

# Entity  GRACT  SMACT  SMOCC  TENSO  DRAMA  FP64A  FP32A  FP16A                 PCITX                 PCIRX       GPUTL       MCUTL       MUSAM       GUSAM       POWER             TOTEC  SACLK  PSTAT  TMPTR       MMTMP  SMCLK
      Id                                                                                                                                                               W                mJ                    C           C       
     GPU 0  1.000  0.931  0.739  0.000  0.001  0.000  0.614  0.000               4392019               2830752         100           0       0.000      99.000     155.762        7348161764    900      0     32          44    900
     GPU 0  1.000  0.935  0.749  0.000  0.001  0.000  0.618  0.000               5468054               3498542         100           0       0.000      99.000     156.052        7348161764    900      0     32          44    900
     GPU 0  1.000  0.000  0.000  0.000  0.001  0.000  0.000  0.000               7187136               5037951         100           0       0.000      99.000     156.052        7348161764    900      0     32          44    900
     GPU 0  1.000  0.000  0.000  0.000  0.001  0.000  0.000  0.000               7187136               5037951         100           0       0.000      99.000     156.052        7348161764    900      0     32          44    900
     GPU 0  1.000  0.938  0.744  0.000  0.001  0.000  0.619  0.000               9917672               7116090         100           0       0.000      99.000     156.052        7348161764    900      0     32          44    900
     GPU 0  1.000  0.939  0.749  0.000  0.001  0.000  0.617  0.000               8102073               6276653         100           0       0.000      99.000     156.052        7348161764    900      0     32          44    900
     GPU 0  1.000  0.939  0.749  0.000  0.001  0.000  0.617  0.000               8102073               6276653         100           0       0.000      99.000     154.988        7348177512    900      0     32          44    900
     GPU 0  1.000  0.000  0.000  0.000  0.001  0.000  0.000  0.000              10762607               6869284         100           0       0.000      99.000     154.988        7348177512    900      0     32          44    900
     GPU 0  1.000  0.946  0.763  0.000  0.001  0.000  0.623  0.000               3553773               1244865         100           0       0.000      99.000     154.988        7348177512    900      0     32          44    900
     GPU 0  1.000  0.913  0.700  0.000  0.001  0.000  0.593  0.000               2294879               1317173         100           0       0.000      99.000     154.988        7348177512    900      0     32          44    900
     GPU 0  1.000  0.000  0.000  0.000  0.001  0.000  0.000  0.000               4351907               3106443         100           0       0.000      99.000     154.988        7348193202    900      0     32          44    900
     GPU 0  1.000  0.941  0.749  0.000  0.001  0.000  0.621  0.000               6709846               4475873         100           0       0.000      99.000     156.052        7348193202    900      0     32          44    900
     GPU 0  1.000  0.941  0.749  0.000  0.001  0.000  0.621  0.000               6709846               4475873         100           0       0.000      99.000     156.052        7348193202    900      0     32          44    900
     GPU 0  1.000  0.944  0.758  0.000  0.001  0.000  0.627  0.000               8083184               5859155         100           0       0.000      99.000     156.052        7348193202    900      0     32          44    900

# Entity  GRACT  SMACT  SMOCC  TENSO  DRAMA  FP64A  FP32A  FP16A                 PCITX                 PCIRX       GPUTL       MCUTL       MUSAM       GUSAM       POWER             TOTEC  SACLK  PSTAT  TMPTR       MMTMP  SMCLK
      Id                                                                                                                                                               W                mJ                    C           C       
     GPU 0  1.000  0.000  0.000  0.000  0.001  0.000  0.000  0.000               8764115               6666546         100           0       0.000      99.000     156.052        7348193202    900      0     32          44    900
     GPU 0  1.000  0.942  0.732  0.000  0.001  0.000  0.618  0.000               8096890               5393720         100           0       0.000      99.000     156.052        7348193202    900      0     32          44    900
     GPU 0  1.000  0.942  0.732  0.000  0.001  0.000  0.618  0.000               8096890               5393720         100           0       0.000      99.000     156.301        7348208952    900      0     32          44    900
     GPU 0  1.000  0.937  0.739  0.000  0.001  0.000  0.608  0.000              10675473               6859509         100           0       0.000      99.000     156.301        7348208952    900      0     33          44    900
     GPU 0  1.000  0.000  0.000  0.000  0.001  0.000  0.000  0.000              11425125               6628925         100           0       0.000      99.000     156.301        7348208952    900      0     33          44    900
     GPU 0  1.000  0.946  0.771  0.000  0.001  0.000  0.603  0.000               2257527               1483934         100           0       0.000      99.000     156.301        7348208952    900      0     33          44    900
     GPU 0  1.000  0.943  0.751  0.000  0.001  0.000  0.622  0.000               4623525               3103237         100           0       0.000      99.000     156.301        7348224738    900      0     33          44    900
     GPU 0  1.000  0.000  0.000  0.000  0.001  0.000  0.000  0.000               7368323               5108722         100           0       0.000      99.000     156.591        7348224738    900      0     33          44    900
     GPU 0  1.000  0.000  0.000  0.000  0.001  0.000  0.000  0.000               7368323               5108722         100           0       0.000      99.000     156.591        7348224738    900      0     33          44    900
     GPU 0  1.000  0.937  0.747  0.000  0.001  0.000  0.616  0.000               9539500               7330965         100           0       0.000      99.000     156.591        7348224738    900      0     33          44    900
     GPU 0  1.000  0.930  0.736  0.000  0.001  0.000  0.611  0.000               8856530               6889692         100           0       0.000      99.000     156.591        7348224738    900      0     33          44    900
     GPU 0  1.000  0.000  0.000  0.000  0.001  0.000  0.000  0.000               6985814               4634176         100           0       0.000      99.000     156.591        7348224738    900      0     33          44    900
     GPU 0  1.000  0.000  0.000  0.000  0.001  0.000  0.000  0.000               6985814               4634176         100           0       0.000      99.000     156.052        7348240483    900      0     33          44    900
     GPU 0  1.000  0.937  0.757  0.000  0.001  0.000  0.618  0.000              11575414               9963581         100           0       0.000      99.000     156.052        7348240483    900      0     33          44    900

# Entity  GRACT  SMACT  SMOCC  TENSO  DRAMA  FP64A  FP32A  FP16A                 PCITX                 PCIRX       GPUTL       MCUTL       MUSAM       GUSAM       POWER             TOTEC  SACLK  PSTAT  TMPTR       MMTMP  SMCLK
      Id                                                                                                                                                               W                mJ                    C           C       
     GPU 0  1.000  0.938  0.728  0.000  0.001  0.000  0.606  0.000               2174801               1192088         100           0       0.000      99.000     156.052        7348240483    900      0     33          44    900
     GPU 0  1.000  0.000  0.000  0.000  0.001  0.000  0.000  0.000               4507981               2773843         100           0       0.000      99.000     156.052        7348240483    900      0     33          44    900
     GPU 0  1.000  0.937  0.747  0.000  0.001  0.000  0.597  0.000               6804235               4700566         100           0       0.000      99.000     156.052        7348256207    900      0     33          44    900
     GPU 0  1.000  0.937  0.747  0.000  0.001  0.000  0.597  0.000               6804235               4700566         100           0       0.000      99.000     155.762        7348256207    900      0     33          44    900
     GPU 0  1.000  0.955  0.770  0.000  0.001  0.000  0.620  0.000               8375898               5530667         100           0       0.000      99.000     155.762        7348256207    900      0     33          44    900
     GPU 0  1.000  0.000  0.000  0.000  0.001  0.000  0.000  0.000               7488223               6065843         100           0       0.000      99.000     155.762        7348256207    900      0     33          44    900
     GPU 0  1.000  0.935  0.725  0.000  0.001  0.000  0.615  0.000               8535379               5457067         100           0       0.000      99.000     155.762        7348256207    900      0     33          44    900
     GPU 0  1.000  0.000  0.000  0.000  0.001  0.000  0.000  0.000               1088879                921359         100           0       0.000      99.000     155.762        7348256207    900      0     33          44    900
     GPU 0  1.000  0.000  0.000  0.000  0.001  0.000  0.000  0.000               1088879                921359         100           0       0.000      99.000     156.301        7348272019    900      0     33          44    900
     GPU 0  1.000  0.947  0.769  0.000  0.001  0.000  0.629  0.000               8409128               5655119         100           0       0.000      99.000     156.301        7348272019    900      0     33          44    900
     GPU 0  1.000  0.940  0.731  0.000  0.001  0.000  0.616  0.000               3506502               1243131         100           0       0.000      99.000     156.301        7348272019    900      0     33          44    900
     GPU 0  1.000  0.000  0.000  0.000  0.001  0.000  0.000  0.000               4755227               2922505         100           0       0.000      99.000     156.301        7348272019    900      0     33          44    900
     GPU 0  1.000  0.943  0.745  0.000  0.001  0.000  0.618  0.000               7139848               4932759         100           0       0.000      99.000     156.301        7348272019    900      0     33          44    900
     GPU 0  1.000  0.939  0.732  0.000  0.001  0.000  0.616  0.000               9526223               7349954         100           0       0.000      99.000     155.762        7348287716    900      0     33          44    900

# Entity  GRACT  SMACT  SMOCC  TENSO  DRAMA  FP64A  FP32A  FP16A                 PCITX                 PCIRX       GPUTL       MCUTL       MUSAM       GUSAM       POWER             TOTEC  SACLK  PSTAT  TMPTR       MMTMP  SMCLK
      Id                                                                                                                                                               W                mJ                    C           C       
     GPU 0  1.000  0.939  0.732  0.000  0.001  0.000  0.616  0.000               9526223               7349954         100           0       0.000      99.000     155.762        7348287716    900      0     33          44    900
     GPU 0  1.000  0.000  0.000  0.000  0.001  0.000  0.000  0.000               6450252               5503718         100           0       0.000      99.000     155.762        7348287716    900      0     33          44    900
     GPU 0  1.000  0.935  0.726  0.000  0.001  0.000  0.615  0.000               7512442               5443637         100           0       0.000      99.000     155.762        7348287716    900      0     33          44    900
     GPU 0  1.000  0.935  0.726  0.000  0.001  0.000  0.615  0.000               7512442               5443637         100           0       0.000      99.000     155.762        7348287716    900      0     33          44    900
     GPU 0  1.000  0.939  0.788  0.000  0.001  0.000  0.618  0.000               3485194               2597591         100           0       0.000      99.000     155.762        7348303466    900      0     33          44    900
     GPU 0  1.000  0.000  0.000  0.000  0.001  0.000  0.000  0.000               3318338               1243589         100           0       0.000      99.000     155.762        7348303466    900      0     33          44    900
     GPU 0  1.000  0.937  0.734  0.000  0.001  0.000  0.612  0.000               4398443               2977094         100           0       0.000      99.000     155.762        7348303466    900      0     33          44    900
     GPU 0  1.000  0.937  0.734  0.000  0.001  0.000  0.612  0.000               4398443               2977094         100           0       0.000      99.000     155.762        7348303466    900      0     33          44    900
     GPU 0  1.000  0.953  0.777  0.000  0.001  0.000  0.606  0.000               6741715               5355111         100           0       0.000      99.000     155.762        7348303466    900      0     33          44    900
     GPU 0  1.000  0.000  0.000  0.000  0.001  0.000  0.000  0.000               7186282               6025845         100           0       0.000      99.000     155.520        7348319308    900      0     33          44    900
     GPU 0  1.000  0.947  0.771  0.000  0.001  0.000  0.630  0.000               6973768               4619807         100           0       0.000      99.000     155.520        7348319308    900      0     33          44    900
     GPU 0  1.000  0.944  0.763  0.000  0.001  0.000  0.626  0.000               9449163               7093899         100           0       0.000      99.000     155.520        7348319308    900      0     33          44    900
     GPU 0  1.000  0.944  0.763  0.000  0.001  0.000  0.626  0.000               9449163               7093899         100           0       0.000      99.000     155.520        7348319308    900      0     33          44    900
     GPU 0  1.000  0.000  0.000  0.000  0.001  0.000  0.000  0.000               4757641               4262096         100           0       0.000      99.000     155.520        7348319308    900      0     33          44    900

# Entity  GRACT  SMACT  SMOCC  TENSO  DRAMA  FP64A  FP32A  FP16A                 PCITX                 PCIRX       GPUTL       MCUTL       MUSAM       GUSAM       POWER             TOTEC  SACLK  PSTAT  TMPTR       MMTMP  SMCLK
      Id                                                                                                                                                               W                mJ                    C           C       
     GPU 0  1.000  0.925  0.719  0.000  0.001  0.000  0.607  0.000               3504462               1475142         100           0       0.000      99.000     156.301        7348335015    900      0     33          44    900
     GPU 0  1.000  0.000  0.000  0.000  0.001  0.000  0.000  0.000               1423346               1088441         100           0       0.000      99.000     156.301        7348335015    900      0     33          44    900
     GPU 0  1.000  0.940  0.727  0.000  0.001  0.000  0.593  0.000               3181982               2605927         100           0       0.000      99.000     156.301        7348335015    900      0     33          44    900
     GPU 0  1.000  0.912  0.675  0.000  0.001  0.000  0.593  0.000               4083577               1159797         100           0       0.000      99.000     156.301        7348335015    900      0     33          44    900
     GPU 0  1.000  0.000  0.000  0.000  0.001  0.000  0.000  0.000               2123973               1189582         100           0       0.000      99.000     156.301        7348335015    900      0     33          44    900
     GPU 0  1.000  0.000  0.000  0.000  0.001  0.000  0.000  0.000               2123973               1189582         100           0       0.000      99.000     154.691        7348350803    900      0     33          44    900
     GPU 0  1.000  0.947  0.757  0.000  0.001  0.000  0.629  0.000               5121196               3181237         100           0       0.000      99.000     154.691        7348350803    900      0     33          44    900
     GPU 0  1.000  0.938  0.750  0.000  0.001  0.000  0.621  0.000               6870195               4795132         100           0       0.000      99.000     154.691        7348350803    900      0     33          44    900
     GPU 0  1.000  0.000  0.000  0.000  0.001  0.000  0.000  0.000               9113091               5846922         100           0       0.000      99.000     154.691        7348350803    900      0     33          44    900
     GPU 0  1.000  0.000  0.000  0.000  0.001  0.000  0.000  0.000               9113091               5846922         100           0       0.000      99.000     154.691        7348350803    900      0     33          44    900
     GPU 0  1.000  0.932  0.735  0.000  0.001  0.000  0.612  0.000               6908601               4883559         100           0       0.000      99.000     156.301        7348366572    900      0     33          44    900
     GPU 0  1.000  0.946  0.774  0.000  0.001  0.000  0.628  0.000               9115802               6672387         100           0       0.000      99.000     156.301        7348366572    900      0     33          44    900
     GPU 0  1.000  0.000  0.000  0.000  0.001  0.000  0.000  0.000               2170769                909027         100           0       0.000      99.000     156.301        7348366572    900      0     33          44    900
     GPU 0  1.000  0.931  0.729  0.000  0.001  0.000  0.603  0.000               2579215               1153739         100           0       0.000      99.000     156.301        7348366572    900      0     33          44    900

# Entity  GRACT  SMACT  SMOCC  TENSO  DRAMA  FP64A  FP32A  FP16A                 PCITX                 PCIRX       GPUTL       MCUTL       MUSAM       GUSAM       POWER             TOTEC  SACLK  PSTAT  TMPTR       MMTMP  SMCLK
      Id                                                                                                                                                               W                mJ                    C           C       
     GPU 0  1.000  0.941  0.738  0.000  0.001  0.000  0.614  0.000               4442290               2984347         100           0       0.000      99.000     156.301        7348366572    900      0     33          44    900
     GPU 0  1.000  0.941  0.738  0.000  0.001  0.000  0.614  0.000               4442290               2984347         100           0       0.000      99.000     156.591        7348382317    900      0     33          44    900
     GPU 0  1.000  0.000  0.000  0.000  0.001  0.000  0.000  0.000               8196306               5842371         100           0       0.000      99.000     156.591        7348382317    900      0     33          44    900
     GPU 0  1.000  0.938  0.754  0.000  0.001  0.000  0.618  0.000               8516535               6409058         100           0       0.000      99.000     156.591        7348382317    900      0     33          44    900
     GPU 0  1.000  0.938  0.754  0.000  0.001  0.000  0.618  0.000               8516535               6409058         100           0       0.000      99.000     156.591        7348382317    900      0     33          44    900
     GPU 0  1.000  0.954  0.763  0.000  0.001  0.000  0.635  0.000               9276274               5817580         100           0       0.000      99.000     156.591        7348382317    900      0     33          44    900
     GPU 0  1.000  0.000  0.000  0.000  0.001  0.000  0.000  0.000               8718776               6765559         100           0       0.000      99.000     156.591        7348382317    900      0     33          44    900
     GPU 0  1.000  0.943  0.771  0.000  0.001  0.000  0.627  0.000               7802249               5069466         100           0       0.000      99.000     156.591        7348398132    900      0     33          44    900
     GPU 0  1.000  0.933  0.729  0.000  0.001  0.000  0.614  0.000               9747415               6481544         100           0       0.000      99.000     156.591        7348398132    900      0     33          44    900
     GPU 0  1.000  0.000  0.000  0.000  0.001  0.000  0.000  0.000              10020300               7211200         100           0       0.000      99.000     156.591        7348398132    900      0     33          44    900
     GPU 0  1.000  0.000  0.000  0.000  0.001  0.000  0.000  0.000              10020300               7211200         100           0       0.000      99.000     156.591        7348398132    900      0     33          44    900
     GPU 0  1.000  0.954  0.753  0.000  0.001  0.000  0.632  0.000              10912011               7805589         100           0       0.000      99.000     156.052        7348414049    900      0     33          44    900
     GPU 0  1.000  0.908  0.693  0.000  0.001  0.000  0.591  0.000               5847902               4120877         100           0       0.000      99.000     156.052        7348414049    900      0     33          44    900
     GPU 0  1.000  0.000  0.000  0.000  0.001  0.000  0.000  0.000               2164397               1186491         100           0       0.000      99.000     156.052        7348414049    900      0     33          44    900

# Entity  GRACT  SMACT  SMOCC  TENSO  DRAMA  FP64A  FP32A  FP16A                 PCITX                 PCIRX       GPUTL       MCUTL       MUSAM       GUSAM       POWER             TOTEC  SACLK  PSTAT  TMPTR       MMTMP  SMCLK
      Id                                                                                                                                                               W                mJ                    C           C       
     GPU 0  1.000  0.942  0.746  0.000  0.001  0.000  0.617  0.000               4717986               3046424         100           0       0.000      99.000     156.052        7348414049    900      0     33          44    900
     GPU 0  1.000  0.939  0.769  0.000  0.001  0.000  0.623  0.000               7872941               5290357         100           0       0.000      99.000     156.052        7348414049    900      0     33          44    900
     GPU 0  1.000  0.939  0.769  0.000  0.001  0.000  0.623  0.000               7872941               5290357         100           0       0.000      99.000     155.762        7348429623    900      0     33          44    900
     GPU 0  1.000  0.000  0.000  0.000  0.001  0.000  0.000  0.000              10589261               8038110         100           0       0.000      99.000     155.762        7348429623    900      0     33          44    900
     GPU 0  1.000  0.945  0.775  0.000  0.001  0.000  0.628  0.000               7520941               6100442         100           0       0.000      99.000     155.762        7348429623    900      0     33          44    900
     GPU 0  1.000  0.945  0.771  0.000  0.001  0.000  0.627  0.000               8102537               5222061         100           0       0.000      99.000     155.762        7348429623    900      0     33          44    900
     GPU 0  1.000  0.945  0.771  0.000  0.001  0.000  0.627  0.000               8102537               5222061         100           0       0.000      99.000     155.762        7348429623    900      0     33          44    900
     GPU 0  1.000  0.000  0.000  0.000  0.001  0.000  0.000  0.000               3424385               1326911         100           0       0.000      99.000     156.301        7348445486    900      0     33          44    900
     GPU 0  1.000  0.950  0.746  0.000  0.001  0.000  0.628  0.000               1339003                920564         100           0       0.000      99.000     156.301        7348445486    900      0     33          44    900
     GPU 0  1.000  0.000  0.000  0.000  0.001  0.000  0.000  0.000               3503684               2566012         100           0       0.000      99.000     156.301        7348445486    900      0     33          44    900
     GPU 0  1.000  0.950  0.742  0.000  0.001  0.000  0.628  0.000               3506601               1159131         100           0       0.000      99.000     156.301        7348445486    900      0     33          44    900
     GPU 0  1.000  0.967  0.765  0.000  0.001  0.000  0.649  0.000               4960784               2693149         100           0       0.000      99.000     156.301        7348445486    900      0     33          44    900
     GPU 0  1.000  0.967  0.765  0.000  0.001  0.000  0.649  0.000               4960784               2693149         100           0       0.000      99.000     155.520        7348461244    900      0     33          44    900
     GPU 0  1.000  0.000  0.000  0.000  0.001  0.000  0.000  0.000               4873018               3110393         100           0       0.000      99.000     155.520        7348461244    900      0     33          44    900

# Entity  GRACT  SMACT  SMOCC  TENSO  DRAMA  FP64A  FP32A  FP16A                 PCITX                 PCIRX       GPUTL       MCUTL       MUSAM       GUSAM       POWER             TOTEC  SACLK  PSTAT  TMPTR       MMTMP  SMCLK
      Id                                                                                                                                                               W                mJ                    C           C       
     GPU 0  1.000  0.937  0.763  0.000  0.001  0.000  0.620  0.000               7809607               5584988         100           0       0.000      99.000     155.520        7348461244    900      0     33          44    900
     GPU 0  1.000  0.941  0.742  0.000  0.001  0.000  0.625  0.000               8377573               6383946         100           0       0.000      99.000     155.520        7348461244    900      0     33          44    900
     GPU 0  1.000  0.941  0.742  0.000  0.001  0.000  0.625  0.000               8377573               6383946         100           0       0.000      99.000     155.520        7348461244    900      0     33          44    900
     GPU 0  1.000  0.000  0.000  0.000  0.001  0.000  0.000  0.000               8889471               6037874         100           0       0.000      99.000     156.301        7348461244    900      0     33          44    900
     GPU 0  1.000  0.941  0.754  0.000  0.001  0.000  0.612  0.000               8687614               6113545         100           0       0.000      99.000     156.301        7348477009    900      0     33          44    900
     GPU 0  1.000  0.956  0.791  0.000  0.001  0.000  0.632  0.000               8862288               6202737         100           0       0.000      99.000     156.301        7348477009    900      0     33          44    900
     GPU 0  1.000  0.000  0.000  0.000  0.001  0.000  0.000  0.000               8793239               6280827         100           0       0.000      99.000     156.301        7348477009    900      0     33          44    900
     GPU 0  1.000  0.000  0.000  0.000  0.001  0.000  0.000  0.000               8793239               6280827         100           0       0.000      99.000     156.301        7348477009    900      0     33          44    900
     GPU 0  1.000  0.944  0.771  0.000  0.001  0.000  0.627  0.000               6910305               5402435         100           0       0.000      99.000     156.052        7348492764    900      0     33          45    900
     GPU 0  1.000  0.913  0.682  0.000  0.001  0.000  0.595  0.000               5823195               2883584         100           0       0.000      99.000     156.052        7348492764    900      0     33          44    900
     GPU 0  1.000  0.000  0.000  0.000  0.001  0.000  0.000  0.000               5428684               3213152         100           0       0.000      99.000     156.052        7348492764    900      0     33          44    900
     GPU 0  1.000  0.930  0.736  0.000  0.001  0.000  0.614  0.000               6996867               4672705         100           0       0.000      99.000     156.052        7348492764    900      0     33          44    900
     GPU 0  1.000  0.930  0.736  0.000  0.001  0.000  0.614  0.000               6996867               4672705         100           0       0.000      99.000     156.052        7348492764    900      0     33          44    900
     GPU 0  1.000  0.933  0.748  0.000  0.001  0.000  0.614  0.000               9447050               7146121         100           0       0.000      99.000     156.052        7348492764    900      0     33          44    900

# Entity  GRACT  SMACT  SMOCC  TENSO  DRAMA  FP64A  FP32A  FP16A                 PCITX                 PCIRX       GPUTL       MCUTL       MUSAM       GUSAM       POWER             TOTEC  SACLK  PSTAT  TMPTR       MMTMP  SMCLK
      Id                                                                                                                                                               W                mJ                    C           C       
     GPU 0  1.000  0.000  0.000  0.000  0.001  0.000  0.000  0.000               5956006               4886939         100           0       0.000      99.000     156.591        7348508815    900      0     33          44    900
     GPU 0  1.000  0.925  0.734  0.000  0.001  0.000  0.601  0.000               9400128               7223075         100           0       0.000      99.000     156.591        7348508815    900      0     33          44    900
     GPU 0  1.000  0.939  0.751  0.000  0.001  0.000  0.610  0.000              10953571               8008025         100           0       0.000      99.000     156.591        7348508815    900      0     33          44    900
     GPU 0  1.000  0.000  0.000  0.000  0.001  0.000  0.000  0.000               8572517               6166164         100           0       0.000      99.000     156.591        7348508815    900      0     33          44    900
     GPU 0  1.000  0.946  0.734  0.000  0.002  0.000  0.598  0.000               1256071               1172332         100           0       0.000      99.000     155.762        7348524278    900      0     33          44    900
     GPU 0  1.000  0.946  0.734  0.000  0.002  0.000  0.598  0.000               1256071               1172332         100           0       0.000      99.000     155.762        7348524278    900      0     33          45    900
     GPU 0  1.000  0.000  0.000  0.000  0.001  0.000  0.000  0.000               7088799               4627071         100           0       0.000      99.000     155.762        7348524278    900      0     33          45    900
     GPU 0  1.000  0.945  0.751  0.000  0.001  0.000  0.626  0.000              10094756               7013820         100           0       0.000      99.000     155.762        7348524278    900      0     33          45    900
     GPU 0  1.000  0.953  0.780  0.000  0.001  0.000  0.634  0.000               8157889               6274710         100           0       0.000      99.000     155.762        7348524278    900      0     34          44    900
     GPU 0  1.000  0.000  0.000  0.000  0.001  0.000  0.000  0.000               3191934                860932         100           0       0.000      99.000     156.591        7348540105    900      0     34          45    900
     GPU 0  1.000  0.000  0.000  0.000  0.001  0.000  0.000  0.000               3191934                860932         100           0       0.000      99.000     156.591        7348540105    900      0     33          44    900
     GPU 0  1.000  0.946  0.748  0.000  0.001  0.000  0.627  0.000               4988322               2972695         100           0       0.000      99.000     156.591        7348540105    900      0     34          44    900
     GPU 0  1.000  0.932  0.753  0.000  0.001  0.000  0.608  0.000               6999733               4670608         100           0       0.000      99.000     156.591        7348540105    900      0     34          44    900
     GPU 0  1.000  0.932  0.753  0.000  0.001  0.000  0.608  0.000               6999733               4670608         100           0       0.000      99.000     156.591        7348540105    900      0     34          44    900

# Entity  GRACT  SMACT  SMOCC  TENSO  DRAMA  FP64A  FP32A  FP16A                 PCITX                 PCIRX       GPUTL       MCUTL       MUSAM       GUSAM       POWER             TOTEC  SACLK  PSTAT  TMPTR       MMTMP  SMCLK
      Id                                                                                                                                                               W                mJ                    C           C       
     GPU 0  1.000  0.000  0.000  0.000  0.001  0.000  0.000  0.000               9732711               6023467         100           0       0.000      99.000     154.988        7348555927    900      0     34          45    900
     GPU 0  1.000  0.934  0.749  0.000  0.001  0.000  0.615  0.000               8179593               5209899         100           0       0.000      99.000     154.988        7348555927    900      0     34          44    900
     GPU 0  1.000  0.913  0.794  0.000  0.001  0.000  0.601  0.000               3315370               1051587         100           0       0.000      99.000     154.988        7348555927    900      0     34          44    900
     GPU 0  1.000  0.000  0.000  0.000  0.001  0.000  0.000  0.000               2208781               1149570         100           0       0.000      99.000     154.988        7348555927    900      0     34          45    900
     GPU 0  1.000  0.940  0.752  0.000  0.001  0.000  0.620  0.000               6494973               4196398         100           0       0.000      99.000     154.988        7348555927    900      0     34          44    900
     GPU 0  1.000  0.940  0.752  0.000  0.001  0.000  0.620  0.000               6494973               4196398         100           0       0.000      99.000     156.882        7348571664    900      0     34          44    900
     GPU 0  1.000  0.939  0.734  0.000  0.001  0.000  0.620  0.000               7044999               4609495         100           0       0.000      99.000     156.882        7348571664    900      0     34          45    900
     GPU 0  1.000  0.000  0.000  0.000  0.001  0.000  0.000  0.000               8710791               6618291         100           0       0.000      99.000     156.882        7348571664    900      0     34          45    900
     GPU 0  1.000  0.948  0.750  0.000  0.001  0.000  0.627  0.000               9928852               7373699         100           0       0.000      99.000     156.882        7348571664    900      0     34          45    900
     GPU 0  1.000  0.948  0.750  0.000  0.001  0.000  0.627  0.000               9928852               7373699         100           0       0.000      99.000     156.882        7348571664    900      0     34          45    900
     GPU 0  1.000  0.951  0.762  0.000  0.001  0.000  0.614  0.000               8823999               6684826         100           0       0.000      99.000     157.124        7348587479    900      0     34          45    900
     GPU 0  1.000  0.000  0.000  0.000  0.001  0.000  0.000  0.000               1171523                836802         100           0       0.000      99.000     157.124        7348587479    900      0     34          45    900
     GPU 0  1.000  0.951  0.773  0.000  0.001  0.000  0.632  0.000               6754503               5453704         100           0       0.000      99.000     157.124        7348587479    900      0     34          45    900
     GPU 0  1.000  0.000  0.000  0.000  0.001  0.000  0.000  0.000               2171393               1026988         100           0       0.000      99.000     157.124        7348587479    900      0     34          44    900

# Entity  GRACT  SMACT  SMOCC  TENSO  DRAMA  FP64A  FP32A  FP16A                 PCITX                 PCIRX       GPUTL       MCUTL       MUSAM       GUSAM       POWER             TOTEC  SACLK  PSTAT  TMPTR       MMTMP  SMCLK
      Id                                                                                                                                                               W                mJ                    C           C       
     GPU 0  1.000  0.933  0.729  0.000  0.002  0.000  0.613  0.000               3265216               1240498         100           0       0.000      99.000     157.124        7348587479    900      0     34          44    900
     GPU 0  1.000  0.942  0.823  0.000  0.001  0.000  0.624  0.000               5722829               2769428         100           0       0.000      99.000     156.052        7348587479    900      0     34          45    900
     GPU 0  1.000  0.942  0.823  0.000  0.001  0.000  0.624  0.000               5722829               2769428         100           0       0.000      99.000     156.052        7348603410    900      0     34          44    900
     GPU 0  1.000  0.000  0.000  0.000  0.001  0.000  0.000  0.000               6208908               4287728         100           0       0.000      99.000     156.052        7348603410    900      0     34          45    900
     GPU 0  1.000  0.952  0.776  0.000  0.001  0.000  0.634  0.000               6447805               4485058         100           0       0.000      99.000     156.052        7348603410    900      0     34          45    900
     GPU 0  1.000  0.941  0.768  0.000  0.001  0.000  0.624  0.000               9821818               6963352         100           0       0.000      99.000     156.052        7348603410    900      0     34          44    900
     GPU 0  1.000  0.941  0.768  0.000  0.001  0.000  0.624  0.000               9821818               6963352         100           0       0.000      99.000     156.052        7348619017    900      0     34          45    900
     GPU 0  1.000  0.000  0.000  0.000  0.001  0.000  0.000  0.000               8315948               5198581         100           0       0.000      99.000     156.052        7348619017    900      0     34          45    900
     GPU 0  1.000  0.935  0.742  0.000  0.001  0.000  0.616  0.000               5406913               4531990         100           0       0.000      99.000     156.052        7348619017    900      0     34          45    900
     GPU 0  1.000  0.937  0.740  0.000  0.001  0.000  0.617  0.000               5143658               3888402         100           0       0.000      99.000     156.052        7348619017    900      0     34          44    900
     GPU 0  1.000  0.000  0.000  0.000  0.001  0.000  0.000  0.000               3941013               1904456         100           0       0.000      99.000     156.052        7348619017    900      0     34          45    900
     GPU 0  1.000  0.000  0.000  0.000  0.001  0.000  0.000  0.000               3941013               1904456         100           0       0.000      99.000     156.301        7348634827    900      0     34          45    900
     GPU 0  1.000  0.939  0.745  0.000  0.001  0.000  0.621  0.000               5481799               3238049         100           0       0.000      99.000     156.301        7348634827    900      0     34          45    900
     GPU 0  1.000  0.936  0.731  0.000  0.001  0.000  0.616  0.000               6428641               5152932         100           0       0.000      99.000     156.301        7348634827    900      0     34          45    900

# Entity  GRACT  SMACT  SMOCC  TENSO  DRAMA  FP64A  FP32A  FP16A                 PCITX                 PCIRX       GPUTL       MCUTL       MUSAM       GUSAM       POWER             TOTEC  SACLK  PSTAT  TMPTR       MMTMP  SMCLK
      Id                                                                                                                                                               W                mJ                    C           C       
     GPU 0  1.000  0.000  0.000  0.000  0.001  0.000  0.000  0.000               8065296               5355405         100           0       0.000      99.000     156.301        7348634827    900      0     34          45    900
     GPU 0  0.459  0.420  0.324  0.000  0.002  0.000  0.258  0.000            1477485352                666021         100           0       0.000      99.000     156.301        7348634827    900      0     33          45    900
     GPU 0  0.459  0.420  0.324  0.000  0.002  0.000  0.258  0.000            1477485352                666021         100           0       0.000      99.000     102.790        7348649474    900      0     33          44    900
     GPU 0  0.000  0.000  0.000  0.000  0.000  0.000  0.000  0.000               7733243               4487800         100           0       0.000      99.000     102.790        7348649474    900      0     32          44    900
     GPU 0  0.000  0.000  0.000  0.000  0.000  0.000  0.000  0.000               8801039               5666485         100           0       0.000      99.000     102.790        7348649474    900      0     31          45    900
     GPU 0  0.000  0.000  0.000  0.000  0.000  0.000  0.000  0.000               7353414               4192698          72           0       0.000      72.000     102.790        7348649474    900      0     31          45    900
     GPU 0  0.000  0.000  0.000  0.000  0.000  0.000  0.000  0.000               7148690               4126658          72           0       0.000      72.000     102.790        7348649474    900      0     31          44    900
     GPU 0  0.000  0.000  0.000  0.000  0.000  0.000  0.000  0.000               9534051               5545116          72           0       0.000      72.000      85.400        7348649474    900      0     31          45    900
     GPU 0  0.000  0.000  0.000  0.000  0.000  0.000  0.000  0.000               2396366               1193802          72           0       0.000      72.000      85.400        7348658339    900      0     31          45    900
     GPU 0  0.000  0.000  0.000  0.000  0.000  0.000  0.000  0.000               3029292                275390          72           0       0.000      72.000      85.400        7348658339    900      0     30          45    900
     GPU 0  0.000  0.000  0.000  0.000  0.000  0.000  0.000  0.000               3029292                275390          72           0       0.000      72.000      85.400        7348658339    900      0     30          44    900
     GPU 0  0.000  0.000  0.000  0.000  0.000  0.000  0.000  0.000               3029706                275427          72           0       0.000      72.000      85.400        7348658339    900      0     30          45    900
     GPU 0  0.000  0.000  0.000  0.000  0.000  0.000  0.000  0.000               5469136               1891897          72           0       0.000      72.000      85.690        7348666900    900      0     30          45    900
     GPU 0  0.000  0.000  0.000  0.000  0.000  0.000  0.000  0.000               5956439               2175472          72           0       0.000      72.000      85.690        7348666900    900      0     30          44    900

# Entity  GRACT  SMACT  SMOCC  TENSO  DRAMA  FP64A  FP32A  FP16A                 PCITX                 PCIRX       GPUTL       MCUTL       MUSAM       GUSAM       POWER             TOTEC  SACLK  PSTAT  TMPTR       MMTMP  SMCLK
      Id                                                                                                                                                               W                mJ                    C           C       
     GPU 0  0.000  0.000  0.000  0.000  0.000  0.000  0.000  0.000               6123474               2975671          72           0       0.000      72.000      85.690        7348666900    900      0     30          44    900
     GPU 0  0.000  0.000  0.000  0.000  0.000  0.000  0.000  0.000               6720652               3779757           0           0       0.000       0.000      85.690        7348666900    900      0     30          44    900
     GPU 0  0.000  0.000  0.000  0.000  0.000  0.000  0.000  0.000               9093580               5670976           0           0       0.000       0.000      85.690        7348666900    900      0     30          44    900
     GPU 0  0.000  0.000  0.000  0.000  0.000  0.000  0.000  0.000               9093580               5670976           0           0       0.000       0.000      85.690        7348666900    900      0     30          44    900
     GPU 0  0.000  0.000  0.000  0.000  0.000  0.000  0.000  0.000              10436678               6758636           0           0       0.000       0.000      85.690        7348675692    900      0     30          44    900
     GPU 0  0.000  0.000  0.000  0.000  0.000  0.000  0.000  0.000               9444702               6316060           0           0       0.000       0.000      85.690        7348675692    900      0     30          44    900
     GPU 0  0.000  0.000  0.000  0.000  0.000  0.000  0.000  0.000               9650447               6432379           0           0       0.000       0.000      85.690        7348675692    900      0     30          44    900
     GPU 0  0.000  0.000  0.000  0.000  0.000  0.000  0.000  0.000               9994546               6539888           0           0       0.000       0.000      85.690        7348675692    900      0     30          44    900
     GPU 0  0.000  0.000  0.000  0.000  0.000  0.000  0.000  0.000               9410671               6008201           0           0       0.000       0.000      85.158        7348684157    900      0     29          44    900
     GPU 0  0.000  0.000  0.000  0.000  0.000  0.000  0.000  0.000               9410671               6008201           0           0       0.000       0.000      85.158        7348684157    900      0     29          44    900
     GPU 0  0.000  0.000  0.000  0.000  0.000  0.000  0.000  0.000               6066694               4057776           0           0       0.000       0.000      85.158        7348684157    900      0     29          44    900
     GPU 0  0.000  0.000  0.000  0.000  0.000  0.000  0.000  0.000               7165117               5237875           0           0       0.000       0.000      85.158        7348684157    900      0     29          44    900
     GPU 0  0.000  0.000  0.000  0.000  0.000  0.000  0.000  0.000               4513505               3644259           0           0       0.000       0.000      85.158        7348684157    900      0     29          44    900
     GPU 0  0.000  0.000  0.000  0.000  0.000  0.000  0.000  0.000               3193876                275146           0           0       0.000       0.000      85.158        7348684157    900      0     29          44    900

# Entity  GRACT  SMACT  SMOCC  TENSO  DRAMA  FP64A  FP32A  FP16A                 PCITX                 PCIRX       GPUTL       MCUTL       MUSAM       GUSAM       POWER             TOTEC  SACLK  PSTAT  TMPTR       MMTMP  SMCLK
      Id                                                                                                                                                               W                mJ                    C           C       
     GPU 0  0.000  0.000  0.000  0.000  0.000  0.000  0.000  0.000               3193876                275146           0           0       0.000       0.000      85.158        7348692781    900      0     29          44    900
     GPU 0  0.000  0.000  0.000  0.000  0.000  0.000  0.000  0.000               3193876                275146           0           0       0.000       0.000      85.158        7348692781    900      0     29          44    900
     GPU 0  0.003  0.000  0.000  0.000  0.000  0.000  0.000  0.000               3037133               4590664           0           0       0.000       0.000      85.158        7348692781    900      0     29          44    900
     GPU 0  0.003  0.000  0.000  0.000  0.000  0.000  0.000  0.000               3037133               4590664           0           0       0.000       0.000      85.158        7348692781    900      0     29          44    900
     GPU 0  0.000  0.000  0.000  0.000  0.000  0.000  0.000  0.000               9422197              10768225           0           0       0.000       0.000      85.988        7348692781    900      0     29          44    900
     GPU 0  0.000  0.000  0.000  0.000  0.000  0.000  0.000  0.000               8321371              12149202           0           0       0.000       0.000      85.988        7348701356    900      0     29          44    900
     GPU 0  0.000  0.000  0.000  0.000  0.000  0.000  0.000  0.000               8321371              12149202           9           0       0.000       0.000      85.988        7348701356    900      0     29          44    900
     GPU 0  0.000  0.000  0.000  0.000  0.000  0.000  0.000  0.000                990986                932693           9           0       0.000       0.000      85.988        7348701356    900      0     29          44    900
     GPU 0  0.000  0.000  0.000  0.000  0.000  0.000  0.000  0.000               2311745               4128116           9           0       0.000       0.000      85.988        7348701356    900      0     29          44    900
     GPU 0  0.000  0.000  0.000  0.000  0.000  0.000  0.000  0.000               2311745               4128116           9           0       0.000       0.000      85.988        7348701356    900      0     29          44    900
     GPU 0  0.000  0.000  0.000  0.000  0.000  0.000  0.000  0.000               9583240               6357737           9           0       0.000       0.000      85.158        7348709995    900      0     29          44    900
     GPU 0  0.000  0.000  0.000  0.000  0.000  0.000  0.000  0.000               9922772               7911420           9           0       0.000       0.000      85.158        7348709995    900      0     29          44    900
     GPU 0  0.000  0.000  0.000  0.000  0.000  0.000  0.000  0.000               9835157               6553739           9           0       0.000       0.000      85.158        7348709995    900      0     29          44    900
     GPU 0  0.000  0.000  0.000  0.000  0.000  0.000  0.000  0.000              10321414               6415101           9           0       0.000       0.000      85.158        7348709995    900      0     29          44    900

# Entity  GRACT  SMACT  SMOCC  TENSO  DRAMA  FP64A  FP32A  FP16A                 PCITX                 PCIRX       GPUTL       MCUTL       MUSAM       GUSAM       POWER             TOTEC  SACLK  PSTAT  TMPTR       MMTMP  SMCLK
      Id                                                                                                                                                               W                mJ                    C           C       
     GPU 0  0.000  0.000  0.000  0.000  0.000  0.000  0.000  0.000              10321414               6415101           9           0       0.000       0.000      85.400        7348718599    900      0     29          44    900
     GPU 0  0.000  0.000  0.000  0.000  0.000  0.000  0.000  0.000              10627298               6817201           9           0       0.000       0.000      85.400        7348718599    900      0     29          44    900
     GPU 0  0.000  0.000  0.000  0.000  0.000  0.000  0.000  0.000               9800899               6157235           9           0       0.000       0.000      85.400        7348718599    900      0     29          44    900
     GPU 0  0.000  0.000  0.000  0.000  0.000  0.000  0.000  0.000               5853553               3066664           0           0       0.000       0.000      85.400        7348718599    900      0     29          44    900
     GPU 0  0.000  0.000  0.000  0.000  0.000  0.000  0.000  0.000               1844942                163914           0           0       0.000       0.000      85.400        7348718599    900      0     29          44    900
     GPU 0  0.000  0.000  0.000  0.000  0.000  0.000  0.000  0.000               3197307                275428           0           0       0.000       0.000      85.400        7348718599    900      0     29          44    900
     GPU 0  0.000  0.000  0.000  0.000  0.000  0.000  0.000  0.000               4635769               1920532           0           0       0.000       0.000      85.400        7348727305    900      0     29          44    900
     GPU 0  0.000  0.000  0.000  0.000  0.000  0.000  0.000  0.000               4635769               1920532           0           0       0.000       0.000      85.400        7348727305    900      0     29          44    900
     GPU 0  0.000  0.000  0.000  0.000  0.000  0.000  0.000  0.000               4627239               2078371           0           0       0.000       0.000      85.400        7348727305    900      0     29          44    900
     GPU 0  0.000  0.000  0.000  0.000  0.000  0.000  0.000  0.000               6336176               3543150           0           0       0.000       0.000      85.400        7348727305    900      0     29          44    900
     GPU 0  0.000  0.000  0.000  0.000  0.000  0.000  0.000  0.000               8643049               5105910           0           0       0.000       0.000      85.400        7348735852    900      0     29          44    900
     GPU 0  0.000  0.000  0.000  0.000  0.000  0.000  0.000  0.000              11248620               7258816           0           0       0.000       0.000      85.400        7348735852    900      0     29          44    900
     GPU 0  0.000  0.000  0.000  0.000  0.000  0.000  0.000  0.000              10852562               6903754           0           0       0.000       0.000      85.400        7348735852    900      0     29          44    900
     GPU 0  0.000  0.000  0.000  0.000  0.000  0.000  0.000  0.000              10852562               6903754           0           0       0.000       0.000      85.400        7348735852    900      0     29          44    900

# Entity  GRACT  SMACT  SMOCC  TENSO  DRAMA  FP64A  FP32A  FP16A                 PCITX                 PCIRX       GPUTL       MCUTL       MUSAM       GUSAM       POWER             TOTEC  SACLK  PSTAT  TMPTR       MMTMP  SMCLK
      Id                                                                                                                                                               W                mJ                    C           C       
     GPU 0  0.000  0.000  0.000  0.000  0.000  0.000  0.000  0.000               6344675               4263810           0           0       0.000       0.000      85.400        7348735852    900      0     29          44    900
     GPU 0  0.000  0.000  0.000  0.000  0.000  0.000  0.000  0.000               4500880               3419520           0           0       0.000       0.000      85.400        7348735852    900      0     29          44    900
     GPU 0  0.000  0.000  0.000  0.000  0.000  0.000  0.000  0.000               1255847                     0           0           0       0.000       0.000      85.400        7348744532    900      0     29          44    900
     GPU 0  0.000  0.000  0.000  0.000  0.000  0.000  0.000  0.000               7710588               4591513           0           0       0.000       0.000      85.400        7348744532    900      0     29          44    900
     GPU 0  0.000  0.000  0.000  0.000  0.000  0.000  0.000  0.000               6862641               4979459           0           0       0.000       0.000      85.400        7348744532    900      0     29          44    900
     GPU 0  0.000  0.000  0.000  0.000  0.000  0.000  0.000  0.000               6862641               4979459           0           0       0.000       0.000      85.400        7348744532    900      0     29          44    900
     GPU 0  0.000  0.000  0.000  0.000  0.000  0.000  0.000  0.000               4331255               2098227           0           0       0.000       0.000      85.400        7348753155    900      0     29          44    900
     GPU 0  0.000  0.000  0.000  0.000  0.000  0.000  0.000  0.000               3062948                316506           0           0       0.000       0.000      85.400        7348753155    900      0     29          44    900
     GPU 0  0.000  0.000  0.000  0.000  0.000  0.000  0.000  0.000               4712410               1980647           0           0       0.000       0.000      85.400        7348753155    900      0     29          44    900
     GPU 0  0.000  0.000  0.000  0.000  0.000  0.000  0.000  0.000               7636656               3873896           0           0       0.000       0.000      85.400        7348753155    900      0     29          44    900
     GPU 0  0.000  0.000  0.000  0.000  0.000  0.000  0.000  0.000               8949608               4922771           0           0       0.000       0.000      85.400        7348753155    900      0     28          44    900
     GPU 0  0.000  0.000  0.000  0.000  0.000  0.000  0.000  0.000               8958814               6122842           0           0       0.000       0.000      85.400        7348753155    900      0     28          44    900
     GPU 0  0.000  0.000  0.000  0.000  0.000  0.000  0.000  0.000               8958814               6122842           0           0       0.000       0.000      85.400        7348761793    900      0     28          44    900
     GPU 0  0.000  0.000  0.000  0.000  0.000  0.000  0.000  0.000              10256240               5471880           0           0       0.000       0.000      85.400        7348761793    900      0     28          44    900

# Entity  GRACT  SMACT  SMOCC  TENSO  DRAMA  FP64A  FP32A  FP16A                 PCITX                 PCIRX       GPUTL       MCUTL       MUSAM       GUSAM       POWER             TOTEC  SACLK  PSTAT  TMPTR       MMTMP  SMCLK
      Id                                                                                                                                                               W                mJ                    C           C       
     GPU 0  0.000  0.000  0.000  0.000  0.000  0.000  0.000  0.000               8789973               5851301           0           0       0.000       0.000      85.400        7348761793    900      0     28          44    900
     GPU 0  0.000  0.000  0.000  0.000  0.000  0.000  0.000  0.000               8973756               6174338           0           0       0.000       0.000      85.400        7348761793    900      0     28          44    900
     GPU 0  0.000  0.000  0.000  0.000  0.000  0.000  0.000  0.000               8973756               6174338           0           0       0.000       0.000      85.400        7348770434    900      0     28          44    900
     GPU 0  0.000  0.000  0.000  0.000  0.000  0.000  0.000  0.000               4478860               3306322           0           0       0.000       0.000      85.400        7348770434    900      0     28          44    900
     GPU 0  0.000  0.000  0.000  0.000  0.000  0.000  0.000  0.000              10583289               6611167           0           0       0.000       0.000      85.400        7348770434    900      0     28          44    900
     GPU 0  0.000  0.000  0.000  0.000  0.000  0.000  0.000  0.000               3265159               1993089           0           0       0.000       0.000      85.400        7348770434    900      0     28          44    900
     GPU 0  0.000  0.000  0.000  0.000  0.000  0.000  0.000  0.000                922035                 83821           0           0       0.000       0.000      85.400        7348770434    900      0     28          44    900
     GPU 0  0.000  0.000  0.000  0.000  0.000  0.000  0.000  0.000               8699397               5586925           0           0       0.000       0.000      85.400        7348770434    900      0     28          44    900
     GPU 0  0.000  0.000  0.000  0.000  0.000  0.000  0.000  0.000               8188418               5526673           0           0       0.000       0.000      85.400        7348779087    900      0     28          44    900
     GPU 0  0.000  0.000  0.000  0.000  0.000  0.000  0.000  0.000               4592170               3553833           0           0       0.000       0.000      85.400        7348779087    900      0     28          44    900
     GPU 0  0.000  0.000  0.000  0.000  0.000  0.000  0.000  0.000               4592170               3553833           0           0       0.000       0.000      85.400        7348779087    900      0     28          44    900
     GPU 0  0.000  0.000  0.000  0.000  0.000  0.000  0.000  0.000               1004825                 83735           0           0       0.000       0.000      85.400        7348779087    900      0     28          44    900
     GPU 0  0.000  0.000  0.000  0.000  0.000  0.000  0.000  0.000               2649471               1238428           0           0       0.000       0.000      85.400        7348787735    900      0     28          44    900
     GPU 0  0.000  0.000  0.000  0.000  0.000  0.000  0.000  0.000               5142297               2223739           0           0       0.000       0.000      85.400        7348787735    900      0     28          44    900

# Entity  GRACT  SMACT  SMOCC  TENSO  DRAMA  FP64A  FP32A  FP16A                 PCITX                 PCIRX       GPUTL       MCUTL       MUSAM       GUSAM       POWER             TOTEC  SACLK  PSTAT  TMPTR       MMTMP  SMCLK
      Id                                                                                                                                                               W                mJ                    C           C       
     GPU 0  0.000  0.000  0.000  0.000  0.000  0.000  0.000  0.000               6255443               3479780           0           0       0.000       0.000      85.400        7348787735    900      0     28          44    900
     GPU 0  0.000  0.000  0.000  0.000  0.000  0.000  0.000  0.000               6255443               3479780           0           0       0.000       0.000      85.400        7348787735    900      0     28          44    900
     GPU 0  0.000  0.000  0.000  0.000  0.000  0.000  0.000  0.000               8775302               5601183           0           0       0.000       0.000      85.400        7348787735    900      0     28          44    900
     GPU 0  0.000  0.000  0.000  0.000  0.000  0.000  0.000  0.000               5201924               2983326           0           0       0.000       0.000      84.867        7348787735    900      0     28          44    900
     GPU 0  0.000  0.000  0.000  0.000  0.000  0.000  0.000  0.000               5201924               2983326           0           0       0.000       0.000      84.867        7348796479    900      0     28          44    900
     GPU 0  0.000  0.000  0.000  0.000  0.000  0.000  0.000  0.000               9959380               6538850           0           0       0.000       0.000      84.867        7348796479    900      0     28          44    900
     GPU 0  0.000  0.000  0.000  0.000  0.000  0.000  0.000  0.000               4690877               3028128           0           0       0.000       0.000      84.867        7348796479    900      0     28          44    900
     GPU 0  0.000  0.000  0.000  0.000  0.000  0.000  0.000  0.000               5170919               1756338           0           0       0.000       0.000      84.867        7348796479    900      0     28          44    900
     GPU 0  0.000  0.000  0.000  0.000  0.000  0.000  0.000  0.000               4622459               2247557           0           0       0.000       0.000      84.867        7348804942    900      0     28          44    900
     GPU 0  0.000  0.000  0.000  0.000  0.000  0.000  0.000  0.000               4622459               2247557           0           0       0.000       0.000      84.867        7348804942    900      0     28          44    900
     GPU 0  0.000  0.000  0.000  0.000  0.000  0.000  0.000  0.000               8648783               4601989           0           0       0.000       0.000      84.867        7348804942    900      0     28          44    900
     GPU 0  0.000  0.000  0.000  0.000  0.000  0.000  0.000  0.000               4713871               3066065           0           0       0.000       0.000      84.867        7348804942    900      0     28          44    240
     GPU 0  0.000  0.000  0.000  0.000  0.000  0.000  0.000  0.000               3564792               3021876           0           0       0.000       0.000      84.867        7348804942    900      0     28          44    240
