# Entity  GRACT  SMACT  SMOCC  TENSO  DRAMA  FP64A  FP32A  FP16A                 PCITX                 PCIRX       GPUTL       MCUTL       MUSAM       GUSAM       POWER             TOTEC  SACLK  PSTAT  TMPTR       MMTMP  SMCLK
      Id                                                                                                                                                               W                mJ                    C           C       
     GPU 0  0.000  0.000  0.000  0.000  0.000  0.000  0.000  0.000             120218579                     0           0           0       0.000       0.000      77.020         305604220   1395      0     27          44    210
     GPU 0  0.000  0.000  0.000  0.000  0.000  0.000  0.000  0.000               8285650               4599082           0           0       0.000       0.000      77.020         305604220   1395      0     27          44    210
     GPU 0  0.000  0.000  0.000  0.000  0.000  0.000  0.000  0.000               9672413               6616061           0           0       0.000       0.000      77.020         305604220   1395      0     27          44    210
     GPU 0  0.000  0.000  0.000  0.000  0.000  0.000  0.000  0.000               9672413               6616061           0           0       0.000       0.000      78.632         305612102   1395      0     27          44    210
     GPU 0  0.000  0.000  0.000  0.000  0.000  0.000  0.000  0.000               5569788               3233606           0           0       0.000       0.000      78.632         305612102   1395      0     27          44    210
     GPU 0  0.000  0.000  0.000  0.000  0.000  0.000  0.000  0.000               8066630               5596434           0           0       0.000       0.000      78.632         305612102   1395      0     27          44    210
     GPU 0  0.000  0.000  0.000  0.000  0.000  0.000  0.000  0.000               8066630               5596434           0           0       0.000       0.000      78.632         305612102   1395      0     27          44    210
     GPU 0  0.000  0.000  0.000  0.000  0.000  0.000  0.000  0.000               4398369               3446071           0           0       0.000       0.000      78.632         305612102   1395      0     27          44    210
     GPU 0  0.000  0.000  0.000  0.000  0.000  0.000  0.000  0.000               3253983                274655           0           0       0.000       0.000      78.632         305620084   1395      0     27          44    210
     GPU 0  0.000  0.000  0.000  0.000  0.000  0.000  0.000  0.000               5301036               3165896           0           0       0.000       0.000      78.632         305620084   1395      0     27          44    210
     GPU 0  0.000  0.000  0.000  0.000  0.000  0.000  0.000  0.000               6790644               3238450           0           0       0.000       0.000      78.632         305620084   1395      0     27          44    210
     GPU 0  0.000  0.000  0.000  0.000  0.000  0.000  0.000  0.000               6790644               3238450           0           0       0.000       0.000      78.632         305620084   1395      0     27          44    210
     GPU 0  0.000  0.000  0.000  0.000  0.000  0.000  0.000  0.000               8066949               4838158           0           0       0.000       0.000      78.632         305620084   1395      0     27          44    210
     GPU 0  0.000  0.000  0.000  0.000  0.000  0.000  0.000  0.000               6658498               4475959           0           0       0.000       0.000      78.632         305628008   1395      0     27          44    210
     GPU 0  0.000  0.000  0.000  0.000  0.000  0.000  0.000  0.000              11217995               6594591           0           0       0.000       0.000      78.632         305628008   1395      0     27          44    210

# Entity  GRACT  SMACT  SMOCC  TENSO  DRAMA  FP64A  FP32A  FP16A                 PCITX                 PCIRX       GPUTL       MCUTL       MUSAM       GUSAM       POWER             TOTEC  SACLK  PSTAT  TMPTR       MMTMP  SMCLK
      Id                                                                                                                                                               W                mJ                    C           C       
     GPU 0  0.000  0.000  0.000  0.000  0.000  0.000  0.000  0.000              11217995               6594591           0           0       0.000       0.000      78.632         305628008   1395      0     27          44    210
     GPU 0  0.000  0.000  0.000  0.000  0.000  0.000  0.000  0.000               7834693               4780584           0           0       0.000       0.000      78.632         305628008   1395      0     27          44    210
     GPU 0  0.000  0.000  0.000  0.000  0.000  0.000  0.000  0.000               8300740               5770414           0           0       0.000       0.000      78.632         305628008   1395      0     27          44    210
     GPU 0  0.000  0.000  0.000  0.000  0.000  0.000  0.000  0.000               8761523               5868677           0           0       0.000       0.000      78.632         305628008   1395      0     27          44    210
     GPU 0  0.000  0.000  0.000  0.000  0.000  0.000  0.000  0.000              10783129               6614109           0           0       0.000       0.000      78.632         305635981   1395      0     27          44    210
     GPU 0  0.000  0.000  0.000  0.000  0.000  0.000  0.000  0.000               8717784               6002348           0           0       0.000       0.000      78.632         305635981   1395      0     27          44    210
     GPU 0  0.000  0.000  0.000  0.000  0.000  0.000  0.000  0.000               6121245               4151139           0           0       0.000       0.000      78.632         305635981   1395      0     27          44    210
     GPU 0  0.000  0.000  0.000  0.000  0.000  0.000  0.000  0.000               6121245               4151139           0           0       0.000       0.000      78.632         305635981   1395      0     27          44    210
     GPU 0  0.000  0.000  0.000  0.000  0.000  0.000  0.000  0.000               7531834               5768246           0           0       0.000       0.000      78.632         305643874   1395      0     27          44    210
     GPU 0  0.000  0.000  0.000  0.000  0.000  0.000  0.000  0.000               6858518               6164960           0           0       0.000       0.000      78.632         305643874   1395      0     27          44    210
     GPU 0  0.000  0.000  0.000  0.000  0.000  0.000  0.000  0.000               6858518               6164960           0           0       0.000       0.000      78.632         305643874   1395      0     27          44    210
     GPU 0  0.000  0.000  0.000  0.000  0.000  0.000  0.000  0.000              10853805               8948175           0           0       0.000       0.000      78.632         305643874   1395      0     27          44    210
     GPU 0  0.000  0.000  0.000  0.000  0.000  0.000  0.000  0.000               6083650               5093288           0           0       0.000       0.000      78.632         305643874   1395      0     27          44    210
     GPU 0  0.000  0.000  0.000  0.000  0.000  0.000  0.000  0.000               9072134              22222569           0           0       0.000       0.000      78.923         305643874   1395      0     27          44    210

# Entity  GRACT  SMACT  SMOCC  TENSO  DRAMA  FP64A  FP32A  FP16A                 PCITX                 PCIRX       GPUTL       MCUTL       MUSAM       GUSAM       POWER             TOTEC  SACLK  PSTAT  TMPTR       MMTMP  SMCLK
      Id                                                                                                                                                               W                mJ                    C           C       
     GPU 0  0.000  0.000  0.000  0.000  0.000  0.000  0.000  0.000               3343887              13208355           0           0       0.000       0.000      78.923         305651902   1395      0     27          44    210
     GPU 0  0.000  0.000  0.000  0.000  0.000  0.000  0.000  0.000               1827489               2575098           0           0       0.000       0.000      78.923         305651902   1395      0     27          44    210
     GPU 0  0.000  0.000  0.000  0.000  0.000  0.000  0.000  0.000               1827489               2575098           0           0       0.000       0.000      78.923         305651902   1395      0     27          44    210
     GPU 0  0.000  0.000  0.000  0.000  0.000  0.000  0.000  0.000               6785156               4486958           0           0       0.000       0.000      78.923         305651902   1395      0     27          44    210
     GPU 0  0.000  0.000  0.000  0.000  0.000  0.000  0.000  0.000               1042920                641797           0           0       0.000       0.000      78.923         305659884   1395      0     27          44    210
     GPU 0  0.000  0.000  0.000  0.000  0.000  0.000  0.000  0.000               1042920                641797           0           0       0.000       0.000      78.923         305659884   1395      0     27          44    210
     GPU 0  0.000  0.000  0.000  0.000  0.000  0.000  0.000  0.000               1664101               2912177           0           0       0.000       0.000      78.923         305659884   1395      0     27          44    210
     GPU 0  0.000  0.000  0.000  0.000  0.000  0.000  0.000  0.000               7375063               5028452           0           0       0.000       0.000      78.923         305659884   1395      0     27          44    210
     GPU 0  0.000  0.000  0.000  0.000  0.000  0.000  0.000  0.000               1394414                738219           0           0       0.000       0.000      78.923         305659884   1395      0     27          44    210
     GPU 0  0.000  0.000  0.000  0.000  0.000  0.000  0.000  0.000               1771461               2576671           0           0       0.000       0.000      78.923         305667822   1395      0     27          44    210
     GPU 0  0.000  0.000  0.000  0.000  0.000  0.000  0.000  0.000               1771461               2576671           0           0       0.000       0.000      78.923         305667822   1395      0     27          44    210
     GPU 0  0.000  0.000  0.000  0.000  0.000  0.000  0.000  0.000               1771461               2576671           0           0       0.000       0.000      78.923         305667822   1395      0     27          44    210
     GPU 0  0.000  0.000  0.000  0.000  0.000  0.000  0.000  0.000               8246740               4936004           0           0       0.000       0.000      78.923         305667822   1395      0     27          44    210
     GPU 0  0.000  0.000  0.000  0.000  0.000  0.000  0.000  0.000               1965292               5103892           0           0       0.000       0.000      78.923         305667822   1395      0     27          44    210

# Entity  GRACT  SMACT  SMOCC  TENSO  DRAMA  FP64A  FP32A  FP16A                 PCITX                 PCIRX       GPUTL       MCUTL       MUSAM       GUSAM       POWER             TOTEC  SACLK  PSTAT  TMPTR       MMTMP  SMCLK
      Id                                                                                                                                                               W                mJ                    C           C       
     GPU 0  0.000  0.000  0.000  0.000  0.000  0.000  0.000  0.000               7412190             322467735           0           0       0.000       0.000      78.923         305675773   1395      0     27          44    210
     GPU 0  0.000  0.000  0.000  0.000  0.000  0.000  0.000  0.000               5651366              16954098           0           0       0.000       0.000      78.923         305675773   1395      0     27          44    210
     GPU 0  0.000  0.000  0.000  0.000  0.000  0.000  0.000  0.000               5651366              16954098           0           0       0.000       0.000      78.923         305675773   1395      0     27          44    210
     GPU 0  0.000  0.000  0.000  0.000  0.000  0.000  0.000  0.000               5917498              20419538           0           0       0.000       0.000      78.923         305675773   1395      0     27          44   1395
     GPU 0  0.046  0.000  0.000  0.000  0.000  0.000  0.000  0.000              33517264             209178049           0           0       0.000       0.000      78.923         305675773   1395      0     27          44   1395
     GPU 0  0.013  0.000  0.000  0.000  0.002  0.000  0.000  0.000             459375458            4092304133           0           0       0.000       0.000     105.765         305675773   1395      0     27          44   1395
     GPU 0  0.500  0.000  0.000  0.000  0.002  0.000  0.000  0.000             310327516            2722658722           0           0       0.000       0.000     105.765         305684815   1395      0     27          44   1395
     GPU 0  1.000  0.945  0.759  0.000  0.002  0.000  0.625  0.000              11413562               8266389           0           0       0.000       0.000     105.765         305684815   1395      0     29          44   1395
     GPU 0  1.000  0.000  0.000  0.000  0.002  0.000  0.000  0.000              11474320               8265399           0           0       0.000       0.000     105.765         305684815   1395      0     32          44   1395
     GPU 0  1.000  0.000  0.000  0.000  0.002  0.000  0.000  0.000              11474320               8265399           0           0       0.000       0.000     105.765         305684815   1395      0     32          44   1395
     GPU 0  1.000  0.941  0.743  0.000  0.002  0.000  0.606  0.000               5102856               3876093           0           0       0.000       0.000     279.198         305707922   1395      0     33          44   1395
     GPU 0  1.000  0.943  0.759  0.000  0.002  0.000  0.623  0.000               5770662               4751194           0           0       0.000       0.000     279.198         305707922   1395      0     35          44   1395
     GPU 0  1.000  0.000  0.000  0.000  0.002  0.000  0.000  0.000               8640475               6493060          68           0       0.000      68.000     279.198         305707922   1395      0     35          44   1395
     GPU 0  1.000  0.952  0.770  0.000  0.002  0.000  0.631  0.000              11534946               8597294          68           0       0.000      68.000     279.198         305707922   1395      0     35          44   1395

# Entity  GRACT  SMACT  SMOCC  TENSO  DRAMA  FP64A  FP32A  FP16A                 PCITX                 PCIRX       GPUTL       MCUTL       MUSAM       GUSAM       POWER             TOTEC  SACLK  PSTAT  TMPTR       MMTMP  SMCLK
      Id                                                                                                                                                               W                mJ                    C           C       
     GPU 0  1.000  0.950  0.746  0.000  0.002  0.000  0.626  0.000              10462644               7778831          68           0       0.000      68.000     279.198         305707922   1395      0     36          44   1395
     GPU 0  1.000  0.000  0.000  0.000  0.002  0.000  0.000  0.000              10821324               8322209          68           0       0.000      68.000     282.453         305736476   1395      0     36          44   1395
     GPU 0  1.000  0.000  0.000  0.000  0.002  0.000  0.000  0.000              10821324               8322209          68           0       0.000      68.000     282.453         305736476   1395      0     37          44   1395
     GPU 0  1.000  0.944  0.757  0.000  0.002  0.000  0.624  0.000              13662785               7544815          68           0       0.000      68.000     282.453         305736476   1395      0     37          44   1395
     GPU 0  1.000  0.939  0.736  0.000  0.002  0.000  0.618  0.000               6786577               5847788          68           0       0.000      68.000     282.453         305736476   1395      0     37          44   1395
     GPU 0  1.000  0.000  0.000  0.000  0.002  0.000  0.000  0.000               4197004               4413088          68           0       0.000      68.000     282.453         305736476   1395      0     37          44   1395
     GPU 0  1.000  0.946  0.756  0.000  0.002  0.000  0.625  0.000               2331263               1727395          68           0       0.000      68.000     280.026         305765028   1395      0     38          44   1395
     GPU 0  1.000  0.946  0.756  0.000  0.002  0.000  0.625  0.000               2331263               1727395          68           0       0.000      68.000     280.026         305765028   1395      0     38          44   1395
     GPU 0  1.000  0.946  0.737  0.000  0.002  0.000  0.619  0.000               2710825               1893424          68           0       0.000      68.000     280.026         305765028   1395      0     38          44   1395
     GPU 0  1.000  0.946  0.737  0.000  0.002  0.000  0.619  0.000               2710825               1893424          68           0       0.000      68.000     280.026         305765028   1395      0     38          44   1395
     GPU 0  1.000  0.946  0.737  0.000  0.002  0.000  0.619  0.000               2710825               1893424          68           0       0.000      68.000     280.026         305765028   1395      0     38          44   1395
     GPU 0  1.000  0.000  0.000  0.000  0.002  0.000  0.000  0.000              13855795               8511417         100           0       0.000      99.000     284.350         305794649   1395      0     39          44   1395
     GPU 0  1.000  0.000  0.000  0.000  0.002  0.000  0.000  0.000              13855795               8511417         100           0       0.000      99.000     284.350         305794649   1395      0     39          44   1395
     GPU 0  1.000  0.939  0.757  0.000  0.002  0.000  0.618  0.000               7073051               5266134         100           0       0.000      99.000     284.350         305794649   1395      0     39          44   1395

# Entity  GRACT  SMACT  SMOCC  TENSO  DRAMA  FP64A  FP32A  FP16A                 PCITX                 PCIRX       GPUTL       MCUTL       MUSAM       GUSAM       POWER             TOTEC  SACLK  PSTAT  TMPTR       MMTMP  SMCLK
      Id                                                                                                                                                               W                mJ                    C           C       
     GPU 0  1.000  0.000  0.000  0.000  0.002  0.000  0.000  0.000               7408530               5810559         100           0       0.000      99.000     284.350         305794649   1395      0     39          44   1395
     GPU 0  1.000  0.944  0.750  0.000  0.002  0.000  0.624  0.000               6586636               5621311         100           0       0.000      99.000     284.350         305794649   1395      0     39          44   1395
     GPU 0  1.000  0.950  0.754  0.000  0.002  0.000  0.611  0.000              10612519               7843834         100           0       0.000      99.000     269.778         305794649   1395      0     39          44   1395
     GPU 0  1.000  0.000  0.000  0.000  0.002  0.000  0.000  0.000               1256787               1508145         100           0       0.000      99.000     269.778         305821736   1395      0     39          44   1395
     GPU 0  1.000  0.949  0.768  0.000  0.002  0.000  0.628  0.000               6822678               5692753         100           0       0.000      99.000     269.778         305821736   1395      0     39          44   1395
     GPU 0  1.000  0.949  0.768  0.000  0.002  0.000  0.628  0.000               6822678               5692753         100           0       0.000      99.000     269.778         305821736   1395      0     39          44   1395
     GPU 0  1.000  0.000  0.000  0.000  0.002  0.000  0.000  0.000               9329029               7127831         100           0       0.000      99.000     269.778         305821736   1395      0     39          45   1395
     GPU 0  1.000  0.951  0.762  0.000  0.002  0.000  0.626  0.000               8760168               6684557         100           0       0.000      99.000     276.771         305849551   1395      0     40          45   1395
     GPU 0  1.000  0.948  0.752  0.000  0.002  0.000  0.628  0.000              10010353               7650583         100           0       0.000      99.000     276.771         305849551   1395      0     40          45   1395
     GPU 0  1.000  0.000  0.000  0.000  0.002  0.000  0.000  0.000               9466908               7191578         100           0       0.000      99.000     276.771         305849551   1395      0     40          45   1395
     GPU 0  1.000  0.947  0.753  0.000  0.002  0.000  0.610  0.000               9094986               7186638         100           0       0.000      99.000     276.771         305849551   1395      0     40          45   1395
     GPU 0  1.000  0.942  0.746  0.000  0.002  0.000  0.622  0.000               9967936               7479307         100           0       0.000      99.000     276.771         305849551   1395      0     40          45   1395
     GPU 0  1.000  0.000  0.000  0.000  0.002  0.000  0.000  0.000               8814671               7570301         100           0       0.000      99.000     276.771         305849551   1395      0     40          45   1395
     GPU 0  1.000  0.948  0.756  0.000  0.002  0.000  0.627  0.000               1340019               1507521         100           0       0.000      99.000     277.598         305877914   1395      0     40          45   1395

# Entity  GRACT  SMACT  SMOCC  TENSO  DRAMA  FP64A  FP32A  FP16A                 PCITX                 PCIRX       GPUTL       MCUTL       MUSAM       GUSAM       POWER             TOTEC  SACLK  PSTAT  TMPTR       MMTMP  SMCLK
      Id                                                                                                                                                               W                mJ                    C           C       
     GPU 0  1.000  0.000  0.000  0.000  0.002  0.000  0.000  0.000               8166071               5907427         100           0       0.000      99.000     277.598         305877914   1395      0     40          45   1395
     GPU 0  1.000  0.000  0.000  0.000  0.002  0.000  0.000  0.000               8166071               5907427         100           0       0.000      99.000     277.598         305877914   1395      0     40          45   1395
     GPU 0  1.000  0.947  0.754  0.000  0.002  0.000  0.626  0.000              11188746               8590084         100           0       0.000      99.000     277.598         305877914   1395      0     40          45   1395
     GPU 0  1.000  0.949  0.764  0.000  0.002  0.000  0.614  0.000              10069994               7699056         100           0       0.000      99.000     280.026         305905585   1395      0     40          45   1395
     GPU 0  1.000  0.000  0.000  0.000  0.002  0.000  0.000  0.000              11213666               8691663         100           0       0.000      99.000     280.026         305905585   1395      0     41          45   1395
     GPU 0  1.000  0.950  0.757  0.000  0.002  0.000  0.628  0.000              11286548               8640651         100           0       0.000      99.000     280.026         305905585   1395      0     41          45   1395
     GPU 0  1.000  0.953  0.755  0.000  0.002  0.000  0.616  0.000              10849744               8321413         100           0       0.000      99.000     280.026         305905585   1395      0     41          45   1395
     GPU 0  1.000  0.000  0.000  0.000  0.002  0.000  0.000  0.000              11361558               8425699         100           0       0.000      99.000     280.026         305905585   1395      0     41          45   1395
     GPU 0  1.000  0.952  0.757  0.000  0.002  0.000  0.629  0.000              13528879               9117862         100           0       0.000      99.000     280.026         305905585   1395      0     41          45   1395
     GPU 0  1.000  0.000  0.000  0.000  0.002  0.000  0.000  0.000               1342063               1677579         100           0       0.000      99.000     276.240         305934128   1395      0     41          45   1395
     GPU 0  1.000  0.940  0.741  0.000  0.002  0.000  0.613  0.000               8558938               6192627         100           0       0.000      99.000     276.240         305934128   1395      0     41          45   1395
     GPU 0  1.000  0.940  0.741  0.000  0.002  0.000  0.613  0.000               8558938               6192627         100           0       0.000      99.000     276.240         305934128   1395      0     41          45   1395
     GPU 0  1.000  0.952  0.761  0.000  0.002  0.000  0.630  0.000              11015658               8179153         100           0       0.000      99.000     276.240         305934128   1395      0     41          45   1395
     GPU 0  1.000  0.000  0.000  0.000  0.002  0.000  0.000  0.000               9862680               7541460         100           0       0.000      99.000     277.357         305961698   1395      0     41          45   1395

# Entity  GRACT  SMACT  SMOCC  TENSO  DRAMA  FP64A  FP32A  FP16A                 PCITX                 PCIRX       GPUTL       MCUTL       MUSAM       GUSAM       POWER             TOTEC  SACLK  PSTAT  TMPTR       MMTMP  SMCLK
      Id                                                                                                                                                               W                mJ                    C           C       
     GPU 0  1.000  0.955  0.760  0.000  0.002  0.000  0.616  0.000              11299930               8612272         100           0       0.000      99.000     277.357         305961698   1395      0     41          45   1395
     GPU 0  1.000  0.951  0.756  0.000  0.002  0.000  0.628  0.000              10960537               8115927         100           0       0.000      99.000     277.357         305961698   1395      0     41          45   1395
     GPU 0  1.000  0.000  0.000  0.000  0.002  0.000  0.000  0.000              10714457               8322915         100           0       0.000      99.000     277.357         305961698   1395      0     41          45   1395
     GPU 0  1.000  0.950  0.760  0.000  0.002  0.000  0.628  0.000              11276229               8161878         100           0       0.000      99.000     277.357         305961698   1395      0     41          45   1395
     GPU 0  1.000  0.949  0.758  0.000  0.002  0.000  0.611  0.000              11505180               8236872         100           0       0.000      99.000     277.357         305961698   1395      0     41          45   1395
     GPU 0  1.000  0.000  0.000  0.000  0.002  0.000  0.000  0.000               1339872               1591098         100           0       0.000      99.000     280.557         305990516   1395      0     41          45   1395
     GPU 0  1.000  0.000  0.000  0.000  0.002  0.000  0.000  0.000               1339872               1591098         100           0       0.000      99.000     280.557         305990516   1395      0     41          45   1395
     GPU 0  1.000  0.943  0.742  0.000  0.002  0.000  0.605  0.000               9685910               7596373         100           0       0.000      99.000     280.557         305990516   1395      0     42          45   1395
     GPU 0  1.000  0.000  0.000  0.000  0.002  0.000  0.000  0.000              10779678               8413609         100           0       0.000      99.000     280.557         305990516   1395      0     42          45   1395
     GPU 0  1.000  0.944  0.750  0.000  0.002  0.000  0.623  0.000              10070948               7942181         100           0       0.000      99.000     279.198         306017972   1395      0     42          45   1395
     GPU 0  1.000  0.948  0.755  0.000  0.002  0.000  0.626  0.000               8035599               6821892         100           0       0.000      99.000     279.198         306017972   1395      0     42          45   1395
     GPU 0  1.000  0.000  0.000  0.000  0.002  0.000  0.000  0.000               4126213               1494541         100           0       0.000      99.000     279.198         306017972   1395      0     42          45   1395
     GPU 0  1.000  0.943  0.749  0.000  0.002  0.000  0.606  0.000               3702403               1663100         100           0       0.000      99.000     279.198         306017972   1395      0     42          45   1395
     GPU 0  1.000  0.928  0.668  0.000  0.002  0.000  0.594  0.000               6023368               3827907         100           0       0.000      99.000     279.198         306017972   1395      0     42          45   1395

# Entity  GRACT  SMACT  SMOCC  TENSO  DRAMA  FP64A  FP32A  FP16A                 PCITX                 PCIRX       GPUTL       MCUTL       MUSAM       GUSAM       POWER             TOTEC  SACLK  PSTAT  TMPTR       MMTMP  SMCLK
      Id                                                                                                                                                               W                mJ                    C           C       
     GPU 0  1.000  0.928  0.668  0.000  0.002  0.000  0.594  0.000               6023368               3827907         100           0       0.000      99.000     279.198         306017972   1395      0     42          45   1395
     GPU 0  1.000  0.000  0.000  0.000  0.002  0.000  0.000  0.000               9733672               5827673         100           0       0.000      99.000     276.771         306046709   1395      0     42          45   1395
     GPU 0  1.000  0.949  0.756  0.000  0.002  0.000  0.629  0.000              10159330               6291802         100           0       0.000      99.000     276.771         306046709   1395      0     42          45   1395
     GPU 0  1.000  0.953  0.768  0.000  0.002  0.000  0.628  0.000               7447330               5434812         100           0       0.000      99.000     276.771         306046709   1395      0     42          45   1395
     GPU 0  1.000  0.000  0.000  0.000  0.002  0.000  0.000  0.000              10186735               7572736         100           0       0.000      99.000     276.771         306046709   1395      0     42          45   1395
     GPU 0  1.000  0.950  0.753  0.000  0.002  0.000  0.630  0.000               9832631               7696382         100           0       0.000      99.000     280.316         306074172   1395      0     42          45   1395
     GPU 0  1.000  0.946  0.755  0.000  0.002  0.000  0.626  0.000              11186565               8515506         100           0       0.000      99.000     280.316         306074172   1395      0     42          45   1395
     GPU 0  1.000  0.000  0.000  0.000  0.002  0.000  0.000  0.000              10350654               8177117         100           0       0.000      99.000     280.316         306074172   1395      0     42          45   1395
     GPU 0  1.000  0.000  0.000  0.000  0.002  0.000  0.000  0.000              10350654               8177117         100           0       0.000      99.000     280.316         306074172   1395      0     42          45   1395
     GPU 0  1.000  0.941  0.739  0.000  0.002  0.000  0.608  0.000              10371089               8261459         100           0       0.000      99.000     280.316         306074172   1395      0     42          45   1395
     GPU 0  1.000  0.947  0.759  0.000  0.002  0.000  0.626  0.000              11342600               8568586         100           0       0.000      99.000     280.316         306074172   1395      0     42          46   1395
     GPU 0  1.000  0.000  0.000  0.000  0.002  0.000  0.000  0.000              11944179               7459118         100           0       0.000      99.000     279.785         306102785   1395      0     42          46   1395
     GPU 0  1.000  0.000  0.000  0.000  0.002  0.000  0.000  0.000              11944179               7459118         100           0       0.000      99.000     279.785         306102785   1395      0     42          45   1395
     GPU 0  1.000  0.950  0.756  0.000  0.002  0.000  0.627  0.000              11019634               8464382         100           0       0.000      99.000     279.785         306102785   1395      0     42          45   1395

# Entity  GRACT  SMACT  SMOCC  TENSO  DRAMA  FP64A  FP32A  FP16A                 PCITX                 PCIRX       GPUTL       MCUTL       MUSAM       GUSAM       POWER             TOTEC  SACLK  PSTAT  TMPTR       MMTMP  SMCLK
      Id                                                                                                                                                               W                mJ                    C           C       
     GPU 0  1.000  0.951  0.754  0.000  0.002  0.000  0.629  0.000              10673510               8244176         100           0       0.000      99.000     279.785         306102785   1395      0     42          45   1395
     GPU 0  1.000  0.000  0.000  0.000  0.002  0.000  0.000  0.000              10112716               8001951         100           0       0.000      99.000     278.426         306130572   1395      0     42          45   1395
     GPU 0  1.000  0.948  0.752  0.000  0.002  0.000  0.612  0.000              10790338               8613210         100           0       0.000      99.000     278.426         306130572   1395      0     43          46   1395
     GPU 0  1.000  0.952  0.768  0.000  0.002  0.000  0.632  0.000              10399479               8075318         100           0       0.000      99.000     278.426         306130572   1395      0     43          46   1395
     GPU 0  1.000  0.000  0.000  0.000  0.002  0.000  0.000  0.000               9697176               7784643         100           0       0.000      99.000     278.426         306130572   1395      0     43          46   1395
     GPU 0  1.000  0.952  0.759  0.000  0.002  0.000  0.613  0.000               9572234               6870386         100           0       0.000      99.000     278.426         306130572   1395      0     43          46   1395
     GPU 0  1.000  0.949  0.750  0.000  0.002  0.000  0.626  0.000               9987022               7255960         100           0       0.000      99.000     278.426         306158800   1395      0     43          46   1395
     GPU 0  1.000  0.949  0.750  0.000  0.002  0.000  0.626  0.000               9987022               7255960         100           0       0.000      99.000     278.426         306158800   1395      0     43          46   1395
     GPU 0  1.000  0.000  0.000  0.000  0.002  0.000  0.000  0.000              11748450               9130419         100           0       0.000      99.000     278.426         306158800   1395      0     43          46   1395
     GPU 0  1.000  0.949  0.758  0.000  0.002  0.000  0.627  0.000               6745237               5619886         100           0       0.000      99.000     278.426         306158800   1395      0     43          46   1395
     GPU 0  1.000  0.962  0.792  0.000  0.002  0.000  0.642  0.000               2494539               1441873         100           0       0.000      99.000     278.426         306158800   1395      0     43          46   1395
     GPU 0  1.000  0.000  0.000  0.000  0.002  0.000  0.000  0.000               4849215               3678111         100           0       0.000      99.000     278.426         306187026   1395      0     43          46   1395
     GPU 0  1.000  0.945  0.751  0.000  0.002  0.000  0.609  0.000               7058131               5305678         100           0       0.000      99.000     279.495         306187026   1395      0     43          46   1395
     GPU 0  1.000  0.945  0.751  0.000  0.002  0.000  0.609  0.000               7058131               5305678         100           0       0.000      99.000     279.495         306187026   1395      0     43          46   1395

# Entity  GRACT  SMACT  SMOCC  TENSO  DRAMA  FP64A  FP32A  FP16A                 PCITX                 PCIRX       GPUTL       MCUTL       MUSAM       GUSAM       POWER             TOTEC  SACLK  PSTAT  TMPTR       MMTMP  SMCLK
      Id                                                                                                                                                               W                mJ                    C           C       
     GPU 0  1.000  0.945  0.755  0.000  0.002  0.000  0.624  0.000               9961166               7597889         100           0       0.000      99.000     279.495         306187026   1395      0     43          46   1395
     GPU 0  1.000  0.000  0.000  0.000  0.002  0.000  0.000  0.000              11494333               8443885         100           0       0.000      99.000     279.495         306187026   1395      0     43          46   1395
     GPU 0  1.000  0.951  0.760  0.000  0.002  0.000  0.630  0.000               7022954               5036029         100           0       0.000      99.000     277.598         306187026   1395      0     43          46   1395
     GPU 0  1.000  0.951  0.760  0.000  0.002  0.000  0.630  0.000               7022954               5036029         100           0       0.000      99.000     277.598         306215509   1395      0     43          46   1395
     GPU 0  1.000  0.947  0.783  0.000  0.002  0.000  0.629  0.000               2879663               2967311         100           0       0.000      99.000     277.598         306215509   1395      0     43          46   1395
     GPU 0  1.000  0.000  0.000  0.000  0.002  0.000  0.000  0.000               2418775               1852324         100           0       0.000      99.000     277.598         306215509   1395      0     43          46   1395
     GPU 0  1.000  0.950  0.761  0.000  0.002  0.000  0.628  0.000               2497331               2052783         100           0       0.000      99.000     277.598         306215509   1395      0     43          46   1395
     GPU 0  1.000  0.949  0.768  0.000  0.002  0.000  0.605  0.000               4861896               3686406         100           0       0.000      99.000     277.598         306243443   1395      0     43          46   1395
     GPU 0  1.000  0.000  0.000  0.000  0.002  0.000  0.000  0.000               9212024               6170556         100           0       0.000      99.000     276.530         306243443   1395      0     43          46   1395
     GPU 0  1.000  0.000  0.000  0.000  0.002  0.000  0.000  0.000               9212024               6170556         100           0       0.000      99.000     276.530         306243443   1395      0     43          46   1395
     GPU 0  1.000  0.952  0.761  0.000  0.002  0.000  0.630  0.000              10447082               8015511         100           0       0.000      99.000     276.530         306243443   1395      0     43          46   1395
     GPU 0  1.000  0.952  0.763  0.000  0.002  0.000  0.630  0.000              10809435               8102569         100           0       0.000      99.000     276.530         306243443   1395      0     43          46   1395
     GPU 0  1.000  0.000  0.000  0.000  0.002  0.000  0.000  0.000               5530988               4759136         100           0       0.000      99.000     276.530         306271653   1395      0     43          46   1395
     GPU 0  1.000  0.000  0.000  0.000  0.002  0.000  0.000  0.000               5530988               4759136         100           0       0.000      99.000     280.853         306271653   1395      0     43          46   1395

# Entity  GRACT  SMACT  SMOCC  TENSO  DRAMA  FP64A  FP32A  FP16A                 PCITX                 PCIRX       GPUTL       MCUTL       MUSAM       GUSAM       POWER             TOTEC  SACLK  PSTAT  TMPTR       MMTMP  SMCLK
      Id                                                                                                                                                               W                mJ                    C           C       
     GPU 0  1.000  0.948  0.755  0.000  0.002  0.000  0.627  0.000              11787419               8962173         100           0       0.000      99.000     280.853         306271653   1395      0     43          46   1395
     GPU 0  1.000  0.948  0.755  0.000  0.002  0.000  0.627  0.000              11787419               8962173         100           0       0.000      99.000     280.853         306271653   1395      0     43          46   1395
     GPU 0  1.000  0.948  0.755  0.000  0.002  0.000  0.627  0.000              11787419               8962173         100           0       0.000      99.000     280.853         306271653   1395      0     43          46   1395
     GPU 0  1.000  0.000  0.000  0.000  0.002  0.000  0.000  0.000               1333180               1416504         100           0       0.000      99.000     280.853         306300623   1395      0     43          46   1395
     GPU 0  1.000  0.943  0.760  0.000  0.002  0.000  0.625  0.000               6339941               5384690         100           0       0.000      99.000     278.426         306300623   1395      0     43          46   1395
     GPU 0  1.000  0.943  0.760  0.000  0.002  0.000  0.625  0.000               6339941               5384690         100           0       0.000      99.000     278.426         306300623   1395      0     43          46   1395
     GPU 0  1.000  0.949  0.756  0.000  0.002  0.000  0.598  0.000               6931907               5920699         100           0       0.000      99.000     278.426         306300623   1395      0     43          46   1395
     GPU 0  1.000  0.000  0.000  0.000  0.002  0.000  0.000  0.000               7548298               6313153         100           0       0.000      99.000     278.426         306300623   1395      0     43          46   1395
     GPU 0  1.000  0.942  0.742  0.000  0.002  0.000  0.610  0.000               4978361               3337128         100           0       0.000      99.000     278.426         306300623   1395      0     43          46   1395
     GPU 0  1.000  0.942  0.742  0.000  0.002  0.000  0.610  0.000               4978361               3337128         100           0       0.000      99.000     277.888         306328787   1395      0     43          46   1395
     GPU 0  1.000  0.955  0.801  0.000  0.002  0.000  0.637  0.000               6142204               3696292         100           0       0.000      99.000     277.888         306328787   1395      0     43          46   1395
     GPU 0  1.000  0.000  0.000  0.000  0.002  0.000  0.000  0.000               5599098               4819296         100           0       0.000      99.000     277.888         306328787   1395      0     44          46   1395
     GPU 0  1.000  0.947  0.754  0.000  0.002  0.000  0.626  0.000               7281205               6067535         100           0       0.000      99.000     277.888         306328787   1395      0     44          46   1395
     GPU 0  1.000  0.947  0.754  0.000  0.002  0.000  0.626  0.000               7281205               6067535         100           0       0.000      99.000     281.095         306356791   1395      0     44          46   1395

# Entity  GRACT  SMACT  SMOCC  TENSO  DRAMA  FP64A  FP32A  FP16A                 PCITX                 PCIRX       GPUTL       MCUTL       MUSAM       GUSAM       POWER             TOTEC  SACLK  PSTAT  TMPTR       MMTMP  SMCLK
      Id                                                                                                                                                               W                mJ                    C           C       
     GPU 0  1.000  0.941  0.747  0.000  0.002  0.000  0.620  0.000               8542259               6735302         100           0       0.000      99.000     281.095         306356791   1395      0     44          46   1395
     GPU 0  1.000  0.000  0.000  0.000  0.002  0.000  0.000  0.000               9630792               7486148         100           0       0.000      99.000     281.095         306356791   1395      0     44          46   1395
     GPU 0  1.000  0.949  0.753  0.000  0.002  0.000  0.611  0.000               9365172               7225520         100           0       0.000      99.000     281.095         306356791   1395      0     44          46   1395
     GPU 0  1.000  0.948  0.745  0.000  0.002  0.000  0.625  0.000               9466172               7197208         100           0       0.000      99.000     281.095         306356791   1395      0     44          46   1395
     GPU 0  1.000  0.000  0.000  0.000  0.002  0.000  0.000  0.000               9257109               7099200         100           0       0.000      99.000     281.095         306356791   1395      0     44          46   1395
     GPU 0  1.000  0.945  0.752  0.000  0.002  0.000  0.624  0.000               9868786               7099821         100           0       0.000      99.000     280.316         306385004   1395      0     44          46   1395
     GPU 0  1.000  0.945  0.752  0.000  0.002  0.000  0.624  0.000               9868786               7099821         100           0       0.000      99.000     280.316         306385004   1395      0     44          46   1395
     GPU 0  1.000  0.945  0.752  0.000  0.002  0.000  0.624  0.000               9868786               7099821         100           0       0.000      99.000     280.316         306385004   1395      0     44          46   1395
     GPU 0  1.000  0.945  0.752  0.000  0.002  0.000  0.624  0.000               9868786               7099821         100           0       0.000      99.000     280.316         306385004   1395      0     44          46   1395
     GPU 0  1.000  0.000  0.000  0.000  0.002  0.000  0.000  0.000               8284231               5798962         100           0       0.000      99.000     280.316         306385004   1395      0     44          46   1395
     GPU 0  1.000  0.000  0.000  0.000  0.002  0.000  0.000  0.000               8284231               5798962         100           0       0.000      99.000     279.198         306414546   1395      0     44          46   1395
     GPU 0  1.000  0.952  0.760  0.000  0.002  0.000  0.629  0.000               1171640                836885         100           0       0.000      99.000     279.198         306414546   1395      0     42          46   1395
     GPU 0  0.000  0.000  0.000  0.000  0.002  0.000  0.000  0.000            1080053351               4975741         100           0       0.000      99.000     279.198         306414546   1395      0     39          46   1395
     GPU 0  0.000  0.000  0.000  0.000  0.000  0.000  0.000  0.000               6292081               4070476         100           0       0.000      99.000     279.198         306414546   1395      0     39          46   1395

# Entity  GRACT  SMACT  SMOCC  TENSO  DRAMA  FP64A  FP32A  FP16A                 PCITX                 PCIRX       GPUTL       MCUTL       MUSAM       GUSAM       POWER             TOTEC  SACLK  PSTAT  TMPTR       MMTMP  SMCLK
      Id                                                                                                                                                               W                mJ                    C           C       
     GPU 0  0.000  0.000  0.000  0.000  0.000  0.000  0.000  0.000               7634181               4223653         100           0       0.000      99.000     279.198         306414546   1395      0     39          46   1395
     GPU 0  0.000  0.000  0.000  0.000  0.000  0.000  0.000  0.000               8279034               4673485         100           0       0.000      99.000     109.032         306430012   1395      0     38          46   1395
     GPU 0  0.000  0.000  0.000  0.000  0.000  0.000  0.000  0.000               8152642               4522956         100           0       0.000      99.000     109.032         306430012   1395      0     37          46   1395
     GPU 0  0.000  0.000  0.000  0.000  0.000  0.000  0.000  0.000               8152642               4522956         100           0       0.000      99.000     109.032         306430012   1395      0     37          46   1395
     GPU 0  0.000  0.000  0.000  0.000  0.000  0.000  0.000  0.000               8152642               4522956         100           0       0.000      99.000     109.032         306430012   1395      0     36          46   1395
     GPU 0  0.000  0.000  0.000  0.000  0.000  0.000  0.000  0.000               8152642               4522956          46           0       0.000      46.000     107.959         306441093   1395      0     36          46   1395
     GPU 0  0.000  0.000  0.000  0.000  0.000  0.000  0.000  0.000               1004520                 83710          46           0       0.000      46.000     107.959         306441093   1395      0     35          46   1395
     GPU 0  0.000  0.000  0.000  0.000  0.000  0.000  0.000  0.000                917101                 83372          46           0       0.000      46.000     107.959         306441093   1395      0     35          46   1395
     GPU 0  0.000  0.000  0.000  0.000  0.000  0.000  0.000  0.000               6548307               4287720          46           0       0.000      46.000     107.959         306441093   1395      0     35          46   1395
     GPU 0  0.000  0.000  0.000  0.000  0.000  0.000  0.000  0.000               9965673               6438659          46           0       0.000      46.000     107.959         306441093   1395      0     35          46   1395
     GPU 0  0.000  0.000  0.000  0.000  0.000  0.000  0.000  0.000               9280511               5591382          46           0       0.000      46.000     107.419         306441093   1395      0     35          46   1395
     GPU 0  0.000  0.000  0.000  0.000  0.000  0.000  0.000  0.000               9280511               5591382          46           0       0.000      46.000     107.419         306451946   1395      0     35          46   1395
     GPU 0  0.000  0.000  0.000  0.000  0.000  0.000  0.000  0.000              12431519               6908462           0           0       0.000       0.000     107.419         306451946   1395      0     34          46   1395
     GPU 0  0.000  0.000  0.000  0.000  0.000  0.000  0.000  0.000               4807756               2226656           0           0       0.000       0.000     107.419         306451946   1395      0     34          46   1395

# Entity  GRACT  SMACT  SMOCC  TENSO  DRAMA  FP64A  FP32A  FP16A                 PCITX                 PCIRX       GPUTL       MCUTL       MUSAM       GUSAM       POWER             TOTEC  SACLK  PSTAT  TMPTR       MMTMP  SMCLK
      Id                                                                                                                                                               W                mJ                    C           C       
     GPU 0  0.000  0.000  0.000  0.000  0.000  0.000  0.000  0.000               6057780               3721153           0           0       0.000       0.000     107.419         306451946   1395      0     34          46   1395
     GPU 0  0.000  0.000  0.000  0.000  0.000  0.000  0.000  0.000               8217341               5078432           0           0       0.000       0.000     107.419         306462800   1395      0     34          46   1395
     GPU 0  0.000  0.000  0.000  0.000  0.000  0.000  0.000  0.000               9215841               5795220           0           0       0.000       0.000     107.129         306462800   1395      0     34          46   1395
     GPU 0  0.000  0.000  0.000  0.000  0.000  0.000  0.000  0.000               9542480               5933995           0           0       0.000       0.000     107.129         306462800   1395      0     34          46   1395
     GPU 0  0.000  0.000  0.000  0.000  0.000  0.000  0.000  0.000               9542480               5933995           0           0       0.000       0.000     107.129         306462800   1395      0     34          46   1395
     GPU 0  0.000  0.000  0.000  0.000  0.000  0.000  0.000  0.000               9296553               5782900           0           0       0.000       0.000     107.129         306462800   1395      0     34          46   1395
     GPU 0  0.000  0.000  0.000  0.000  0.000  0.000  0.000  0.000               9013570               5607709           0           0       0.000       0.000     107.129         306462800   1395      0     33          46   1395
     GPU 0  0.000  0.000  0.000  0.000  0.000  0.000  0.000  0.000               9596192               6076794           0           0       0.000       0.000     106.838         306473620   1395      0     33          46   1395
     GPU 0  0.000  0.000  0.000  0.000  0.000  0.000  0.000  0.000              11996202               5957046           0           0       0.000       0.000     106.838         306473620   1395      0     33          46   1395
     GPU 0  0.000  0.000  0.000  0.000  0.000  0.000  0.000  0.000              11996202               5957046           0           0       0.000       0.000     106.838         306473620   1395      0     33          46   1395
     GPU 0  0.000  0.000  0.000  0.000  0.000  0.000  0.000  0.000               7667330               5369969           0           0       0.000       0.000     106.838         306473620   1395      0     33          46   1395
     GPU 0  0.000  0.000  0.000  0.000  0.000  0.000  0.000  0.000               7667330               5369969           0           0       0.000       0.000     106.838         306473620   1395      0     33          46   1395
     GPU 0  0.000  0.000  0.000  0.000  0.000  0.000  0.000  0.000              10522250               6217245           0           0       0.000       0.000     106.838         306484545   1395      0     33          46   1395
     GPU 0  0.000  0.000  0.000  0.000  0.000  0.000  0.000  0.000              10522250               6217245           0           0       0.000       0.000     106.838         306484545   1395      0     33          46   1395

# Entity  GRACT  SMACT  SMOCC  TENSO  DRAMA  FP64A  FP32A  FP16A                 PCITX                 PCIRX       GPUTL       MCUTL       MUSAM       GUSAM       POWER             TOTEC  SACLK  PSTAT  TMPTR       MMTMP  SMCLK
      Id                                                                                                                                                               W                mJ                    C           C       
     GPU 0  0.000  0.000  0.000  0.000  0.000  0.000  0.000  0.000              12483525              12195285           0           0       0.000       0.000     106.838         306484545   1395      0     33          46   1395
     GPU 0  0.000  0.000  0.000  0.000  0.000  0.000  0.000  0.000              12483525              12195285           0           0       0.000       0.000     106.838         306484545   1395      0     33          46   1395
     GPU 0  0.000  0.000  0.000  0.000  0.009  0.000  0.000  0.000              12182473               9350871           0           0       0.000       0.000     106.838         306484545   1395      0     33          46   1395
     GPU 0  0.000  0.000  0.000  0.000  0.009  0.000  0.000  0.000              12182473               9350871           0           0       0.000       0.000     106.838         306495435   1395      0     33          46   1395
     GPU 0  0.000  0.000  0.000  0.000  0.000  0.000  0.000  0.000               6291781              15289705           0           0       0.000       0.000     106.838         306495435   1395      0     33          46   1395
     GPU 0  0.000  0.000  0.000  0.000  0.000  0.000  0.000  0.000               6291781              15289705           6           0       0.000       0.000     106.838         306495435   1395      0     32          46   1395
     GPU 0  0.000  0.000  0.000  0.000  0.000  0.000  0.000  0.000              12370056               9510843           6           0       0.000       0.000     106.838         306495435   1395      0     32          46   1395
     GPU 0  0.000  0.000  0.000  0.000  0.000  0.000  0.000  0.000              12370056               9510843           6           0       0.000       0.000     106.838         306506018   1395      0     32          46   1395
     GPU 0  0.000  0.000  0.000  0.000  0.000  0.000  0.000  0.000              12866621               8945172           6           0       0.000       0.000     106.298         306506018   1395      0     32          46   1395
     GPU 0  0.000  0.000  0.000  0.000  0.000  0.000  0.000  0.000              10772786               8360968           6           0       0.000       0.000     106.298         306506018   1395      0     32          46   1395
     GPU 0  0.000  0.000  0.000  0.000  0.000  0.000  0.000  0.000               8779259               5957446           6           0       0.000       0.000     106.298         306506018   1395      0     32          46   1395
     GPU 0  0.000  0.000  0.000  0.000  0.000  0.000  0.000  0.000               8448616               5027885           6           0       0.000       0.000     106.298         306506018   1395      0     32          46   1395
     GPU 0  0.000  0.000  0.000  0.000  0.000  0.000  0.000  0.000               9229591               5500072           6           0       0.000       0.000     106.298         306506018   1395      0     32          45   1395
     GPU 0  0.000  0.000  0.000  0.000  0.000  0.000  0.000  0.000               9229591               5500072           6           0       0.000       0.000     106.596         306516823   1395      0     32          45   1395

# Entity  GRACT  SMACT  SMOCC  TENSO  DRAMA  FP64A  FP32A  FP16A                 PCITX                 PCIRX       GPUTL       MCUTL       MUSAM       GUSAM       POWER             TOTEC  SACLK  PSTAT  TMPTR       MMTMP  SMCLK
      Id                                                                                                                                                               W                mJ                    C           C       
     GPU 0  0.000  0.000  0.000  0.000  0.000  0.000  0.000  0.000              11003392               5856958           6           0       0.000       0.000     106.596         306516823   1395      0     32          46   1395
     GPU 0  0.000  0.000  0.000  0.000  0.000  0.000  0.000  0.000              11003392               5856958           6           0       0.000       0.000     106.596         306516823   1395      0     32          46   1395
     GPU 0  0.000  0.000  0.000  0.000  0.000  0.000  0.000  0.000              11003392               5856958           6           0       0.000       0.000     106.596         306516823   1395      0     32          46   1395
     GPU 0  0.000  0.000  0.000  0.000  0.000  0.000  0.000  0.000              11003392               5856958           0           0       0.000       0.000     106.596         306516823   1395      0     32          46   1395
     GPU 0  0.000  0.000  0.000  0.000  0.000  0.000  0.000  0.000               6493971               3756316           0           0       0.000       0.000     107.129         306527896   1395      0     32          46   1395
     GPU 0  0.000  0.000  0.000  0.000  0.000  0.000  0.000  0.000               1004709                167451           0           0       0.000       0.000     107.129         306527896   1395      0     32          45   1395
     GPU 0  0.000  0.000  0.000  0.000  0.000  0.000  0.000  0.000               1962555                163546           0           0       0.000       0.000     107.129         306527896   1395      0     32          46   1395
     GPU 0  0.000  0.000  0.000  0.000  0.000  0.000  0.000  0.000               9303246               6089403           0           0       0.000       0.000     107.129         306527896   1395      0     32          45   1395
     GPU 0  0.000  0.000  0.000  0.000  0.000  0.000  0.000  0.000               8013089               5453969           0           0       0.000       0.000     107.129         306527896   1395      0     32          45   1395
     GPU 0  0.000  0.000  0.000  0.000  0.000  0.000  0.000  0.000               8013089               5453969           0           0       0.000       0.000     107.129         306538648   1395      0     32          45   1395
     GPU 0  0.000  0.000  0.000  0.000  0.000  0.000  0.000  0.000               9788511               5148928           0           0       0.000       0.000     107.661         306538648   1395      0     32          45   1395
     GPU 0  0.000  0.000  0.000  0.000  0.000  0.000  0.000  0.000               5983887               1787941           0           0       0.000       0.000     107.661         306538648   1395      0     32          46   1395
     GPU 0  0.000  0.000  0.000  0.000  0.000  0.000  0.000  0.000               4565496               2009343           0           0       0.000       0.000     107.661         306538648   1395      0     32          46   1395
     GPU 0  0.000  0.000  0.000  0.000  0.000  0.000  0.000  0.000               7090814               4264994           0           0       0.000       0.000     107.661         306538648   1395      0     32          45   1395

# Entity  GRACT  SMACT  SMOCC  TENSO  DRAMA  FP64A  FP32A  FP16A                 PCITX                 PCIRX       GPUTL       MCUTL       MUSAM       GUSAM       POWER             TOTEC  SACLK  PSTAT  TMPTR       MMTMP  SMCLK
      Id                                                                                                                                                               W                mJ                    C           C       
     GPU 0  0.000  0.000  0.000  0.000  0.000  0.000  0.000  0.000               7090814               4264994           0           0       0.000       0.000     107.661         306549415   1395      0     32          45   1395
     GPU 0  0.000  0.000  0.000  0.000  0.000  0.000  0.000  0.000               8173140               5190299           0           0       0.000       0.000     107.661         306549415   1395      0     32          45   1395
     GPU 0  0.000  0.000  0.000  0.000  0.000  0.000  0.000  0.000               9349782               5830685           0           0       0.000       0.000     107.661         306549415   1395      0     32          45   1395
     GPU 0  0.000  0.000  0.000  0.000  0.000  0.000  0.000  0.000               9713332               6167229           0           0       0.000       0.000     107.661         306549415   1395      0     31          45   1395
     GPU 0  0.000  0.000  0.000  0.000  0.000  0.000  0.000  0.000               8889200               5585063           0           0       0.000       0.000     107.661         306549415   1395      0     31          45   1395
     GPU 0  0.000  0.000  0.000  0.000  0.000  0.000  0.000  0.000               9530167               6073361           0           0       0.000       0.000     107.661         306560301   1395      0     31          45   1395
     GPU 0  0.000  0.000  0.000  0.000  0.000  0.000  0.000  0.000               9814505               5996450           0           0       0.000       0.000     107.661         306560301   1395      0     31          45   1395
     GPU 0  0.000  0.000  0.000  0.000  0.000  0.000  0.000  0.000               9814505               5996450           0           0       0.000       0.000     107.661         306560301   1395      0     31          45   1395
     GPU 0  0.000  0.000  0.000  0.000  0.000  0.000  0.000  0.000               9482323               6186108           0           0       0.000       0.000     107.661         306560301   1395      0     31          45   1395
     GPU 0  0.000  0.000  0.000  0.000  0.000  0.000  0.000  0.000               6972910               4450386           0           0       0.000       0.000     107.661         306560301   1395      0     31          45   1395
     GPU 0  0.000  0.000  0.000  0.000  0.000  0.000  0.000  0.000               3293900                 41683           0           0       0.000       0.000     107.661         306571288   1395      0     31          45   1395
     GPU 0  0.000  0.000  0.000  0.000  0.000  0.000  0.000  0.000               9961143               4972281           0           0       0.000       0.000     107.661         306571288   1395      0     31          45   1395
     GPU 0  0.000  0.000  0.000  0.000  0.000  0.000  0.000  0.000               9961143               4972281           0           0       0.000       0.000     107.661         306571288   1395      0     31          45   1395
     GPU 0  0.000  0.000  0.000  0.000  0.000  0.000  0.000  0.000               7067103               4354911           0           0       0.000       0.000     107.661         306571288   1395      0     31          45   1395

# Entity  GRACT  SMACT  SMOCC  TENSO  DRAMA  FP64A  FP32A  FP16A                 PCITX                 PCIRX       GPUTL       MCUTL       MUSAM       GUSAM       POWER             TOTEC  SACLK  PSTAT  TMPTR       MMTMP  SMCLK
      Id                                                                                                                                                               W                mJ                    C           C       
     GPU 0  0.000  0.000  0.000  0.000  0.000  0.000  0.000  0.000               6325231               3791223           0           0       0.000       0.000     107.661         306571288   1395      0     31          45   1395
     GPU 0  0.000  0.000  0.000  0.000  0.000  0.000  0.000  0.000               6325231               3791223           0           0       0.000       0.000     107.661         306582204   1395      0     31          45   1395
     GPU 0  0.000  0.000  0.000  0.000  0.000  0.000  0.000  0.000               9381113               5877234           0           0       0.000       0.000     107.661         306582204   1395      0     31          45   1395
     GPU 0  0.000  0.000  0.000  0.000  0.000  0.000  0.000  0.000               3827967               2417176           0           0       0.000       0.000     107.661         306582204   1395      0     31          45   1395
     GPU 0  0.000  0.000  0.000  0.000  0.000  0.000  0.000  0.000               5812594               1712064           0           0       0.000       0.000     107.661         306582204   1395      0     31          45   1395
     GPU 0  0.000  0.000  0.000  0.000  0.000  0.000  0.000  0.000               6518792               2936218           0           0       0.000       0.000     107.661         306582204   1395      0     31          45   1395
     GPU 0  0.000  0.000  0.000  0.000  0.000  0.000  0.000  0.000               6518792               2936218           0           0       0.000       0.000     107.419         306592969   1395      0     31          45   1395
     GPU 0  0.000  0.000  0.000  0.000  0.000  0.000  0.000  0.000               7375254               4054662           0           0       0.000       0.000     107.419         306592969   1395      0     31          45   1395
     GPU 0  0.000  0.000  0.000  0.000  0.000  0.000  0.000  0.000              10141361               6272033           0           0       0.000       0.000     107.419         306592969   1395      0     31          45   1395
     GPU 0  0.000  0.000  0.000  0.000  0.000  0.000  0.000  0.000              10150411               6555426           0           0       0.000       0.000     107.419         306592969   1395      0     31          45   1395
     GPU 0  0.000  0.000  0.000  0.000  0.000  0.000  0.000  0.000              10476847               6711476           0           0       0.000       0.000     107.419         306592969   1395      0     31          45   1395
     GPU 0  0.000  0.000  0.000  0.000  0.000  0.000  0.000  0.000              10476847               6711476           0           0       0.000       0.000     107.419         306603815   1395      0     31          45   1395
     GPU 0  0.000  0.000  0.000  0.000  0.000  0.000  0.000  0.000               7270588               4058059           0           0       0.000       0.000     107.419         306603815   1395      0     31          45   1395
     GPU 0  0.000  0.000  0.000  0.000  0.000  0.000  0.000  0.000               2646248                577743           0           0       0.000       0.000     107.419         306603815   1395      0     31          45    420

# Entity  GRACT  SMACT  SMOCC  TENSO  DRAMA  FP64A  FP32A  FP16A                 PCITX                 PCIRX       GPUTL       MCUTL       MUSAM       GUSAM       POWER             TOTEC  SACLK  PSTAT  TMPTR       MMTMP  SMCLK
      Id                                                                                                                                                               W                mJ                    C           C       
     GPU 0  0.000  0.000  0.000  0.000  0.000  0.000  0.000  0.000               6376363               3060786           0           0       0.000       0.000     107.419         306603815   1395      0     31          45    420
     GPU 0  0.000  0.000  0.000  0.000  0.000  0.000  0.000  0.000               6610984               3417390           0           0       0.000       0.000     107.419         306603815   1395      0     31          45    420
     GPU 0  0.000  0.000  0.000  0.000  0.000  0.000  0.000  0.000               6610984               3417390           0           0       0.000       0.000      81.068         306603815   1395      0     31          45    420
     GPU 0  0.000  0.000  0.000  0.000  0.000  0.000  0.000  0.000               8792328               4578818           0           0       0.000       0.000      81.068         306613604   1395      0     30          45    420
     GPU 0  0.000  0.000  0.000  0.000  0.000  0.000  0.000  0.000               8782806               5961132           0           0       0.000       0.000      81.068         306613604   1395      0     30          45    420
     GPU 0  0.000  0.000  0.000  0.000  0.000  0.000  0.000  0.000               8736745               5936250           0           0       0.000       0.000      81.068         306613604   1395      0     30          45    420
     GPU 0  0.000  0.000  0.000  0.000  0.000  0.000  0.000  0.000               8738976               5927896           0           0       0.000       0.000      81.068         306613604   1395      0     30          45    420
     GPU 0  0.000  0.000  0.000  0.000  0.000  0.000  0.000  0.000               6428845               4775480           0           0       0.000       0.000      80.286         306621571   1395      0     30          45    420
     GPU 0  0.000  0.000  0.000  0.000  0.000  0.000  0.000  0.000               6428845               4775480           0           0       0.000       0.000      80.286         306621571   1395      0     30          45    420
     GPU 0  0.000  0.000  0.000  0.000  0.000  0.000  0.000  0.000               8475973               5373008           0           0       0.000       0.000      80.286         306621571   1395      0     30          45    420
     GPU 0  0.000  0.000  0.000  0.000  0.000  0.000  0.000  0.000               8475973               5373008           0           0       0.000       0.000      80.286         306621571   1395      0     30          45    420
     GPU 0  0.000  0.000  0.000  0.000  0.000  0.000  0.000  0.000               8475973               5373008           0           0       0.000       0.000      80.286         306621571   1395      0     30          45    420
     GPU 0  0.000  0.000  0.000  0.000  0.000  0.000  0.000  0.000                921036                     0           0           0       0.000       0.000      80.528         306630495   1395      0     30          45    375
     GPU 0  0.000  0.000  0.000  0.000  0.000  0.000  0.000  0.000                921036                     0           0           0       0.000       0.000      80.528         306630495   1395      0     30          45    375

# Entity  GRACT  SMACT  SMOCC  TENSO  DRAMA  FP64A  FP32A  FP16A                 PCITX                 PCIRX       GPUTL       MCUTL       MUSAM       GUSAM       POWER             TOTEC  SACLK  PSTAT  TMPTR       MMTMP  SMCLK
      Id                                                                                                                                                               W                mJ                    C           C       
     GPU 0  0.000  0.000  0.000  0.000  0.000  0.000  0.000  0.000               7532404               4961016           0           0       0.000       0.000      80.528         306630495   1395      0     30          45    375
     GPU 0  0.000  0.000  0.000  0.000  0.000  0.000  0.000  0.000               8125278               5508508           0           0       0.000       0.000      80.528         306630495   1395      0     30          45    375
     GPU 0  0.000  0.000  0.000  0.000  0.000  0.000  0.000  0.000              10509412               6936886           0           0       0.000       0.000      80.528         306630495   1395      0     30          45    375
