# Entity  GRACT  SMACT  SMOCC  TENSO  DRAMA  FP64A  FP32A  FP16A                 PCITX                 PCIRX       GPUTL       MCUTL       MUSAM       GUSAM       POWER             TOTEC  SACLK  PSTAT  TMPTR       MMTMP  SMCLK
      Id                                                                                                                                                               W                mJ                    C           C       
     GPU 0  0.000  0.000  0.000  0.000  0.000  0.000  0.000  0.000             121045392                     0           0           0       0.000       0.000      76.729        2986588698   1215      0     27          42    210
     GPU 0  0.000  0.000  0.000  0.000  0.000  0.000  0.000  0.000               8714016               4872896           0           0       0.000       0.000      76.729        2986588698   1215      0     27          42    210
     GPU 0  0.000  0.000  0.000  0.000  0.000  0.000  0.000  0.000               8714016               4872896           0           0       0.000       0.000      76.729        2986588698   1215      0     27          42    210
     GPU 0  0.000  0.000  0.000  0.000  0.000  0.000  0.000  0.000               6068491               4143384           0           0       0.000       0.000      78.383        2986588698   1215      0     27          42    210
     GPU 0  0.000  0.000  0.000  0.000  0.000  0.000  0.000  0.000               6706278               3936129           0           0       0.000       0.000      78.383        2986596573   1215      0     27          42    210
     GPU 0  0.000  0.000  0.000  0.000  0.000  0.000  0.000  0.000               6104886               4455539           0           0       0.000       0.000      78.383        2986596573   1215      0     27          42    210
     GPU 0  0.000  0.000  0.000  0.000  0.000  0.000  0.000  0.000               6104886               4455539           0           0       0.000       0.000      78.383        2986596573   1215      0     27          42    210
     GPU 0  0.000  0.000  0.000  0.000  0.000  0.000  0.000  0.000               4614380               2187259           0           0       0.000       0.000      78.383        2986596573   1215      0     27          42    210
     GPU 0  0.000  0.000  0.000  0.000  0.000  0.000  0.000  0.000               3251573                274452           0           0       0.000       0.000      78.383        2986604510   1215      0     27          42    210
     GPU 0  0.000  0.000  0.000  0.000  0.000  0.000  0.000  0.000               5564597               1716487           0           0       0.000       0.000      78.383        2986604510   1215      0     27          42    210
     GPU 0  0.000  0.000  0.000  0.000  0.000  0.000  0.000  0.000               7298306               3738722           0           0       0.000       0.000      78.383        2986604510   1215      0     27          42    210
     GPU 0  0.000  0.000  0.000  0.000  0.000  0.000  0.000  0.000               8664382               4631566           0           0       0.000       0.000      78.383        2986604510   1215      0     27          42    210
     GPU 0  0.000  0.000  0.000  0.000  0.000  0.000  0.000  0.000               8664382               4631566           0           0       0.000       0.000      78.383        2986604510   1215      0     27          42    210
     GPU 0  0.000  0.000  0.000  0.000  0.000  0.000  0.000  0.000               7357704               4558746           0           0       0.000       0.000      78.383        2986604510   1215      0     27          42    210
     GPU 0  0.000  0.000  0.000  0.000  0.000  0.000  0.000  0.000               9266277               6129408           0           0       0.000       0.000      78.383        2986612529   1215      0     27          42    210

# Entity  GRACT  SMACT  SMOCC  TENSO  DRAMA  FP64A  FP32A  FP16A                 PCITX                 PCIRX       GPUTL       MCUTL       MUSAM       GUSAM       POWER             TOTEC  SACLK  PSTAT  TMPTR       MMTMP  SMCLK
      Id                                                                                                                                                               W                mJ                    C           C       
     GPU 0  0.000  0.000  0.000  0.000  0.000  0.000  0.000  0.000               4114845               2791611           0           0       0.000       0.000      78.383        2986612529   1215      0     27          42    210
     GPU 0  0.000  0.000  0.000  0.000  0.000  0.000  0.000  0.000               4114845               2791611           0           0       0.000       0.000      78.383        2986612529   1215      0     27          42    210
     GPU 0  0.000  0.000  0.000  0.000  0.000  0.000  0.000  0.000               4307991               3181038           0           0       0.000       0.000      78.383        2986612529   1215      0     27          42    210
     GPU 0  0.000  0.000  0.000  0.000  0.000  0.000  0.000  0.000               3295322                316445           0           0       0.000       0.000      78.632        2986620367   1215      0     27          42    210
     GPU 0  0.000  0.000  0.000  0.000  0.000  0.000  0.000  0.000               3259574                233276           0           0       0.000       0.000      78.632        2986620367   1215      0     27          44    210
     GPU 0  0.000  0.000  0.000  0.000  0.000  0.000  0.000  0.000               7185261               3630987           0           0       0.000       0.000      78.632        2986620367   1215      0     27          42    210
     GPU 0  0.000  0.000  0.000  0.000  0.000  0.000  0.000  0.000               7185261               3630987           0           0       0.000       0.000      78.632        2986620367   1215      0     27          42    210
     GPU 0  0.000  0.000  0.000  0.000  0.000  0.000  0.000  0.000               8558900               4390138           0           0       0.000       0.000      78.632        2986620367   1215      0     27          42    210
     GPU 0  0.000  0.000  0.000  0.000  0.000  0.000  0.000  0.000               8844399               8076371           0           0       0.000       0.000      78.632        2986628303   1215      0     27          42    210
     GPU 0  0.000  0.000  0.000  0.000  0.000  0.000  0.000  0.000               8844399               8076371           0           0       0.000       0.000      78.632        2986628303   1215      0     27          42    210
     GPU 0  0.000  0.000  0.000  0.000  0.000  0.000  0.000  0.000              10123014               8358075           0           0       0.000       0.000      78.632        2986628303   1215      0     27          42    210
     GPU 0  0.000  0.000  0.000  0.000  0.000  0.000  0.000  0.000              10123014               8358075           0           0       0.000       0.000      78.632        2986628303   1215      0     27          42    210
     GPU 0  0.000  0.000  0.000  0.000  0.000  0.000  0.000  0.000               5800604               5551115           0           0       0.000       0.000      78.632        2986628303   1215      0     27          42    210
     GPU 0  0.000  0.000  0.000  0.000  0.000  0.000  0.000  0.000               6746021              16453711           0           0       0.000       0.000      78.632        2986628303   1215      0     27          42    210

# Entity  GRACT  SMACT  SMOCC  TENSO  DRAMA  FP64A  FP32A  FP16A                 PCITX                 PCIRX       GPUTL       MCUTL       MUSAM       GUSAM       POWER             TOTEC  SACLK  PSTAT  TMPTR       MMTMP  SMCLK
      Id                                                                                                                                                               W                mJ                    C           C       
     GPU 0  0.000  0.000  0.000  0.000  0.000  0.000  0.000  0.000               4890274              17830693           0           0       0.000       0.000      78.632        2986636281   1215      0     27          42    210
     GPU 0  0.000  0.000  0.000  0.000  0.000  0.000  0.000  0.000               4890274              17830693           0           0       0.000       0.000      78.632        2986636281   1215      0     27          42    210
     GPU 0  0.000  0.000  0.000  0.000  0.000  0.000  0.000  0.000               6407901               4692636           0           0       0.000       0.000      78.632        2986636281   1215      0     27          42    210
     GPU 0  0.000  0.000  0.000  0.000  0.000  0.000  0.000  0.000               7985503               5467552           0           0       0.000       0.000      78.632        2986636281   1215      0     27          44    210
     GPU 0  0.000  0.000  0.000  0.000  0.000  0.000  0.000  0.000              11223873               9093795           0           0       0.000       0.000      78.383        2986644143   1215      0     27          42    210
     GPU 0  0.000  0.000  0.000  0.000  0.000  0.000  0.000  0.000              11223873               9093795           0           0       0.000       0.000      78.383        2986644143   1215      0     27          43    210
     GPU 0  0.000  0.000  0.000  0.000  0.000  0.000  0.000  0.000              11223873               9093795           0           0       0.000       0.000      78.383        2986644143   1215      0     27          42    210
     GPU 0  0.000  0.000  0.000  0.000  0.000  0.000  0.000  0.000               7241517               5794918           0           0       0.000       0.000      78.383        2986644143   1215      0     27          43    210
     GPU 0  0.000  0.000  0.000  0.000  0.000  0.000  0.000  0.000               6761936               4953511           0           0       0.000       0.000      78.383        2986644143   1215      0     27          42    210
     GPU 0  0.000  0.000  0.000  0.000  0.000  0.000  0.000  0.000               6761936               4953511           0           0       0.000       0.000      78.383        2986644143   1215      0     27          42    210
     GPU 0  0.000  0.000  0.000  0.000  0.000  0.000  0.000  0.000               6761936               4953511           0           0       0.000       0.000      78.383        2986652079   1215      0     27          42    210
     GPU 0  0.000  0.000  0.000  0.000  0.000  0.000  0.000  0.000               7157338               4120379           0           0       0.000       0.000      78.383        2986652079   1215      0     27          42    210
     GPU 0  0.000  0.000  0.000  0.000  0.000  0.000  0.000  0.000               6009595               3877158           0           0       0.000       0.000      78.383        2986652079   1215      0     27          42    210
     GPU 0  0.000  0.000  0.000  0.000  0.000  0.000  0.000  0.000               6009595               3877158           0           0       0.000       0.000      78.383        2986652079   1215      0     27          42    210

# Entity  GRACT  SMACT  SMOCC  TENSO  DRAMA  FP64A  FP32A  FP16A                 PCITX                 PCIRX       GPUTL       MCUTL       MUSAM       GUSAM       POWER             TOTEC  SACLK  PSTAT  TMPTR       MMTMP  SMCLK
      Id                                                                                                                                                               W                mJ                    C           C       
     GPU 0  0.000  0.000  0.000  0.000  0.000  0.000  0.000  0.000               8620960              14061372           0           0       0.000       0.000      78.383        2986652079   1215      0     27          42    210
     GPU 0  0.000  0.000  0.000  0.000  0.000  0.000  0.000  0.000               9524723              20739318           0           0       0.000       0.000      78.383        2986659990   1215      0     27          42    210
     GPU 0  0.000  0.000  0.000  0.000  0.000  0.000  0.000  0.000               9524723              20739318           0           0       0.000       0.000      78.383        2986659990   1215      0     27          42    210
     GPU 0  0.000  0.000  0.000  0.000  0.000  0.000  0.000  0.000               8988404              15323374           0           0       0.000       0.000      78.383        2986659990   1215      0     27          42    210
     GPU 0  0.000  0.000  0.000  0.000  0.000  0.000  0.000  0.000               8624516              18010019           0           0       0.000       0.000      78.383        2986659990   1215      0     27          42    210
     GPU 0  0.186  0.000  0.000  0.000  0.000  0.000  0.000  0.000              24190725              77568066           0           0       0.000       0.000      88.666        2986659990   1215      0     27          43   1215
     GPU 0  0.186  0.000  0.000  0.000  0.000  0.000  0.000  0.000              24190725              77568066           0           0       0.000       0.000      88.666        2986668109   1215      0     27          42   1215
     GPU 0  0.015  0.000  0.000  0.000  0.000  0.000  0.000  0.000             151450626            1266291688           0           0       0.000       0.000      88.666        2986668109   1215      0     27          43   1215
     GPU 0  0.622  0.000  0.000  0.000  0.002  0.000  0.000  0.000             424256220            3718441208           0           0       0.000      19.000      88.666        2986668109   1215      0     28          42   1215
     GPU 0  1.000  0.934  0.732  0.000  0.001  0.000  0.615  0.000              13178491               9280249          20           0       0.000      19.000      88.666        2986668109   1215      0     30          44   1215
     GPU 0  1.000  0.945  0.765  0.000  0.002  0.000  0.614  0.000              11559725               8560768          20           0       0.000      19.000     201.852        2986683480   1215      0     30          43   1215
     GPU 0  1.000  0.000  0.000  0.000  0.001  0.000  0.000  0.000               6249921               4189352          20           0       0.000      19.000     201.852        2986683480   1215      0     31          43   1215
     GPU 0  1.000  0.937  0.748  0.000  0.002  0.000  0.619  0.000               5972224               4702766          20           0       0.000      19.000     201.852        2986683480   1215      0     31          44   1215
     GPU 0  1.000  0.941  0.749  0.000  0.002  0.000  0.604  0.000               6973135               5956811          20           0       0.000      19.000     201.852        2986683480   1215      0     32          44   1215

# Entity  GRACT  SMACT  SMOCC  TENSO  DRAMA  FP64A  FP32A  FP16A                 PCITX                 PCIRX       GPUTL       MCUTL       MUSAM       GUSAM       POWER             TOTEC  SACLK  PSTAT  TMPTR       MMTMP  SMCLK
      Id                                                                                                                                                               W                mJ                    C           C       
     GPU 0  1.000  0.941  0.749  0.000  0.002  0.000  0.604  0.000               6973135               5956811          20           0       0.000      19.000     201.852        2986683480   1215      0     32          43   1215
     GPU 0  1.000  0.000  0.000  0.000  0.002  0.000  0.000  0.000               9938641               7365135          20           0       0.000      19.000     201.852        2986683480   1215      0     32          43   1215
     GPU 0  1.000  0.937  0.746  0.000  0.001  0.000  0.619  0.000               5738275               3826598          20           0       0.000      19.000     204.041        2986704021   1215      0     33          44   1215
     GPU 0  1.000  0.946  0.762  0.000  0.002  0.000  0.627  0.000              11625228               9000376          20           0       0.000      19.000     204.041        2986704021   1215      0     33          43   1215
     GPU 0  1.000  0.000  0.000  0.000  0.001  0.000  0.000  0.000              10409351               6699240         100           0       0.000      99.000     204.041        2986704021   1215      0     33          43   1215
     GPU 0  1.000  0.000  0.000  0.000  0.001  0.000  0.000  0.000              10409351               6699240         100           0       0.000      99.000     204.041        2986704021   1215      0     33          43   1215
     GPU 0  1.000  0.946  0.735  0.000  0.001  0.000  0.620  0.000              11380251               8409861         100           0       0.000      99.000     201.321        2986724504   1215      0     33          43   1215
     GPU 0  1.000  0.945  0.750  0.000  0.001  0.000  0.620  0.000              10911519               8226956         100           0       0.000      99.000     201.321        2986724504   1215      0     33          43   1215
     GPU 0  1.000  0.000  0.000  0.000  0.002  0.000  0.000  0.000              10876620               8206092         100           0       0.000      99.000     201.321        2986724504   1215      0     33          43   1215
     GPU 0  1.000  0.946  0.754  0.000  0.002  0.000  0.625  0.000              11168115               8088693         100           0       0.000      99.000     201.321        2986724504   1215      0     33          44   1215
     GPU 0  1.000  0.946  0.752  0.000  0.002  0.000  0.609  0.000              11916394               7955491         100           0       0.000      99.000     201.321        2986724504   1215      0     34          43   1215
     GPU 0  1.000  0.000  0.000  0.000  0.001  0.000  0.000  0.000               3370651               1314037         100           0       0.000      99.000     201.321        2986724504   1215      0     34          43   1215
     GPU 0  1.000  0.949  0.758  0.000  0.001  0.000  0.628  0.000               1256577               1256577         100           0       0.000      99.000     201.852        2986744875   1215      0     34          44   1215
     GPU 0  1.000  0.000  0.000  0.000  0.001  0.000  0.000  0.000               9680179               6830519         100           0       0.000      99.000     201.852        2986744875   1215      0     34          44   1215

# Entity  GRACT  SMACT  SMOCC  TENSO  DRAMA  FP64A  FP32A  FP16A                 PCITX                 PCIRX       GPUTL       MCUTL       MUSAM       GUSAM       POWER             TOTEC  SACLK  PSTAT  TMPTR       MMTMP  SMCLK
      Id                                                                                                                                                               W                mJ                    C           C       
     GPU 0  1.000  0.948  0.761  0.000  0.001  0.000  0.626  0.000              12145902               8962619         100           0       0.000      99.000     201.852        2986744875   1215      0     34          43   1215
     GPU 0  1.000  0.948  0.761  0.000  0.001  0.000  0.626  0.000              12145902               8962619         100           0       0.000      99.000     201.852        2986744875   1215      0     34          43   1215
     GPU 0  1.000  0.950  0.749  0.000  0.002  0.000  0.628  0.000              11097789               8318971         100           0       0.000      99.000     202.971        2986765288   1215      0     34          44   1215
     GPU 0  1.000  0.000  0.000  0.000  0.002  0.000  0.000  0.000              10618972               8165373         100           0       0.000      99.000     202.971        2986765288   1215      0     34          44   1215
     GPU 0  1.000  0.940  0.743  0.000  0.002  0.000  0.604  0.000              10533612               7769884         100           0       0.000      99.000     202.971        2986765288   1215      0     34          43   1215
     GPU 0  1.000  0.950  0.761  0.000  0.001  0.000  0.627  0.000              10093858               7250465         100           0       0.000      99.000     202.971        2986765288   1215      0     34          43   1215
     GPU 0  1.000  0.000  0.000  0.000  0.001  0.000  0.000  0.000               8019772               7651035         100           0       0.000      99.000     202.971        2986765288   1215      0     34          43   1215
     GPU 0  1.000  0.947  0.754  0.000  0.001  0.000  0.625  0.000               1256932               1424523         100           0       0.000      99.000     202.971        2986765288   1215      0     34          43   1215
     GPU 0  1.000  0.000  0.000  0.000  0.002  0.000  0.000  0.000              12130026               7804558         100           0       0.000      99.000     201.321        2986785654   1215      0     35          43   1215
     GPU 0  1.000  0.944  0.754  0.000  0.001  0.000  0.625  0.000               2088373               1358401         100           0       0.000      99.000     201.321        2986785654   1215      0     35          43   1215
     GPU 0  1.000  0.944  0.754  0.000  0.001  0.000  0.625  0.000               2088373               1358401         100           0       0.000      99.000     201.321        2986785654   1215      0     35          43   1215
     GPU 0  1.000  0.940  0.733  0.000  0.001  0.000  0.613  0.000               2212659               1441087         100           0       0.000      99.000     201.321        2986785654   1215      0     35          43   1215
     GPU 0  1.000  0.000  0.000  0.000  0.001  0.000  0.000  0.000               4587890               3233065         100           0       0.000      99.000     202.149        2986806047   1215      0     35          43   1215
     GPU 0  1.000  0.949  0.765  0.000  0.002  0.000  0.630  0.000               8705822               5726414         100           0       0.000      99.000     202.149        2986806047   1215      0     35          43   1215

# Entity  GRACT  SMACT  SMOCC  TENSO  DRAMA  FP64A  FP32A  FP16A                 PCITX                 PCIRX       GPUTL       MCUTL       MUSAM       GUSAM       POWER             TOTEC  SACLK  PSTAT  TMPTR       MMTMP  SMCLK
      Id                                                                                                                                                               W                mJ                    C           C       
     GPU 0  1.000  0.942  0.752  0.000  0.002  0.000  0.604  0.000               7785559               6404634         100           0       0.000      99.000     202.149        2986806047   1215      0     35          43   1215
     GPU 0  1.000  0.000  0.000  0.000  0.002  0.000  0.000  0.000              11848536               9210888         100           0       0.000      99.000     202.149        2986806047   1215      0     35          43   1215
     GPU 0  1.000  0.944  0.749  0.000  0.002  0.000  0.624  0.000              12660878               9543359         100           0       0.000      99.000     202.149        2986806047   1215      0     35          44   1215
     GPU 0  1.000  0.944  0.749  0.000  0.002  0.000  0.624  0.000              12660878               9543359         100           0       0.000      99.000     202.971        2986806047   1215      0     35          43   1215
     GPU 0  1.000  0.957  0.768  0.000  0.002  0.000  0.570  0.000               6453692               3837503         100           0       0.000      99.000     202.971        2986826511   1215      0     35          43   1215
     GPU 0  1.000  0.000  0.000  0.000  0.002  0.000  0.000  0.000               7328502               4455761         100           0       0.000      99.000     202.971        2986826511   1215      0     35          43   1215
     GPU 0  1.000  0.941  0.746  0.000  0.001  0.000  0.622  0.000               6986135               4861774         100           0       0.000      99.000     202.971        2986826511   1215      0     35          43   1215
     GPU 0  1.000  0.937  0.746  0.000  0.001  0.000  0.619  0.000               9440939               6744682         100           0       0.000      99.000     202.971        2986826511   1215      0     35          43   1215
     GPU 0  1.000  0.000  0.000  0.000  0.001  0.000  0.000  0.000              10622048               7925401         100           0       0.000      99.000     205.111        2986847176   1215      0     35          43   1215
     GPU 0  1.000  0.936  0.741  0.000  0.002  0.000  0.603  0.000              10540062               7802611         100           0       0.000      99.000     205.111        2986847176   1215      0     35          43   1215
     GPU 0  1.000  0.939  0.749  0.000  0.002  0.000  0.621  0.000              11217073               8417350         100           0       0.000      99.000     205.111        2986847176   1215      0     35          44   1215
     GPU 0  1.000  0.939  0.749  0.000  0.002  0.000  0.621  0.000              11217073               8417350         100           0       0.000      99.000     205.111        2986847176   1215      0     36          43   1215
     GPU 0  1.000  0.000  0.000  0.000  0.002  0.000  0.000  0.000               9620282               7362091         100           0       0.000      99.000     205.111        2986847176   1215      0     36          43   1215
     GPU 0  1.000  0.935  0.746  0.000  0.002  0.000  0.618  0.000               8053668               5575036         100           0       0.000      99.000     205.401        2986847176   1215      0     36          44   1215

# Entity  GRACT  SMACT  SMOCC  TENSO  DRAMA  FP64A  FP32A  FP16A                 PCITX                 PCIRX       GPUTL       MCUTL       MUSAM       GUSAM       POWER             TOTEC  SACLK  PSTAT  TMPTR       MMTMP  SMCLK
      Id                                                                                                                                                               W                mJ                    C           C       
     GPU 0  1.000  0.935  0.746  0.000  0.002  0.000  0.618  0.000               8053668               5575036         100           0       0.000      99.000     205.401        2986868101   1215      0     36          43   1215
     GPU 0  1.000  0.945  0.764  0.000  0.001  0.000  0.623  0.000              10635953               7662945         100           0       0.000      99.000     205.401        2986868101   1215      0     36          43   1215
     GPU 0  1.000  0.000  0.000  0.000  0.001  0.000  0.000  0.000               8581609               6530196         100           0       0.000      99.000     205.401        2986868101   1215      0     36          43   1215
     GPU 0  1.000  0.934  0.747  0.000  0.001  0.000  0.618  0.000               3235557               1327994         100           0       0.000      99.000     205.401        2986868101   1215      0     36          43   1215
     GPU 0  1.000  0.957  0.802  0.000  0.001  0.000  0.636  0.000               5192608               3194021         100           0       0.000      99.000     205.401        2986888565   1215      0     36          43   1215
     GPU 0  1.000  0.000  0.000  0.000  0.002  0.000  0.000  0.000               7581543               5439939         100           0       0.000      99.000     204.568        2986888565   1215      0     36          43   1215
     GPU 0  1.000  0.000  0.000  0.000  0.002  0.000  0.000  0.000               7581543               5439939         100           0       0.000      99.000     204.568        2986888565   1215      0     36          43   1215
     GPU 0  1.000  0.935  0.738  0.000  0.002  0.000  0.617  0.000               9735153               6568290         100           0       0.000      99.000     204.568        2986888565   1215      0     36          43   1215
     GPU 0  1.000  0.941  0.749  0.000  0.002  0.000  0.605  0.000               3392646               3602052         100           0       0.000      99.000     204.568        2986888565   1215      0     36          43   1215
     GPU 0  1.000  0.000  0.000  0.000  0.001  0.000  0.000  0.000              10599497               7859445         100           0       0.000      99.000     204.568        2986888565   1215      0     36          43   1215
     GPU 0  1.000  0.000  0.000  0.000  0.001  0.000  0.000  0.000              10599497               7859445         100           0       0.000      99.000     205.107        2986909625   1215      0     36          43   1215
     GPU 0  1.000  0.941  0.747  0.000  0.001  0.000  0.621  0.000               3669376               2814885         100           0       0.000      99.000     205.107        2986909625   1215      0     36          43   1215
     GPU 0  1.000  0.951  0.766  0.000  0.001  0.000  0.632  0.000               3550499               1327618         100           0       0.000      99.000     205.107        2986909625   1215      0     36          43   1215
     GPU 0  1.000  0.000  0.000  0.000  0.001  0.000  0.000  0.000               2248816               1395027         100           0       0.000      99.000     205.107        2986909625   1215      0     36          43   1215

# Entity  GRACT  SMACT  SMOCC  TENSO  DRAMA  FP64A  FP32A  FP16A                 PCITX                 PCIRX       GPUTL       MCUTL       MUSAM       GUSAM       POWER             TOTEC  SACLK  PSTAT  TMPTR       MMTMP  SMCLK
      Id                                                                                                                                                               W                mJ                    C           C       
     GPU 0  1.000  0.937  0.747  0.000  0.001  0.000  0.619  0.000               6732074               4593220         100           0       0.000      99.000     205.107        2986929997   1215      0     36          43   1215
     GPU 0  1.000  0.949  0.759  0.000  0.001  0.000  0.628  0.000               7619419               5386820         100           0       0.000      99.000     205.107        2986929997   1215      0     36          43   1215
     GPU 0  1.000  0.949  0.759  0.000  0.001  0.000  0.628  0.000               7619419               5386820         100           0       0.000      99.000     205.107        2986929997   1215      0     36          43   1215
     GPU 0  1.000  0.000  0.000  0.000  0.001  0.000  0.000  0.000              10952545               8119157         100           0       0.000      99.000     205.107        2986929997   1215      0     36          44   1215
     GPU 0  1.000  0.951  0.755  0.000  0.002  0.000  0.610  0.000               9047033               6427935         100           0       0.000      99.000     205.107        2986929997   1215      0     36          44   1215
     GPU 0  1.000  0.943  0.753  0.000  0.002  0.000  0.623  0.000               5121320               4711992         100           0       0.000      99.000     205.107        2986929997   1215      0     36          45   1215
     GPU 0  1.000  0.943  0.753  0.000  0.002  0.000  0.623  0.000               5121320               4711992         100           0       0.000      99.000     203.987        2986950621   1215      0     36          44   1215
     GPU 0  1.000  0.000  0.000  0.000  0.002  0.000  0.000  0.000               3593930               2236406         100           0       0.000      99.000     203.987        2986950621   1215      0     36          44   1215
     GPU 0  1.000  0.940  0.750  0.000  0.002  0.000  0.603  0.000               3590126               1535787         100           0       0.000      99.000     203.987        2986950621   1215      0     36          44   1215
     GPU 0  1.000  0.940  0.750  0.000  0.002  0.000  0.603  0.000               3590126               1535787         100           0       0.000      99.000     203.987        2986950621   1215      0     36          44   1215
     GPU 0  1.000  0.940  0.750  0.000  0.002  0.000  0.603  0.000               3590126               1535787         100           0       0.000      99.000     203.987        2986950621   1215      0     36          44   1215
     GPU 0  1.000  0.940  0.750  0.000  0.002  0.000  0.603  0.000               3590126               1535787         100           0       0.000      99.000     205.401        2986971429   1215      0     36          44   1215
     GPU 0  1.000  0.000  0.000  0.000  0.002  0.000  0.000  0.000               1340468               1675585         100           0       0.000      99.000     205.401        2986971429   1215      0     36          45   1215
     GPU 0  1.000  0.939  0.759  0.000  0.002  0.000  0.609  0.000               7205133               4999706         100           0       0.000      99.000     205.401        2986971429   1215      0     36          44   1215

# Entity  GRACT  SMACT  SMOCC  TENSO  DRAMA  FP64A  FP32A  FP16A                 PCITX                 PCIRX       GPUTL       MCUTL       MUSAM       GUSAM       POWER             TOTEC  SACLK  PSTAT  TMPTR       MMTMP  SMCLK
      Id                                                                                                                                                               W                mJ                    C           C       
     GPU 0  1.000  0.936  0.745  0.000  0.002  0.000  0.618  0.000               6793553               5354653         100           0       0.000      99.000     205.401        2986971429   1215      0     36          45   1215
     GPU 0  1.000  0.000  0.000  0.000  0.001  0.000  0.000  0.000              12071429               8302558         100           0       0.000      99.000     202.681        2986971429   1215      0     36          44   1215
     GPU 0  1.000  0.000  0.000  0.000  0.001  0.000  0.000  0.000              12071429               8302558         100           0       0.000      99.000     202.681        2986991961   1215      0     36          44   1215
     GPU 0  1.000  0.945  0.761  0.000  0.002  0.000  0.617  0.000              13028660               9423942         100           0       0.000      99.000     202.681        2986991961   1215      0     36          45   1215
     GPU 0  1.000  0.938  0.754  0.000  0.001  0.000  0.621  0.000               3798633               3026012         100           0       0.000      99.000     202.681        2986991961   1215      0     36          45   1215
     GPU 0  1.000  0.000  0.000  0.000  0.001  0.000  0.000  0.000               2292206               1399245         100           0       0.000      99.000     202.681        2986991961   1215      0     36          45   1215
     GPU 0  1.000  0.934  0.744  0.000  0.001  0.000  0.618  0.000               4586323               3144735         100           0       0.000      99.000     202.681        2987012500   1215      0     36          45   1215
     GPU 0  1.000  0.945  0.756  0.000  0.001  0.000  0.625  0.000               9068022               6249555         100           0       0.000      99.000     202.439        2987012500   1215      0     36          45   1215
     GPU 0  1.000  0.945  0.756  0.000  0.001  0.000  0.625  0.000               9068022               6249555         100           0       0.000      99.000     202.439        2987012500   1215      0     37          45   1215
     GPU 0  1.000  0.000  0.000  0.000  0.001  0.000  0.000  0.000               9177439               6925416         100           0       0.000      99.000     202.439        2987012500   1215      0     37          44   1215
     GPU 0  1.000  0.941  0.752  0.000  0.001  0.000  0.622  0.000               9358213               7270122         100           0       0.000      99.000     202.439        2987012500   1215      0     37          44   1215
     GPU 0  1.000  0.947  0.763  0.000  0.002  0.000  0.614  0.000               6372893               5046495         100           0       0.000      99.000     202.439        2987012500   1215      0     37          44   1215
     GPU 0  1.000  0.000  0.000  0.000  0.002  0.000  0.000  0.000              11062562               8674529         100           0       0.000      99.000     202.916        2987033198   1215      0     37          44   1215
     GPU 0  1.000  0.000  0.000  0.000  0.002  0.000  0.000  0.000              11062562               8674529         100           0       0.000      99.000     202.916        2987033198   1215      0     37          44   1215

# Entity  GRACT  SMACT  SMOCC  TENSO  DRAMA  FP64A  FP32A  FP16A                 PCITX                 PCIRX       GPUTL       MCUTL       MUSAM       GUSAM       POWER             TOTEC  SACLK  PSTAT  TMPTR       MMTMP  SMCLK
      Id                                                                                                                                                               W                mJ                    C           C       
     GPU 0  1.000  0.933  0.745  0.000  0.002  0.000  0.618  0.000              10432083               7980753         100           0       0.000      99.000     202.916        2987033198   1215      0     37          44   1215
     GPU 0  1.000  0.941  0.750  0.000  0.002  0.000  0.605  0.000              10322975               7994974         100           0       0.000      99.000     202.916        2987033198   1215      0     37          44   1215
     GPU 0  1.000  0.000  0.000  0.000  0.002  0.000  0.000  0.000               4592603               3850715         100           0       0.000      99.000     202.916        2987033198   1215      0     37          44   1215
     GPU 0  1.000  0.940  0.750  0.000  0.001  0.000  0.622  0.000               1255512               1255512         100           0       0.000      99.000     202.086        2987053467   1215      0     37          44   1215
     GPU 0  1.000  0.000  0.000  0.000  0.002  0.000  0.000  0.000               3647955               2063713         100           0       0.000      99.000     202.086        2987053467   1215      0     37          44   1215
     GPU 0  1.000  0.000  0.000  0.000  0.002  0.000  0.000  0.000               3647955               2063713         100           0       0.000      99.000     202.086        2987053467   1215      0     37          44   1215
     GPU 0  1.000  0.935  0.747  0.000  0.002  0.000  0.618  0.000               3659205               2068949         100           0       0.000      99.000     202.086        2987053467   1215      0     37          44   1215
     GPU 0  1.000  0.943  0.729  0.000  0.002  0.000  0.598  0.000               4758493               3237622         100           0       0.000      99.000     202.086        2987053467   1215      0     37          44   1215
     GPU 0  1.000  0.000  0.000  0.000  0.001  0.000  0.000  0.000               6664908               4694057         100           0       0.000      99.000     203.448        2987074314   1215      0     37          44   1215
     GPU 0  1.000  0.939  0.754  0.000  0.001  0.000  0.622  0.000               8020326               5638874         100           0       0.000      99.000     203.448        2987074314   1215      0     37          44   1215
     GPU 0  1.000  0.939  0.754  0.000  0.001  0.000  0.622  0.000               8020326               5638874         100           0       0.000      99.000     203.448        2987074314   1215      0     37          44   1215
     GPU 0  1.000  0.940  0.742  0.000  0.001  0.000  0.621  0.000               7902438               6564771         100           0       0.000      99.000     203.448        2987074314   1215      0     37          44   1215
     GPU 0  1.000  0.000  0.000  0.000  0.002  0.000  0.000  0.000               7283892               5275019         100           0       0.000      99.000     203.448        2987074314   1215      0     37          44   1215
     GPU 0  1.000  0.936  0.746  0.000  0.001  0.000  0.619  0.000               1255138               1255138         100           0       0.000      99.000     202.674        2987094339   1215      0     37          44   1215

# Entity  GRACT  SMACT  SMOCC  TENSO  DRAMA  FP64A  FP32A  FP16A                 PCITX                 PCIRX       GPUTL       MCUTL       MUSAM       GUSAM       POWER             TOTEC  SACLK  PSTAT  TMPTR       MMTMP  SMCLK
      Id                                                                                                                                                               W                mJ                    C           C       
     GPU 0  1.000  0.000  0.000  0.000  0.002  0.000  0.000  0.000               6702061               5095726         100           0       0.000      99.000     202.674        2987094339   1215      0     37          44   1215
     GPU 0  1.000  0.937  0.745  0.000  0.002  0.000  0.620  0.000              10131836               7766716         100           0       0.000      99.000     202.674        2987094339   1215      0     37          44   1215
     GPU 0  1.000  0.936  0.743  0.000  0.001  0.000  0.613  0.000              10949601               8600215         100           0       0.000      99.000     202.674        2987094339   1215      0     37          44   1215
     GPU 0  1.000  0.936  0.743  0.000  0.001  0.000  0.613  0.000              10949601               8600215         100           0       0.000      99.000     202.674        2987114789   1215      0     37          44   1215
     GPU 0  1.000  0.000  0.000  0.000  0.001  0.000  0.000  0.000               9333900               6972574         100           0       0.000      99.000     202.681        2987114789   1215      0     37          44   1215
     GPU 0  1.000  0.939  0.750  0.000  0.002  0.000  0.621  0.000               7548825               6123143         100           0       0.000      99.000     202.681        2987114789   1215      0     37          44   1215
     GPU 0  1.000  0.923  0.762  0.000  0.002  0.000  0.570  0.000               4357804               1751686         100           0       0.000      99.000     202.681        2987114789   1215      0     37          44   1215
     GPU 0  1.000  0.000  0.000  0.000  0.002  0.000  0.000  0.000               3659730               1794221         100           0       0.000      99.000     202.681        2987114789   1215      0     37          44   1215
     GPU 0  1.000  0.939  0.753  0.000  0.002  0.000  0.622  0.000               6418307               3332202         100           0       0.000      99.000     202.681        2987114789   1215      0     37          44   1215
     GPU 0  1.000  0.939  0.753  0.000  0.002  0.000  0.622  0.000               6418307               3332202         100           0       0.000      99.000     202.681        2987135337   1215      0     37          44   1215
     GPU 0  1.000  0.920  0.671  0.000  0.002  0.000  0.571  0.000               9501731               5655500         100           0       0.000      99.000     202.681        2987135337   1215      0     37          44   1215
     GPU 0  1.000  0.000  0.000  0.000  0.001  0.000  0.000  0.000               9966952               6474467         100           0       0.000      99.000     202.681        2987135337   1215      0     37          44   1215
     GPU 0  1.000  0.000  0.000  0.000  0.001  0.000  0.000  0.000               9966952               6474467         100           0       0.000      99.000     202.681        2987135337   1215      0     37          44   1215
     GPU 0  1.000  0.935  0.745  0.000  0.002  0.000  0.618  0.000               6690338               4961721         100           0       0.000      99.000     202.383        2987135337   1215      0     37          44   1215

# Entity  GRACT  SMACT  SMOCC  TENSO  DRAMA  FP64A  FP32A  FP16A                 PCITX                 PCIRX       GPUTL       MCUTL       MUSAM       GUSAM       POWER             TOTEC  SACLK  PSTAT  TMPTR       MMTMP  SMCLK
      Id                                                                                                                                                               W                mJ                    C           C       
     GPU 0  1.000  0.940  0.759  0.000  0.002  0.000  0.608  0.000              10922696               7680848         100           0       0.000      99.000     202.383        2987156097   1215      0     37          44   1215
     GPU 0  1.000  0.000  0.000  0.000  0.001  0.000  0.000  0.000               3828316               1442621         100           0       0.000      99.000     202.383        2987156097   1215      0     37          44   1215
     GPU 0  1.000  0.941  0.749  0.000  0.001  0.000  0.622  0.000               4118350               1325785         100           0       0.000      99.000     202.383        2987156097   1215      0     37          44   1215
     GPU 0  1.000  0.941  0.749  0.000  0.001  0.000  0.622  0.000               4118350               1325785         100           0       0.000      99.000     202.383        2987156097   1215      0     37          44   1215
     GPU 0  1.000  0.941  0.749  0.000  0.001  0.000  0.622  0.000               4118350               1325785         100           0       0.000      99.000     202.383        2987156097   1215      0     37          44   1215
     GPU 0  1.000  0.941  0.749  0.000  0.001  0.000  0.622  0.000               4118350               1325785         100           0       0.000      99.000     202.383        2987156097   1215      0     37          44   1215
     GPU 0  1.000  0.000  0.000  0.000  0.001  0.000  0.000  0.000               1255808               1172087         100           0       0.000      99.000     203.509        2987176636   1215      0     37          44   1215
     GPU 0  1.000  0.933  0.731  0.000  0.002  0.000  0.596  0.000              11653696               8288472         100           0       0.000      99.000     203.509        2987176636   1215      0     37          44   1215
     GPU 0  1.000  0.933  0.747  0.000  0.002  0.000  0.618  0.000              10398503               8089199         100           0       0.000      99.000     203.509        2987176636   1215      0     37          44   1215
     GPU 0  1.000  0.933  0.747  0.000  0.002  0.000  0.618  0.000              10398503               8089199         100           0       0.000      99.000     203.509        2987176636   1215      0     37          44   1215
     GPU 0  1.000  0.000  0.000  0.000  0.001  0.000  0.000  0.000               8995586               6913367         100           0       0.000      99.000     203.509        2987197520   1215      0     37          44   1215
     GPU 0  1.000  0.934  0.741  0.000  0.001  0.000  0.617  0.000               9694015               7133640         100           0       0.000      99.000     203.509        2987197520   1215      0     37          44   1215
     GPU 0  1.000  0.937  0.736  0.000  0.001  0.000  0.616  0.000              10527726               8166469         100           0       0.000      99.000     203.509        2987197520   1215      0     37          44   1215
     GPU 0  1.000  0.000  0.000  0.000  0.001  0.000  0.000  0.000               4935194               4518020         100           0       0.000      99.000     203.509        2987197520   1215      0     37          44   1215

# Entity  GRACT  SMACT  SMOCC  TENSO  DRAMA  FP64A  FP32A  FP16A                 PCITX                 PCIRX       GPUTL       MCUTL       MUSAM       GUSAM       POWER             TOTEC  SACLK  PSTAT  TMPTR       MMTMP  SMCLK
      Id                                                                                                                                                               W                mJ                    C           C       
     GPU 0  1.000  0.936  0.745  0.000  0.001  0.000  0.618  0.000               3657282               1984282         100           0       0.000      99.000     203.509        2987197520   1215      0     37          44   1215
     GPU 0  1.000  0.891  0.689  0.000  0.001  0.000  0.577  0.000               3339403               1274650         100           0       0.000      99.000     202.439        2987217659   1215      0     37          44   1215
     GPU 0  1.000  0.891  0.689  0.000  0.001  0.000  0.577  0.000               3339403               1274650         100           0       0.000      99.000     202.439        2987217659   1215      0     37          44   1215
     GPU 0  1.000  0.000  0.000  0.000  0.001  0.000  0.000  0.000               5248489               3269547         100           0       0.000      99.000     202.439        2987217659   1215      0     37          44   1215
     GPU 0  1.000  0.940  0.750  0.000  0.001  0.000  0.622  0.000               8632798               5512837         100           0       0.000      99.000     202.439        2987217659   1215      0     37          44   1215
     GPU 0  1.000  0.940  0.750  0.000  0.001  0.000  0.622  0.000               8632798               5512837         100           0       0.000      99.000     202.439        2987217659   1215      0     37          44   1215
     GPU 0  1.000  0.934  0.736  0.000  0.001  0.000  0.614  0.000              11308646               7868778         100           0       0.000      99.000     202.681        2987238209   1215      0     37          44   1215
     GPU 0  1.000  0.000  0.000  0.000  0.002  0.000  0.000  0.000               3381457               1859127         100           0       0.000      99.000     202.681        2987238209   1215      0     37          44   1215
     GPU 0  1.000  0.941  0.751  0.000  0.002  0.000  0.603  0.000              13384799               9858099         100           0       0.000      99.000     202.681        2987238209   1215      0     37          44   1215
     GPU 0  1.000  0.936  0.757  0.000  0.002  0.000  0.620  0.000              13726940               9618558         100           0       0.000      99.000     202.681        2987238209   1215      0     37          44   1215
     GPU 0  1.000  0.000  0.000  0.000  0.001  0.000  0.000  0.000               7704569               6113308         100           0       0.000      99.000     202.681        2987238209   1215      0     37          44   1215
     GPU 0  1.000  0.939  0.758  0.000  0.001  0.000  0.618  0.000               3465276               1643298         100           0       0.000      99.000     202.681        2987258675   1215      0     37          44   1215
     GPU 0  1.000  0.939  0.758  0.000  0.001  0.000  0.618  0.000               3465276               1643298         100           0       0.000      99.000     202.681        2987258675   1215      0     37          44   1215
     GPU 0  1.000  0.937  0.761  0.000  0.001  0.000  0.623  0.000               3423721               1284941         100           0       0.000      99.000     202.681        2987258675   1215      0     37          45   1215

# Entity  GRACT  SMACT  SMOCC  TENSO  DRAMA  FP64A  FP32A  FP16A                 PCITX                 PCIRX       GPUTL       MCUTL       MUSAM       GUSAM       POWER             TOTEC  SACLK  PSTAT  TMPTR       MMTMP  SMCLK
      Id                                                                                                                                                               W                mJ                    C           C       
     GPU 0  1.000  0.000  0.000  0.000  0.002  0.000  0.000  0.000               6120954               4231824         100           0       0.000      99.000     202.681        2987258675   1215      0     37          45   1215
     GPU 0  1.000  0.937  0.740  0.000  0.002  0.000  0.604  0.000               8305566               6395000         100           0       0.000      99.000     203.206        2987258675   1215      0     37          45   1215
     GPU 0  1.000  0.939  0.751  0.000  0.002  0.000  0.621  0.000               9136199               6865260         100           0       0.000      99.000     203.206        2987279206   1215      0     37          45   1215
     GPU 0  1.000  0.939  0.751  0.000  0.002  0.000  0.621  0.000               9136199               6865260         100           0       0.000      99.000     203.206        2987279206   1215      0     37          44   1215
     GPU 0  1.000  0.000  0.000  0.000  0.002  0.000  0.000  0.000               7558330               5268495         100           0       0.000      99.000     203.206        2987279206   1215      0     37          44   1215
     GPU 0  0.000  0.000  0.000  0.000  0.001  0.000  0.000  0.000            2582139250               1080031          99           0       0.000      99.000     203.206        2987279206   1215      0     37          45   1215
     GPU 0  0.000  0.000  0.000  0.000  0.000  0.000  0.000  0.000               1613862                 82365          99           0       0.000      99.000     203.206        2987279206   1215      0     36          44   1215
     GPU 0  0.000  0.000  0.000  0.000  0.000  0.000  0.000  0.000               4937637               2277916          99           0       0.000      99.000      96.022        2987295194   1215      0     34          45   1215
     GPU 0  0.000  0.000  0.000  0.000  0.000  0.000  0.000  0.000               4937637               2277916          99           0       0.000      99.000      96.022        2987295194   1215      0     34          44   1215
     GPU 0  0.000  0.000  0.000  0.000  0.000  0.000  0.000  0.000               5147443               2120415          99           0       0.000      99.000      96.022        2987295194   1215      0     34          44   1215
     GPU 0  0.000  0.000  0.000  0.000  0.000  0.000  0.000  0.000               4922251               2307400          99           0       0.000      99.000      96.022        2987295194   1215      0     33          44   1215
     GPU 0  0.000  0.000  0.000  0.000  0.000  0.000  0.000  0.000               7324284               4284944          99           0       0.000      99.000      96.022        2987295194   1215      0     33          45   1215
     GPU 0  0.000  0.000  0.000  0.000  0.000  0.000  0.000  0.000               9941999               6086101          99           0       0.000      99.000      93.586        2987304868   1215      0     32          45   1215
     GPU 0  0.000  0.000  0.000  0.000  0.000  0.000  0.000  0.000              11351880               5978499          99           0       0.000      99.000      93.586        2987304868   1215      0     32          44   1215

# Entity  GRACT  SMACT  SMOCC  TENSO  DRAMA  FP64A  FP32A  FP16A                 PCITX                 PCIRX       GPUTL       MCUTL       MUSAM       GUSAM       POWER             TOTEC  SACLK  PSTAT  TMPTR       MMTMP  SMCLK
      Id                                                                                                                                                               W                mJ                    C           C       
     GPU 0  0.000  0.000  0.000  0.000  0.000  0.000  0.000  0.000              10145135               6600526          99           0       0.000      99.000      93.586        2987304868   1215      0     32          44   1215
     GPU 0  0.000  0.000  0.000  0.000  0.000  0.000  0.000  0.000              10141119               6327516           1           0       0.000       0.000      93.586        2987304868   1215      0     32          44   1215
     GPU 0  0.000  0.000  0.000  0.000  0.000  0.000  0.000  0.000              10141119               6327516           1           0       0.000       0.000      93.586        2987304868   1215      0     32          44   1215
     GPU 0  0.000  0.000  0.000  0.000  0.000  0.000  0.000  0.000              10805063               7099331           1           0       0.000       0.000      93.586        2987314157   1215      0     32          44   1215
     GPU 0  0.000  0.000  0.000  0.000  0.000  0.000  0.000  0.000              10797940               7049398           1           0       0.000       0.000      93.586        2987314157   1215      0     32          44   1215
     GPU 0  0.000  0.000  0.000  0.000  0.000  0.000  0.000  0.000              10457602               6881581           1           0       0.000       0.000      93.586        2987314157   1215      0     32          44   1215
     GPU 0  0.000  0.000  0.000  0.000  0.000  0.000  0.000  0.000              10709452               6532976           1           0       0.000       0.000      93.586        2987314157   1215      0     31          44   1215
     GPU 0  0.000  0.000  0.000  0.000  0.000  0.000  0.000  0.000              11884591               6684551           1           0       0.000       0.000      93.586        2987314157   1215      0     31          44   1215
     GPU 0  0.000  0.000  0.000  0.000  0.000  0.000  0.000  0.000              11884591               6684551           1           0       0.000       0.000      93.295        2987323685   1215      0     31          44   1215
     GPU 0  0.000  0.000  0.000  0.000  0.000  0.000  0.000  0.000               9193189               4934099           1           0       0.000       0.000      93.295        2987323685   1215      0     31          44   1215
     GPU 0  0.000  0.000  0.000  0.000  0.000  0.000  0.000  0.000               4929651               3651825           1           0       0.000       0.000      93.295        2987323685   1215      0     31          44   1215
     GPU 0  0.000  0.000  0.000  0.000  0.000  0.000  0.000  0.000               4929651               3651825           1           0       0.000       0.000      93.295        2987323685   1215      0     31          44   1215
     GPU 0  0.000  0.000  0.000  0.000  0.000  0.000  0.000  0.000               4929651               3651825           1           0       0.000       0.000      93.295        2987323685   1215      0     31          44   1215
     GPU 0  0.000  0.000  0.000  0.000  0.000  0.000  0.000  0.000               4929651               3651825           1           0       0.000       0.000      93.295        2987323685   1215      0     31          44   1215

# Entity  GRACT  SMACT  SMOCC  TENSO  DRAMA  FP64A  FP32A  FP16A                 PCITX                 PCIRX       GPUTL       MCUTL       MUSAM       GUSAM       POWER             TOTEC  SACLK  PSTAT  TMPTR       MMTMP  SMCLK
      Id                                                                                                                                                               W                mJ                    C           C       
     GPU 0  0.000  0.000  0.000  0.000  0.000  0.000  0.000  0.000               1256018                 83734           0           0       0.000       0.000      92.998        2987333236   1215      0     31          44   1215
     GPU 0  0.000  0.000  0.000  0.000  0.000  0.000  0.000  0.000               1256018                 83734           0           0       0.000       0.000      92.998        2987333236   1215      0     31          44   1215
     GPU 0  0.000  0.000  0.000  0.000  0.000  0.000  0.000  0.000               7456354               4398946           0           0       0.000       0.000      92.998        2987333236   1215      0     31          44   1215
     GPU 0  0.000  0.000  0.000  0.000  0.000  0.000  0.000  0.000               9810042               6012924           0           0       0.000       0.000      92.998        2987333236   1215      0     31          44   1215
     GPU 0  0.005  0.000  0.000  0.000  0.000  0.000  0.000  0.000               5385312               9355506           0           0       0.000       0.000      93.586        2987342643   1215      0     31          44   1215
     GPU 0  0.005  0.000  0.000  0.000  0.000  0.000  0.000  0.000               5385312               9355506           0           0       0.000       0.000      93.586        2987342643   1215      0     31          44   1215
     GPU 0  0.000  0.000  0.000  0.000  0.000  0.000  0.000  0.000              10457237              10172686           0           0       0.000       0.000      93.586        2987342643   1215      0     31          44   1215
     GPU 0  0.000  0.000  0.000  0.000  0.000  0.000  0.000  0.000              10457237              10172686           0           0       0.000       0.000      93.586        2987342643   1215      0     30          44   1215
     GPU 0  0.000  0.000  0.000  0.000  0.000  0.000  0.000  0.000              10457237              10172686           0           0       0.000       0.000      93.586        2987342643   1215      0     30          44   1215
     GPU 0  0.000  0.000  0.000  0.000  0.000  0.000  0.000  0.000              10457237              10172686           0           0       0.000       0.000      93.586        2987342643   1215      0     30          44   1215
     GPU 0  0.000  0.000  0.000  0.000  0.000  0.000  0.000  0.000              10457237              10172686           6           0       0.000       0.000      93.586        2987352268   1215      0     30          44   1215
     GPU 0  0.000  0.000  0.000  0.000  0.010  0.000  0.000  0.000              11241801               8978094           6           0       0.000       0.000      93.586        2987352268   1215      0     30          44   1215
     GPU 0  0.000  0.000  0.000  0.000  0.010  0.000  0.000  0.000              11241801               8978094           6           0       0.000       0.000      93.586        2987352268   1215      0     30          44   1215
     GPU 0  0.000  0.000  0.000  0.000  0.000  0.000  0.000  0.000               9710734              26804837           6           0       0.000       0.000      93.586        2987352268   1215      0     30          44   1215

# Entity  GRACT  SMACT  SMOCC  TENSO  DRAMA  FP64A  FP32A  FP16A                 PCITX                 PCIRX       GPUTL       MCUTL       MUSAM       GUSAM       POWER             TOTEC  SACLK  PSTAT  TMPTR       MMTMP  SMCLK
      Id                                                                                                                                                               W                mJ                    C           C       
     GPU 0  0.000  0.000  0.000  0.000  0.000  0.000  0.000  0.000               2142143               4449067           6           0       0.000       0.000      93.586        2987352268   1215      0     30          45   1215
     GPU 0  0.000  0.000  0.000  0.000  0.000  0.000  0.000  0.000               3488245               5730688           6           0       0.000       0.000      93.586        2987361685   1215      0     30          45   1215
     GPU 0  0.000  0.000  0.000  0.000  0.000  0.000  0.000  0.000               6830429               5481539           6           0       0.000       0.000      93.586        2987361685   1215      0     30          44   1215
     GPU 0  0.000  0.000  0.000  0.000  0.000  0.000  0.000  0.000               4943695               1781517           1           0       0.000       0.000      93.586        2987361685   1215      0     30          44   1215
     GPU 0  0.000  0.000  0.000  0.000  0.000  0.000  0.000  0.000               4943695               1781517           1           0       0.000       0.000      93.586        2987361685   1215      0     30          44   1215
     GPU 0  0.000  0.000  0.000  0.000  0.000  0.000  0.000  0.000               4463148               1937709           1           0       0.000       0.000      93.295        2987371148   1215      0     30          44   1215
     GPU 0  0.000  0.000  0.000  0.000  0.000  0.000  0.000  0.000               6853976               3748148           1           0       0.000       0.000      93.295        2987371148   1215      0     30          44   1215
     GPU 0  0.000  0.000  0.000  0.000  0.000  0.000  0.000  0.000               8344298               4981574           1           0       0.000       0.000      93.295        2987371148   1215      0     30          44   1215
     GPU 0  0.000  0.000  0.000  0.000  0.000  0.000  0.000  0.000              10936027               6725210           1           0       0.000       0.000      93.295        2987371148   1215      0     30          44   1215
     GPU 0  0.000  0.000  0.000  0.000  0.000  0.000  0.000  0.000              10936027               6725210           1           0       0.000       0.000      93.295        2987371148   1215      0     30          44   1215
     GPU 0  0.000  0.000  0.000  0.000  0.000  0.000  0.000  0.000               8495864               5657800           1           0       0.000       0.000      93.295        2987371148   1215      0     30          44   1215
     GPU 0  0.000  0.000  0.000  0.000  0.000  0.000  0.000  0.000              11010516               5864552           1           0       0.000       0.000      93.295        2987380615   1215      0     30          44   1215
     GPU 0  0.000  0.000  0.000  0.000  0.000  0.000  0.000  0.000              10521968               6884449           1           0       0.000       0.000      93.295        2987380615   1215      0     30          44   1215
     GPU 0  0.000  0.000  0.000  0.000  0.000  0.000  0.000  0.000               7582286               5236301           0           0       0.000       0.000      93.295        2987380615   1215      0     30          44   1215

# Entity  GRACT  SMACT  SMOCC  TENSO  DRAMA  FP64A  FP32A  FP16A                 PCITX                 PCIRX       GPUTL       MCUTL       MUSAM       GUSAM       POWER             TOTEC  SACLK  PSTAT  TMPTR       MMTMP  SMCLK
      Id                                                                                                                                                               W                mJ                    C           C       
     GPU 0  0.000  0.000  0.000  0.000  0.000  0.000  0.000  0.000               7761921               5328997           0           0       0.000       0.000      93.295        2987380615   1215      0     30          44   1215
     GPU 0  0.000  0.000  0.000  0.000  0.000  0.000  0.000  0.000              10603438               7071229           0           0       0.000       0.000      93.295        2987390085   1215      0     30          44   1215
     GPU 0  0.000  0.000  0.000  0.000  0.000  0.000  0.000  0.000               9960937               6290355           0           0       0.000       0.000      93.295        2987390085   1215      0     30          44   1215
     GPU 0  0.000  0.000  0.000  0.000  0.000  0.000  0.000  0.000               9960937               6290355           0           0       0.000       0.000      93.295        2987390085   1215      0     30          44   1215
     GPU 0  0.000  0.000  0.000  0.000  0.000  0.000  0.000  0.000              10950396               7129631           0           0       0.000       0.000      93.295        2987390085   1215      0     30          44   1215
     GPU 0  0.000  0.000  0.000  0.000  0.000  0.000  0.000  0.000               6024511               3032668           0           0       0.000       0.000      93.295        2987390085   1215      0     30          45   1215
     GPU 0  0.000  0.000  0.000  0.000  0.000  0.000  0.000  0.000               3303376                125747           0           0       0.000       0.000      93.295        2987390085   1215      0     30          44   1215
     GPU 0  0.000  0.000  0.000  0.000  0.000  0.000  0.000  0.000               7763287               2855371           0           0       0.000       0.000      93.295        2987399475   1215      0     30          45   1215
     GPU 0  0.000  0.000  0.000  0.000  0.000  0.000  0.000  0.000               7763287               2855371           0           0       0.000       0.000      93.295        2987399475   1215      0     30          44   1215
     GPU 0  0.000  0.000  0.000  0.000  0.000  0.000  0.000  0.000               4491468               2071713           0           0       0.000       0.000      93.295        2987399475   1215      0     30          44   1215
     GPU 0  0.000  0.000  0.000  0.000  0.000  0.000  0.000  0.000               8165503               4847580           0           0       0.000       0.000      93.295        2987399475   1215      0     30          44   1215
     GPU 0  0.000  0.000  0.000  0.000  0.000  0.000  0.000  0.000               4865453               3056083           0           0       0.000       0.000      93.295        2987408913   1215      0     30          44   1215
     GPU 0  0.000  0.000  0.000  0.000  0.000  0.000  0.000  0.000               4865453               3056083           0           0       0.000       0.000      93.295        2987408913   1215      0     30          44   1215
     GPU 0  0.000  0.000  0.000  0.000  0.000  0.000  0.000  0.000               8499963               5736257           0           0       0.000       0.000      93.295        2987408913   1215      0     30          44   1215

# Entity  GRACT  SMACT  SMOCC  TENSO  DRAMA  FP64A  FP32A  FP16A                 PCITX                 PCIRX       GPUTL       MCUTL       MUSAM       GUSAM       POWER             TOTEC  SACLK  PSTAT  TMPTR       MMTMP  SMCLK
      Id                                                                                                                                                               W                mJ                    C           C       
     GPU 0  0.000  0.000  0.000  0.000  0.000  0.000  0.000  0.000               3663930               2028900           0           0       0.000       0.000      93.295        2987408913   1215      0     30          44   1215
     GPU 0  0.000  0.000  0.000  0.000  0.000  0.000  0.000  0.000               3259571                275124           0           0       0.000       0.000      93.295        2987408913   1215      0     30          45   1215
     GPU 0  0.000  0.000  0.000  0.000  0.000  0.000  0.000  0.000               7007605               2603578           0           0       0.000       0.000      93.295        2987408913   1215      0     30          44   1215
     GPU 0  0.000  0.000  0.000  0.000  0.000  0.000  0.000  0.000               8143674               3035594           0           0       0.000       0.000      93.295        2987418397   1215      0     29          44   1215
     GPU 0  0.000  0.000  0.000  0.000  0.000  0.000  0.000  0.000               8143674               3035594           0           0       0.000       0.000      93.295        2987418397   1215      0     29          44   1215
     GPU 0  0.000  0.000  0.000  0.000  0.000  0.000  0.000  0.000               4163101               1937746           0           0       0.000       0.000      93.295        2987418397   1215      0     29          45   1215
     GPU 0  0.000  0.000  0.000  0.000  0.000  0.000  0.000  0.000               6866071               3791105           0           0       0.000       0.000      93.295        2987418397   1215      0     29          45   1215
     GPU 0  0.000  0.000  0.000  0.000  0.000  0.000  0.000  0.000               9342079               6232801           0           0       0.000       0.000      93.295        2987427782   1215      0     29          44   1215
     GPU 0  0.000  0.000  0.000  0.000  0.000  0.000  0.000  0.000              10843819               7085925           0           0       0.000       0.000      93.295        2987427782   1215      0     29          45   1215
     GPU 0  0.000  0.000  0.000  0.000  0.000  0.000  0.000  0.000              10843819               7085925           0           0       0.000       0.000      93.295        2987427782   1215      0     29          45   1215
     GPU 0  0.000  0.000  0.000  0.000  0.000  0.000  0.000  0.000               3892858               2636598           0           0       0.000       0.000      93.295        2987427782   1215      0     29          44   1215
     GPU 0  0.000  0.000  0.000  0.000  0.000  0.000  0.000  0.000               5860246               4575299           0           0       0.000       0.000      93.295        2987427782   1215      0     29          44   1215
     GPU 0  0.000  0.000  0.000  0.000  0.000  0.000  0.000  0.000               3068864                275178           0           0       0.000       0.000      93.295        2987427782   1215      0     29          44   1215
     GPU 0  0.000  0.000  0.000  0.000  0.000  0.000  0.000  0.000               3068864                275178           0           0       0.000       0.000      93.295        2987437308   1215      0     29          44   1215

# Entity  GRACT  SMACT  SMOCC  TENSO  DRAMA  FP64A  FP32A  FP16A                 PCITX                 PCIRX       GPUTL       MCUTL       MUSAM       GUSAM       POWER             TOTEC  SACLK  PSTAT  TMPTR       MMTMP  SMCLK
      Id                                                                                                                                                               W                mJ                    C           C       
     GPU 0  0.000  0.000  0.000  0.000  0.000  0.000  0.000  0.000               8097641               3886095           0           0       0.000       0.000      93.295        2987437308   1215      0     29          44   1215
     GPU 0  0.000  0.000  0.000  0.000  0.000  0.000  0.000  0.000              10361705               6871222           0           0       0.000       0.000      93.295        2987437308   1215      0     29          45   1215
     GPU 0  0.000  0.000  0.000  0.000  0.000  0.000  0.000  0.000               7291585               4587429           0           0       0.000       0.000      93.295        2987437308   1215      0     29          45   1215
     GPU 0  0.000  0.000  0.000  0.000  0.000  0.000  0.000  0.000               7795281               5406130           0           0       0.000       0.000      93.295        2987446675   1215      0     29          45   1215
     GPU 0  0.000  0.000  0.000  0.000  0.000  0.000  0.000  0.000               7795281               5406130           0           0       0.000       0.000      93.295        2987446675   1215      0     29          45   1215
     GPU 0  0.000  0.000  0.000  0.000  0.000  0.000  0.000  0.000               5276628               3023303           0           0       0.000       0.000      93.295        2987446675   1215      0     29          44   1215
     GPU 0  0.000  0.000  0.000  0.000  0.000  0.000  0.000  0.000              11207708               6877967           0           0       0.000       0.000      93.295        2987446675   1215      0     29          45   1215
     GPU 0  0.000  0.000  0.000  0.000  0.000  0.000  0.000  0.000              11598389               7746013           0           0       0.000       0.000      93.295        2987446675   1215      0     29          44   1215
     GPU 0  0.000  0.000  0.000  0.000  0.000  0.000  0.000  0.000               4699373               3375448           0           0       0.000       0.000      93.295        2987446675   1215      0     29          44   1215
     GPU 0  0.000  0.000  0.000  0.000  0.000  0.000  0.000  0.000               4699373               3375448           0           0       0.000       0.000      93.295        2987456125   1215      0     29          45   1215
     GPU 0  0.000  0.000  0.000  0.000  0.000  0.000  0.000  0.000               7839903               3432849           0           0       0.000       0.000      93.295        2987456125   1215      0     29          45   1215
     GPU 0  0.000  0.000  0.000  0.000  0.000  0.000  0.000  0.000               9925779               5442435           0           0       0.000       0.000      93.295        2987456125   1215      0     29          45   1215
     GPU 0  0.000  0.000  0.000  0.000  0.000  0.000  0.000  0.000              12599705               7476757           0           0       0.000       0.000      93.295        2987456125   1215      0     29          44   1215
     GPU 0  0.000  0.000  0.000  0.000  0.000  0.000  0.000  0.000               6890251               4507364           0           0       0.000       0.000      93.295        2987465500   1215      0     29          44   1215

# Entity  GRACT  SMACT  SMOCC  TENSO  DRAMA  FP64A  FP32A  FP16A                 PCITX                 PCIRX       GPUTL       MCUTL       MUSAM       GUSAM       POWER             TOTEC  SACLK  PSTAT  TMPTR       MMTMP  SMCLK
      Id                                                                                                                                                               W                mJ                    C           C       
     GPU 0  0.000  0.000  0.000  0.000  0.000  0.000  0.000  0.000               6890251               4507364           0           0       0.000       0.000      93.295        2987465500   1215      0     29          44   1215
     GPU 0  0.000  0.000  0.000  0.000  0.000  0.000  0.000  0.000               8940166               5437104           0           0       0.000       0.000      93.295        2987465500   1215      0     29          45   1215
     GPU 0  0.000  0.000  0.000  0.000  0.000  0.000  0.000  0.000               7829971               5066387           0           0       0.000       0.000      93.295        2987465500   1215      0     29          44   1215
     GPU 0  0.000  0.000  0.000  0.000  0.000  0.000  0.000  0.000               3025848                275077           0           0       0.000       0.000      93.295        2987465500   1215      0     29          45   1215
     GPU 0  0.000  0.000  0.000  0.000  0.000  0.000  0.000  0.000               3192813                275030           0           0       0.000       0.000      92.998        2987465500   1215      0     29          45   1215
