# Entity  GRACT  SMACT  SMOCC  TENSO  DRAMA  FP64A  FP32A  FP16A                 PCITX                 PCIRX       GPUTL       MCUTL       MUSAM       GUSAM       POWER             TOTEC  SACLK  PSTAT  TMPTR       MMTMP  SMCLK
      Id                                                                                                                                                               W                mJ                    C           C       
     GPU 0  0.000  0.000  0.000  0.000  0.000  0.000  0.000  0.000             119484046              10862186           0           0       0.000       0.000      76.729        4445616736   1110      0     27          44    210
     GPU 0  0.000  0.000  0.000  0.000  0.000  0.000  0.000  0.000               9010292               4981653           0           0       0.000       0.000      78.092        4445616736   1110      0     27          43    210
     GPU 0  0.000  0.000  0.000  0.000  0.000  0.000  0.000  0.000               9010292               4981653           0           0       0.000       0.000      78.092        4445624491   1110      0     27          43    210
     GPU 0  0.000  0.000  0.000  0.000  0.000  0.000  0.000  0.000               9623366               6476376           0           0       0.000       0.000      78.092        4445624491   1110      0     27          43    210
     GPU 0  0.000  0.000  0.000  0.000  0.000  0.000  0.000  0.000               6057196               3258252           0           0       0.000       0.000      78.092        4445624491   1110      0     27          43    210
     GPU 0  0.000  0.000  0.000  0.000  0.000  0.000  0.000  0.000               4806170               2800124           0           0       0.000       0.000      78.092        4445624491   1110      0     27          43    210
     GPU 0  0.000  0.000  0.000  0.000  0.000  0.000  0.000  0.000               4806170               2800124           0           0       0.000       0.000      78.092        4445632388   1110      0     27          43    210
     GPU 0  0.000  0.000  0.000  0.000  0.000  0.000  0.000  0.000               2237264               1167473           0           0       0.000       0.000      78.092        4445632388   1110      0     27          43    210
     GPU 0  0.000  0.000  0.000  0.000  0.000  0.000  0.000  0.000               3750713                441615           0           0       0.000       0.000      78.092        4445632388   1110      0     27          43    210
     GPU 0  0.000  0.000  0.000  0.000  0.000  0.000  0.000  0.000               5176509               1643929           0           0       0.000       0.000      78.092        4445632388   1110      0     27          43    210
     GPU 0  0.000  0.000  0.000  0.000  0.000  0.000  0.000  0.000               4369927               1882225           0           0       0.000       0.000      78.092        4445632388   1110      0     27          43    210
     GPU 0  0.000  0.000  0.000  0.000  0.000  0.000  0.000  0.000               6355281               3313479           0           0       0.000       0.000      78.092        4445632388   1110      0     27          43    210
     GPU 0  0.000  0.000  0.000  0.000  0.000  0.000  0.000  0.000               6355281               3313479           0           0       0.000       0.000      78.092        4445640317   1110      0     27          43    210
     GPU 0  0.000  0.000  0.000  0.000  0.000  0.000  0.000  0.000              10466811               4653194           0           0       0.000       0.000      78.092        4445640317   1110      0     27          43    210
     GPU 0  0.000  0.000  0.000  0.000  0.000  0.000  0.000  0.000               6260275               4302301           0           0       0.000       0.000      78.092        4445640317   1110      0     27          43    210

# Entity  GRACT  SMACT  SMOCC  TENSO  DRAMA  FP64A  FP32A  FP16A                 PCITX                 PCIRX       GPUTL       MCUTL       MUSAM       GUSAM       POWER             TOTEC  SACLK  PSTAT  TMPTR       MMTMP  SMCLK
      Id                                                                                                                                                               W                mJ                    C           C       
     GPU 0  0.000  0.000  0.000  0.000  0.000  0.000  0.000  0.000               6082827               4363151           0           0       0.000       0.000      78.092        4445640317   1110      0     27          43    210
     GPU 0  0.000  0.000  0.000  0.000  0.000  0.000  0.000  0.000               6082827               4363151           0           0       0.000       0.000      78.092        4445648175   1110      0     27          43    210
     GPU 0  0.000  0.000  0.000  0.000  0.000  0.000  0.000  0.000               5456674               3056583           0           0       0.000       0.000      78.092        4445648175   1110      0     27          43    210
     GPU 0  0.000  0.000  0.000  0.000  0.000  0.000  0.000  0.000               3382110                274862           0           0       0.000       0.000      78.092        4445648175   1110      0     27          43    210
     GPU 0  0.000  0.000  0.000  0.000  0.000  0.000  0.000  0.000               3721305                 41860           0           0       0.000       0.000      78.092        4445648175   1110      0     27          43    210
     GPU 0  0.000  0.000  0.000  0.000  0.000  0.000  0.000  0.000               4158611               1636582           0           0       0.000       0.000      78.092        4445648175   1110      0     27          43    210
     GPU 0  0.000  0.000  0.000  0.000  0.000  0.000  0.000  0.000               4158611               1636582           0           0       0.000       0.000      78.092        4445656078   1110      0     27          43    210
     GPU 0  0.000  0.000  0.000  0.000  0.000  0.000  0.000  0.000               9758855               9004052           0           0       0.000       0.000      78.383        4445656078   1110      0     27          43    210
     GPU 0  0.000  0.000  0.000  0.000  0.000  0.000  0.000  0.000               3818556               5644822           0           0       0.000       0.000      78.383        4445656078   1110      0     27          43    210
     GPU 0  0.000  0.000  0.000  0.000  0.000  0.000  0.000  0.000               5733511               4459397           0           0       0.000       0.000      78.383        4445656078   1110      0     27          43    210
     GPU 0  0.000  0.000  0.000  0.000  0.000  0.000  0.000  0.000               5733511               4459397           0           0       0.000       0.000      78.383        4445656078   1110      0     27          43    210
     GPU 0  0.000  0.000  0.000  0.000  0.000  0.000  0.000  0.000               2344855              11319991           0           0       0.000       0.000      78.383        4445664087   1110      0     27          43    210
     GPU 0  0.000  0.000  0.000  0.000  0.000  0.000  0.000  0.000              12083398              20139327           0           0       0.000       0.000      78.383        4445664087   1110      0     27          43    210
     GPU 0  0.000  0.000  0.000  0.000  0.000  0.000  0.000  0.000               8713791               6924352           0           0       0.000       0.000      78.383        4445664087   1110      0     27          43    210

# Entity  GRACT  SMACT  SMOCC  TENSO  DRAMA  FP64A  FP32A  FP16A                 PCITX                 PCIRX       GPUTL       MCUTL       MUSAM       GUSAM       POWER             TOTEC  SACLK  PSTAT  TMPTR       MMTMP  SMCLK
      Id                                                                                                                                                               W                mJ                    C           C       
     GPU 0  0.000  0.000  0.000  0.000  0.000  0.000  0.000  0.000               8713791               6924352           0           0       0.000       0.000      78.383        4445664087   1110      0     27          43    210
     GPU 0  0.000  0.000  0.000  0.000  0.000  0.000  0.000  0.000               5966393               4871855           0           0       0.000       0.000      78.383        4445664087   1110      0     27          43    210
     GPU 0  0.000  0.000  0.000  0.000  0.000  0.000  0.000  0.000               7332027               5157701           0           0       0.000       0.000      78.383        4445664087   1110      0     27          43    210
     GPU 0  0.000  0.000  0.000  0.000  0.000  0.000  0.000  0.000               7332027               5157701           0           0       0.000       0.000      78.383        4445671907   1110      0     27          43    210
     GPU 0  0.000  0.000  0.000  0.000  0.000  0.000  0.000  0.000                984455                562545           0           0       0.000       0.000      78.383        4445671907   1110      0     27          43    210
     GPU 0  0.000  0.000  0.000  0.000  0.000  0.000  0.000  0.000               1919846               2838033           0           0       0.000       0.000      78.383        4445671907   1110      0     27          43    210
     GPU 0  0.000  0.000  0.000  0.000  0.000  0.000  0.000  0.000              11343713               7274772           0           0       0.000       0.000      78.383        4445671907   1110      0     27          43    210
     GPU 0  0.000  0.000  0.000  0.000  0.000  0.000  0.000  0.000              11343713               7274772           0           0       0.000       0.000      78.383        4445671907   1110      0     27          43    210
     GPU 0  0.000  0.000  0.000  0.000  0.000  0.000  0.000  0.000              11343713               7274772           0           0       0.000       0.000      78.383        4445679806   1110      0     27          43    210
     GPU 0  0.000  0.000  0.000  0.000  0.000  0.000  0.000  0.000              10261238               6005568           0           0       0.000       0.000      78.383        4445679806   1110      0     27          44    210
     GPU 0  0.000  0.000  0.000  0.000  0.000  0.000  0.000  0.000              10261238               6005568           0           0       0.000       0.000      78.383        4445679806   1110      0     27          44    210
     GPU 0  0.000  0.000  0.000  0.000  0.000  0.000  0.000  0.000              10261238               6005568           0           0       0.000       0.000      78.383        4445679806   1110      0     27          43    210
     GPU 0  0.000  0.000  0.000  0.000  0.000  0.000  0.000  0.000               9554986               6615403           0           0       0.000       0.000      78.092        4445687719   1110      0     27          44    210
     GPU 0  0.000  0.000  0.000  0.000  0.000  0.000  0.000  0.000               9554986               6615403           0           0       0.000       0.000      78.092        4445687719   1110      0     27          44    210

# Entity  GRACT  SMACT  SMOCC  TENSO  DRAMA  FP64A  FP32A  FP16A                 PCITX                 PCIRX       GPUTL       MCUTL       MUSAM       GUSAM       POWER             TOTEC  SACLK  PSTAT  TMPTR       MMTMP  SMCLK
      Id                                                                                                                                                               W                mJ                    C           C       
     GPU 0  0.000  0.000  0.000  0.000  0.000  0.000  0.000  0.000              10299471              12267523           0           0       0.000       0.000      78.092        4445687719   1110      0     27          43    210
     GPU 0  0.000  0.000  0.000  0.000  0.000  0.000  0.000  0.000               5653044              21219398           0           0       0.000       0.000      78.092        4445687719   1110      0     27          43    210
     GPU 0  0.000  0.000  0.000  0.000  0.000  0.000  0.000  0.000               5653044              21219398           0           0       0.000       0.000      78.092        4445687719   1110      0     27          43    210
     GPU 0  0.000  0.000  0.000  0.000  0.000  0.000  0.000  0.000              10806209              14808082           0           0       0.000       0.000      78.383        4445695635   1110      0     27          43   1110
     GPU 0  0.077  0.000  0.000  0.000  0.000  0.000  0.000  0.000               5446965              17681687           0           0       0.000       2.000      78.383        4445695635   1110      0     27          43   1110
     GPU 0  0.005  0.000  0.000  0.000  0.000  0.000  0.000  0.000              19052174             108115919           3           0       0.000       2.000      78.383        4445695635   1110      0     27          43   1110
     GPU 0  0.014  0.000  0.000  0.000  0.001  0.000  0.000  0.000             369984098            3273048954           3           0       0.000       2.000      78.383        4445695635   1110      0     27          43   1110
     GPU 0  0.500  0.000  0.000  0.000  0.002  0.000  0.000  0.000             408378911            3587539972           3           0       0.000       2.000      78.383        4445695635   1110      0     27          43   1110
     GPU 0  1.000  0.946  0.757  0.000  0.001  0.000  0.627  0.000              10181249               6969357           3           0       0.000       2.000      78.383        4445695635   1110      0     29          43   1110
     GPU 0  1.000  0.946  0.757  0.000  0.001  0.000  0.627  0.000              10181249               6969357           3           0       0.000       2.000     164.423        4445706093   1110      0     29          43   1110
     GPU 0  1.000  0.000  0.000  0.000  0.002  0.000  0.000  0.000              11021047               7264927           3           0       0.000       2.000     164.423        4445706093   1110      0     30          44   1110
     GPU 0  1.000  0.930  0.730  0.000  0.001  0.000  0.614  0.000              11762754               7349620           3           0       0.000       2.000     164.423        4445706093   1110      0     30          44   1110
     GPU 0  1.000  0.940  0.737  0.000  0.001  0.000  0.616  0.000               2626954               2710953           3           0       0.000       2.000     164.423        4445706093   1110      0     30          44   1110
     GPU 0  1.000  0.940  0.737  0.000  0.001  0.000  0.616  0.000               2626954               2710953           3           0       0.000       2.000     174.203        4445723647   1110      0     31          44   1110

# Entity  GRACT  SMACT  SMOCC  TENSO  DRAMA  FP64A  FP32A  FP16A                 PCITX                 PCIRX       GPUTL       MCUTL       MUSAM       GUSAM       POWER             TOTEC  SACLK  PSTAT  TMPTR       MMTMP  SMCLK
      Id                                                                                                                                                               W                mJ                    C           C       
     GPU 0  1.000  0.000  0.000  0.000  0.001  0.000  0.000  0.000               9545742               7095537           3           0       0.000       2.000     174.203        4445723647   1110      0     31          44   1110
     GPU 0  1.000  0.943  0.770  0.000  0.001  0.000  0.627  0.000              10426971               6066108          78           0       0.000      78.000     174.203        4445723647   1110      0     31          44   1110
     GPU 0  1.000  0.936  0.735  0.000  0.001  0.000  0.599  0.000               6746438               5793657          78           0       0.000      78.000     174.203        4445723647   1110      0     31          44   1110
     GPU 0  1.000  0.000  0.000  0.000  0.001  0.000  0.000  0.000               3431368               1245234          78           0       0.000      78.000     174.203        4445723647   1110      0     31          44   1110
     GPU 0  1.000  0.945  0.759  0.000  0.001  0.000  0.627  0.000               1173776               1089935          78           0       0.000      78.000     174.203        4445723647   1110      0     31          44   1110
     GPU 0  1.000  0.000  0.000  0.000  0.002  0.000  0.000  0.000               1341536               1593074          78           0       0.000      78.000     174.742        4445741430   1110      0     32          44   1110
     GPU 0  1.000  0.000  0.000  0.000  0.002  0.000  0.000  0.000               1341536               1593074          78           0       0.000      78.000     174.742        4445741430   1110      0     32          44   1110
     GPU 0  1.000  0.946  0.766  0.000  0.001  0.000  0.621  0.000               2471861               2681368          78           0       0.000      78.000     174.742        4445741430   1110      0     32          44   1110
     GPU 0  1.000  0.000  0.000  0.000  0.001  0.000  0.000  0.000              10213337               7562073          78           0       0.000      78.000     174.742        4445741430   1110      0     32          44   1110
     GPU 0  1.000  0.942  0.767  0.000  0.002  0.000  0.626  0.000              10490880               8014235          78           0       0.000      78.000     174.742        4445741430   1110      0     32          44   1110
     GPU 0  1.000  0.945  0.744  0.000  0.001  0.000  0.626  0.000               9737354               7104904          78           0       0.000      78.000     174.452        4445759063   1110      0     32          44   1110
     GPU 0  1.000  0.000  0.000  0.000  0.001  0.000  0.000  0.000               9503047               6817444         100           0       0.000      99.000     174.452        4445759063   1110      0     32          44   1110
     GPU 0  1.000  0.936  0.739  0.000  0.001  0.000  0.607  0.000               5990082               5464687         100           0       0.000      99.000     174.452        4445759063   1110      0     32          44   1110
     GPU 0  1.000  0.936  0.739  0.000  0.001  0.000  0.607  0.000               5990082               5464687         100           0       0.000      99.000     174.452        4445759063   1110      0     32          44   1110

# Entity  GRACT  SMACT  SMOCC  TENSO  DRAMA  FP64A  FP32A  FP16A                 PCITX                 PCIRX       GPUTL       MCUTL       MUSAM       GUSAM       POWER             TOTEC  SACLK  PSTAT  TMPTR       MMTMP  SMCLK
      Id                                                                                                                                                               W                mJ                    C           C       
     GPU 0  1.000  0.935  0.752  0.000  0.002  0.000  0.617  0.000               3473950               1455425         100           0       0.000      99.000     174.742        4445759063   1110      0     32          44   1110
     GPU 0  1.000  0.000  0.000  0.000  0.001  0.000  0.000  0.000               3555606               1329114         100           0       0.000      99.000     174.742        4445777110   1110      0     33          44   1110
     GPU 0  1.000  0.948  0.748  0.000  0.001  0.000  0.628  0.000               3390457               1479243         100           0       0.000      99.000     174.742        4445777110   1110      0     33          44   1110
     GPU 0  1.000  0.931  0.729  0.000  0.001  0.000  0.613  0.000               2167843               1194503         100           0       0.000      99.000     174.742        4445777110   1110      0     33          44   1110
     GPU 0  1.000  0.000  0.000  0.000  0.001  0.000  0.000  0.000               4354121               3135361         100           0       0.000      99.000     174.742        4445777110   1110      0     33          44   1110
     GPU 0  1.000  0.941  0.749  0.000  0.002  0.000  0.623  0.000               6543784               4660227         100           0       0.000      99.000     174.742        4445777110   1110      0     33          44   1110
     GPU 0  1.000  0.941  0.749  0.000  0.002  0.000  0.623  0.000               6543784               4660227         100           0       0.000      99.000     175.274        4445794446   1110      0     33          44   1110
     GPU 0  1.000  0.940  0.736  0.000  0.001  0.000  0.619  0.000               9526314               6050636         100           0       0.000      99.000     175.274        4445794446   1110      0     33          44   1110
     GPU 0  1.000  0.000  0.000  0.000  0.001  0.000  0.000  0.000              12039115               8790332         100           0       0.000      99.000     175.274        4445794446   1110      0     33          44   1110
     GPU 0  1.000  0.941  0.757  0.000  0.002  0.000  0.603  0.000              12462123               8622756         100           0       0.000      99.000     175.274        4445794446   1110      0     33          44   1110
     GPU 0  1.000  0.941  0.756  0.000  0.001  0.000  0.625  0.000               7525972               5878238         100           0       0.000      99.000     175.274        4445812140   1110      0     33          44   1110
     GPU 0  1.000  0.000  0.000  0.000  0.001  0.000  0.000  0.000               8558164               6493650         100           0       0.000      99.000     175.033        4445812140   1110      0     33          44   1110
     GPU 0  1.000  0.936  0.749  0.000  0.002  0.000  0.620  0.000              10100032               7707564         100           0       0.000      99.000     175.033        4445812140   1110      0     33          44   1110
     GPU 0  1.000  0.943  0.757  0.000  0.001  0.000  0.616  0.000               8862646               6800949         100           0       0.000      99.000     175.033        4445812140   1110      0     33          44   1110

# Entity  GRACT  SMACT  SMOCC  TENSO  DRAMA  FP64A  FP32A  FP16A                 PCITX                 PCIRX       GPUTL       MCUTL       MUSAM       GUSAM       POWER             TOTEC  SACLK  PSTAT  TMPTR       MMTMP  SMCLK
      Id                                                                                                                                                               W                mJ                    C           C       
     GPU 0  1.000  0.000  0.000  0.000  0.001  0.000  0.000  0.000               9669333               7455833         100           0       0.000      99.000     175.033        4445812140   1110      0     33          44   1110
     GPU 0  1.000  0.000  0.000  0.000  0.001  0.000  0.000  0.000               9669333               7455833         100           0       0.000      99.000     175.033        4445812140   1110      0     33          44   1110
     GPU 0  1.000  0.939  0.747  0.000  0.001  0.000  0.608  0.000               9030178               7037027         100           0       0.000      99.000     175.033        4445829845   1110      0     33          44   1110
     GPU 0  1.000  0.000  0.000  0.000  0.001  0.000  0.000  0.000              17465636              11076552         100           0       0.000      99.000     175.033        4445829845   1110      0     33          44   1110
     GPU 0  1.000  0.937  0.744  0.000  0.001  0.000  0.618  0.000               9787775               7436164         100           0       0.000      99.000     175.033        4445829845   1110      0     33          44   1110
     GPU 0  1.000  0.946  0.768  0.000  0.001  0.000  0.610  0.000              11996197               8296363         100           0       0.000      99.000     175.033        4445829845   1110      0     33          44   1110
     GPU 0  1.000  0.000  0.000  0.000  0.001  0.000  0.000  0.000              10093262               7454948         100           0       0.000      99.000     175.274        4445847602   1110      0     33          44   1110
     GPU 0  1.000  0.942  0.754  0.000  0.001  0.000  0.623  0.000               9845626               7204366         100           0       0.000      99.000     175.274        4445847602   1110      0     33          44   1110
     GPU 0  1.000  0.928  0.729  0.000  0.001  0.000  0.610  0.000               8530580               5789643         100           0       0.000      99.000     175.274        4445847602   1110      0     33          44   1110
     GPU 0  1.000  0.000  0.000  0.000  0.002  0.000  0.000  0.000               9841432               7412412         100           0       0.000      99.000     175.274        4445847602   1110      0     33          44   1110
     GPU 0  1.000  0.951  0.759  0.000  0.001  0.000  0.630  0.000              10711306               8003254         100           0       0.000      99.000     175.274        4445847602   1110      0     34          44   1110
     GPU 0  1.000  0.951  0.759  0.000  0.001  0.000  0.630  0.000              10711306               8003254         100           0       0.000      99.000     175.274        4445847602   1110      0     34          44   1110
     GPU 0  1.000  0.939  0.739  0.000  0.002  0.000  0.598  0.000              10215161               7927415         100           0       0.000      99.000     174.203        4445865319   1110      0     34          44   1110
     GPU 0  1.000  0.000  0.000  0.000  0.002  0.000  0.000  0.000              10947708               7710954         100           0       0.000      99.000     174.203        4445865319   1110      0     34          44   1110

# Entity  GRACT  SMACT  SMOCC  TENSO  DRAMA  FP64A  FP32A  FP16A                 PCITX                 PCIRX       GPUTL       MCUTL       MUSAM       GUSAM       POWER             TOTEC  SACLK  PSTAT  TMPTR       MMTMP  SMCLK
      Id                                                                                                                                                               W                mJ                    C           C       
     GPU 0  1.000  0.948  0.763  0.000  0.001  0.000  0.630  0.000               8885459               6645343         100           0       0.000      99.000     174.203        4445865319   1110      0     34          44   1110
     GPU 0  1.000  0.948  0.763  0.000  0.001  0.000  0.630  0.000               8885459               6645343         100           0       0.000      99.000     174.203        4445865319   1110      0     34          44   1110
     GPU 0  1.000  0.943  0.754  0.000  0.001  0.000  0.622  0.000               6829923               4704990         100           0       0.000      99.000     175.274        4445865319   1110      0     34          44   1110
     GPU 0  1.000  0.000  0.000  0.000  0.001  0.000  0.000  0.000              10246309               6529662         100           0       0.000      99.000     175.274        4445883299   1110      0     34          44   1110
     GPU 0  1.000  0.945  0.771  0.000  0.001  0.000  0.627  0.000               6763649               6008976         100           0       0.000      99.000     175.274        4445883299   1110      0     34          44   1110
     GPU 0  1.000  0.936  0.740  0.000  0.001  0.000  0.619  0.000               9824557               7453288         100           0       0.000      99.000     175.274        4445883299   1110      0     34          44   1110
     GPU 0  1.000  0.000  0.000  0.000  0.002  0.000  0.000  0.000               7659035               6529309         100           0       0.000      99.000     175.274        4445883299   1110      0     34          44   1110
     GPU 0  1.000  0.940  0.741  0.000  0.001  0.000  0.616  0.000               4750556               3337442         100           0       0.000      99.000     175.274        4445883299   1110      0     34          44   1110
     GPU 0  1.000  0.940  0.741  0.000  0.001  0.000  0.616  0.000               4750556               3337442         100           0       0.000      99.000     175.274        4445900803   1110      0     34          44   1110
     GPU 0  1.000  0.000  0.000  0.000  0.001  0.000  0.000  0.000               1160382               1305429         100           0       0.000      99.000     175.274        4445900803   1110      0     34          44   1110
     GPU 0  1.000  0.945  0.755  0.000  0.001  0.000  0.625  0.000               9915913               7474916         100           0       0.000      99.000     175.274        4445900803   1110      0     34          44   1110
     GPU 0  1.000  0.943  0.761  0.000  0.001  0.000  0.608  0.000              10516116               7846413         100           0       0.000      99.000     175.274        4445900803   1110      0     34          44   1110
     GPU 0  1.000  0.000  0.000  0.000  0.002  0.000  0.000  0.000              13263464               9193623         100           0       0.000      99.000     175.274        4445900803   1110      0     34          44   1110
     GPU 0  1.000  0.000  0.000  0.000  0.002  0.000  0.000  0.000              13263464               9193623         100           0       0.000      99.000     175.274        4445918805   1110      0     34          44   1110

# Entity  GRACT  SMACT  SMOCC  TENSO  DRAMA  FP64A  FP32A  FP16A                 PCITX                 PCIRX       GPUTL       MCUTL       MUSAM       GUSAM       POWER             TOTEC  SACLK  PSTAT  TMPTR       MMTMP  SMCLK
      Id                                                                                                                                                               W                mJ                    C           C       
     GPU 0  1.000  0.935  0.752  0.000  0.001  0.000  0.619  0.000              10980489               7735758         100           0       0.000      99.000     175.274        4445918805   1110      0     34          44   1110
     GPU 0  1.000  0.943  0.751  0.000  0.002  0.000  0.605  0.000               7203672               5124195         100           0       0.000      99.000     175.274        4445918805   1110      0     34          44   1110
     GPU 0  1.000  0.000  0.000  0.000  0.001  0.000  0.000  0.000              10053419               7878307         100           0       0.000      99.000     175.274        4445918805   1110      0     34          44   1110
     GPU 0  1.000  0.940  0.767  0.000  0.001  0.000  0.624  0.000               9802219               7535804         100           0       0.000      99.000     175.274        4445918805   1110      0     34          44   1110
     GPU 0  1.000  0.939  0.751  0.000  0.001  0.000  0.621  0.000              10424607               7332630         100           0       0.000      99.000     175.274        4445936261   1110      0     34          44   1110
     GPU 0  1.000  0.939  0.751  0.000  0.001  0.000  0.621  0.000              10424607               7332630         100           0       0.000      99.000     175.274        4445936261   1110      0     34          44   1110
     GPU 0  1.000  0.000  0.000  0.000  0.001  0.000  0.000  0.000               3762253               1536806         100           0       0.000      99.000     175.274        4445936261   1110      0     34          44   1110
     GPU 0  1.000  0.943  0.738  0.000  0.001  0.000  0.603  0.000               5346807               3500655         100           0       0.000      99.000     175.274        4445936261   1110      0     34          44   1110
     GPU 0  1.000  0.930  0.731  0.000  0.001  0.000  0.613  0.000               7540106               4750976         100           0       0.000      99.000     175.274        4445936261   1110      0     34          44   1110
     GPU 0  1.000  0.000  0.000  0.000  0.001  0.000  0.000  0.000               7754157               5315316         100           0       0.000      99.000     175.274        4445936261   1110      0     34          44   1110
     GPU 0  1.000  0.000  0.000  0.000  0.001  0.000  0.000  0.000               7754157               5315316         100           0       0.000      99.000     175.274        4445954310   1110      0     34          44   1110
     GPU 0  1.000  0.944  0.764  0.000  0.001  0.000  0.628  0.000              10555169               6832746         100           0       0.000      99.000     175.274        4445954310   1110      0     34          44   1110
     GPU 0  1.000  0.938  0.757  0.000  0.001  0.000  0.615  0.000               8501136               6030258         100           0       0.000      99.000     175.274        4445954310   1110      0     34          44   1110
     GPU 0  1.000  0.000  0.000  0.000  0.001  0.000  0.000  0.000               7660476               6572097         100           0       0.000      99.000     175.814        4445954310   1110      0     34          44   1110

# Entity  GRACT  SMACT  SMOCC  TENSO  DRAMA  FP64A  FP32A  FP16A                 PCITX                 PCIRX       GPUTL       MCUTL       MUSAM       GUSAM       POWER             TOTEC  SACLK  PSTAT  TMPTR       MMTMP  SMCLK
      Id                                                                                                                                                               W                mJ                    C           C       
     GPU 0  1.000  0.000  0.000  0.000  0.001  0.000  0.000  0.000               7660476               6572097         100           0       0.000      99.000     175.814        4445954310   1110      0     34          44   1110
     GPU 0  1.000  0.935  0.732  0.000  0.002  0.000  0.615  0.000               6176053               4381574         100           0       0.000      99.000     175.814        4445971850   1110      0     34          44   1110
     GPU 0  1.000  0.937  0.764  0.000  0.002  0.000  0.623  0.000               7281415               5293948         100           0       0.000      99.000     175.814        4445971850   1110      0     34          44   1110
     GPU 0  1.000  0.000  0.000  0.000  0.001  0.000  0.000  0.000               4779303               4800796         100           0       0.000      99.000     175.814        4445971850   1110      0     34          44   1110
     GPU 0  1.000  0.934  0.757  0.000  0.001  0.000  0.618  0.000               3662244               1562201         100           0       0.000      99.000     175.814        4445971850   1110      0     34          44   1110
     GPU 0  1.000  0.934  0.757  0.000  0.001  0.000  0.618  0.000               3662244               1562201         100           0       0.000      99.000     175.814        4445989638   1110      0     34          44   1110
     GPU 0  1.000  0.000  0.000  0.000  0.001  0.000  0.000  0.000               1255203               1338884         100           0       0.000      99.000     175.814        4445989638   1110      0     34          44   1110
     GPU 0  1.000  0.938  0.739  0.000  0.001  0.000  0.620  0.000               8120252               5591483         100           0       0.000      99.000     175.814        4445989638   1110      0     34          44   1110
     GPU 0  1.000  0.950  0.761  0.000  0.001  0.000  0.614  0.000               9380108               6090577         100           0       0.000      99.000     175.814        4445989638   1110      0     34          44   1110
     GPU 0  1.000  0.000  0.000  0.000  0.002  0.000  0.000  0.000               9443633               7143243         100           0       0.000      99.000     174.742        4446007359   1110      0     34          44   1110
     GPU 0  1.000  0.933  0.736  0.000  0.001  0.000  0.615  0.000              10010152               7870921         100           0       0.000      99.000     174.742        4446007359   1110      0     34          44   1110
     GPU 0  1.000  0.933  0.736  0.000  0.001  0.000  0.615  0.000              10010152               7870921         100           0       0.000      99.000     174.742        4446007359   1110      0     34          44   1110
     GPU 0  1.000  0.940  0.759  0.000  0.001  0.000  0.624  0.000              11193834               7191654         100           0       0.000      99.000     174.742        4446007359   1110      0     34          45   1110
     GPU 0  1.000  0.000  0.000  0.000  0.001  0.000  0.000  0.000               5808044               5473742         100           0       0.000      99.000     174.742        4446007359   1110      0     34          44   1110

# Entity  GRACT  SMACT  SMOCC  TENSO  DRAMA  FP64A  FP32A  FP16A                 PCITX                 PCIRX       GPUTL       MCUTL       MUSAM       GUSAM       POWER             TOTEC  SACLK  PSTAT  TMPTR       MMTMP  SMCLK
      Id                                                                                                                                                               W                mJ                    C           C       
     GPU 0  1.000  0.946  0.764  0.000  0.001  0.000  0.628  0.000               6485388               5043733         100           0       0.000      99.000     174.742        4446007359   1110      0     34          44   1110
     GPU 0  1.000  0.000  0.000  0.000  0.001  0.000  0.000  0.000               1254219               1254219         100           0       0.000      99.000     175.274        4446025178   1110      0     35          44   1110
     GPU 0  1.000  0.000  0.000  0.000  0.001  0.000  0.000  0.000               1254219               1254219         100           0       0.000      99.000     175.274        4446025178   1110      0     35          44   1110
     GPU 0  1.000  0.941  0.735  0.000  0.002  0.000  0.601  0.000               3587850               3196825         100           0       0.000      99.000     175.274        4446025178   1110      0     35          45   1110
     GPU 0  1.000  0.943  0.759  0.000  0.001  0.000  0.624  0.000               6138907               3359429         100           0       0.000      99.000     175.274        4446025178   1110      0     35          45   1110
     GPU 0  1.000  0.000  0.000  0.000  0.001  0.000  0.000  0.000               4174460               2866046         100           0       0.000      99.000     175.274        4446042932   1110      0     35          44   1110
     GPU 0  1.000  0.936  0.749  0.000  0.001  0.000  0.617  0.000               5144717               4000773         100           0       0.000      99.000     175.274        4446042932   1110      0     35          44   1110
     GPU 0  1.000  0.936  0.749  0.000  0.001  0.000  0.617  0.000               5144717               4000773         100           0       0.000      99.000     175.274        4446042932   1110      0     35          45   1110
     GPU 0  1.000  0.936  0.773  0.000  0.001  0.000  0.622  0.000               6783192               4140319         100           0       0.000      99.000     175.274        4446042932   1110      0     35          45   1110
     GPU 0  1.000  0.000  0.000  0.000  0.002  0.000  0.000  0.000               5604219               4446693         100           0       0.000      99.000     175.274        4446042932   1110      0     35          44   1110
     GPU 0  1.000  0.942  0.767  0.000  0.001  0.000  0.628  0.000               9831156               7532139         100           0       0.000      99.000     175.274        4446042932   1110      0     35          45   1110
     GPU 0  1.000  0.942  0.767  0.000  0.001  0.000  0.628  0.000               9831156               7532139         100           0       0.000      99.000     175.274        4446060775   1110      0     35          45   1110
     GPU 0  1.000  0.940  0.747  0.000  0.001  0.000  0.624  0.000               9291453               7003115         100           0       0.000      99.000     176.104        4446060775   1110      0     35          44   1110
     GPU 0  1.000  0.000  0.000  0.000  0.001  0.000  0.000  0.000               7654958               6265753         100           0       0.000      99.000     176.104        4446060775   1110      0     35          45   1110

# Entity  GRACT  SMACT  SMOCC  TENSO  DRAMA  FP64A  FP32A  FP16A                 PCITX                 PCIRX       GPUTL       MCUTL       MUSAM       GUSAM       POWER             TOTEC  SACLK  PSTAT  TMPTR       MMTMP  SMCLK
      Id                                                                                                                                                               W                mJ                    C           C       
     GPU 0  1.000  0.934  0.759  0.000  0.001  0.000  0.619  0.000               6526786               4669517         100           0       0.000      99.000     176.104        4446060775   1110      0     35          45   1110
     GPU 0  1.000  0.934  0.759  0.000  0.001  0.000  0.619  0.000               6526786               4669517         100           0       0.000      99.000     176.104        4446078461   1110      0     35          45   1110
     GPU 0  1.000  0.935  0.736  0.000  0.001  0.000  0.599  0.000               7645476               5460972         100           0       0.000      99.000     175.565        4446078461   1110      0     35          44   1110
     GPU 0  1.000  0.000  0.000  0.000  0.001  0.000  0.000  0.000               6056957               4363633         100           0       0.000      99.000     175.565        4446078461   1110      0     35          45   1110
     GPU 0  1.000  0.943  0.747  0.000  0.001  0.000  0.626  0.000               5951834               5659515         100           0       0.000      99.000     175.565        4446078461   1110      0     35          45   1110
     GPU 0  1.000  0.949  0.774  0.000  0.001  0.000  0.624  0.000               6701481               4902929         100           0       0.000      99.000     175.565        4446078461   1110      0     35          45   1110
     GPU 0  1.000  0.949  0.774  0.000  0.001  0.000  0.624  0.000               6701481               4902929         100           0       0.000      99.000     175.565        4446078461   1110      0     35          45   1110
     GPU 0  1.000  0.000  0.000  0.000  0.001  0.000  0.000  0.000               3423835               1284658         100           0       0.000      99.000     175.274        4446078461   1110      0     35          45   1110
     GPU 0  1.000  0.934  0.734  0.000  0.001  0.000  0.616  0.000              14604346               9942775         100           0       0.000      99.000     175.274        4446096335   1110      0     35          45   1110
     GPU 0  1.000  0.919  0.719  0.000  0.002  0.000  0.586  0.000               7455490               6282756         100           0       0.000      99.000     175.274        4446096335   1110      0     35          45   1110
     GPU 0  1.000  0.000  0.000  0.000  0.001  0.000  0.000  0.000               2571862               1110227         100           0       0.000      99.000     175.274        4446096335   1110      0     35          45   1110
     GPU 0  1.000  0.000  0.000  0.000  0.001  0.000  0.000  0.000               2571862               1110227         100           0       0.000      99.000     175.274        4446096335   1110      0     35          45   1110
     GPU 0  1.000  0.940  0.761  0.000  0.001  0.000  0.624  0.000               3385364               1202399         100           0       0.000      99.000     175.565        4446114077   1110      0     35          45   1110
     GPU 0  1.000  0.000  0.000  0.000  0.001  0.000  0.000  0.000               5807241               4337939         100           0       0.000      99.000     175.565        4446114077   1110      0     35          45   1110

# Entity  GRACT  SMACT  SMOCC  TENSO  DRAMA  FP64A  FP32A  FP16A                 PCITX                 PCIRX       GPUTL       MCUTL       MUSAM       GUSAM       POWER             TOTEC  SACLK  PSTAT  TMPTR       MMTMP  SMCLK
      Id                                                                                                                                                               W                mJ                    C           C       
     GPU 0  1.000  0.944  0.759  0.000  0.001  0.000  0.623  0.000              11346702               8663654         100           0       0.000      99.000     175.565        4446114077   1110      0     35          45   1110
     GPU 0  1.000  0.943  0.765  0.000  0.001  0.000  0.627  0.000              11139194               8076002         100           0       0.000      99.000     175.565        4446114077   1110      0     35          45   1110
     GPU 0  1.000  0.000  0.000  0.000  0.001  0.000  0.000  0.000              10690568               7032913         100           0       0.000      99.000     175.565        4446114077   1110      0     35          45   1110
     GPU 0  1.000  0.000  0.000  0.000  0.001  0.000  0.000  0.000              10690568               7032913         100           0       0.000      99.000     176.104        4446131879   1110      0     35          45   1110
     GPU 0  1.000  0.938  0.763  0.000  0.001  0.000  0.624  0.000              10625767               7092882         100           0       0.000      99.000     176.104        4446131879   1110      0     35          45   1110
     GPU 0  1.000  0.938  0.753  0.000  0.002  0.000  0.598  0.000              10227292               7782316         100           0       0.000      99.000     176.104        4446131879   1110      0     35          45   1110
     GPU 0  1.000  0.000  0.000  0.000  0.001  0.000  0.000  0.000               7780199               6274300         100           0       0.000      99.000     176.104        4446131879   1110      0     35          45   1110
     GPU 0  1.000  0.944  0.758  0.000  0.001  0.000  0.627  0.000               3388791               3221418         100           0       0.000      99.000     176.104        4446131879   1110      0     35          45   1110
     GPU 0  1.000  0.944  0.758  0.000  0.001  0.000  0.627  0.000               3388791               3221418         100           0       0.000      99.000     175.814        4446149657   1110      0     35          45   1110
     GPU 0  1.000  0.932  0.746  0.000  0.001  0.000  0.601  0.000              10789284               7192576         100           0       0.000      99.000     175.814        4446149657   1110      0     35          45   1110
     GPU 0  1.000  0.000  0.000  0.000  0.001  0.000  0.000  0.000               9427416               6811331         100           0       0.000      99.000     175.814        4446149657   1110      0     35          45   1110
     GPU 0  1.000  0.000  0.000  0.000  0.001  0.000  0.000  0.000               9427416               6811331         100           0       0.000      99.000     175.814        4446149657   1110      0     35          45   1110
     GPU 0  1.000  0.940  0.738  0.000  0.001  0.000  0.619  0.000               7228421               5612750         100           0       0.000      99.000     175.814        4446149657   1110      0     35          45   1110
     GPU 0  1.000  0.940  0.774  0.000  0.001  0.000  0.625  0.000               9176410               7384811         100           0       0.000      99.000     176.104        4446167475   1110      0     35          45   1110

# Entity  GRACT  SMACT  SMOCC  TENSO  DRAMA  FP64A  FP32A  FP16A                 PCITX                 PCIRX       GPUTL       MCUTL       MUSAM       GUSAM       POWER             TOTEC  SACLK  PSTAT  TMPTR       MMTMP  SMCLK
      Id                                                                                                                                                               W                mJ                    C           C       
     GPU 0  1.000  0.000  0.000  0.000  0.001  0.000  0.000  0.000               5915518               5625818         100           0       0.000      99.000     176.104        4446167475   1110      0     35          45   1110
     GPU 0  1.000  0.939  0.740  0.000  0.001  0.000  0.622  0.000               3622796               2727571         100           0       0.000      99.000     176.104        4446167475   1110      0     35          45   1110
     GPU 0  1.000  0.939  0.740  0.000  0.001  0.000  0.622  0.000               3622796               2727571         100           0       0.000      99.000     176.104        4446167475   1110      0     35          45   1110
     GPU 0  1.000  0.954  0.792  0.000  0.001  0.000  0.632  0.000               2410639               1194260         100           0       0.000      99.000     176.104        4446167475   1110      0     35          45   1110
     GPU 0  1.000  0.000  0.000  0.000  0.002  0.000  0.000  0.000               5719645               3289925         100           0       0.000      99.000     175.274        4446185246   1110      0     35          45   1110
     GPU 0  1.000  0.942  0.747  0.000  0.001  0.000  0.624  0.000              10450808               7134084         100           0       0.000      99.000     175.274        4446185246   1110      0     35          45   1110
     GPU 0  1.000  0.000  0.000  0.000  0.001  0.000  0.000  0.000               6320361               3355213         100           0       0.000      99.000     175.274        4446185246   1110      0     35          45   1110
     GPU 0  1.000  0.937  0.740  0.000  0.001  0.000  0.599  0.000               5253843               3522542         100           0       0.000      99.000     175.274        4446185246   1110      0     35          45   1110
     GPU 0  1.000  0.940  0.778  0.000  0.001  0.000  0.626  0.000               6791312               4125047         100           0       0.000      99.000     175.274        4446185246   1110      0     35          45   1110
     GPU 0  1.000  0.000  0.000  0.000  0.001  0.000  0.000  0.000               8657802               5433318         100           0       0.000      99.000     175.274        4446203017   1110      0     35          45   1110
     GPU 0  1.000  0.000  0.000  0.000  0.001  0.000  0.000  0.000               8657802               5433318         100           0       0.000      99.000     175.274        4446203017   1110      0     35          45   1110
     GPU 0  1.000  0.932  0.752  0.000  0.001  0.000  0.616  0.000               9054017               5849815         100           0       0.000      99.000     175.274        4446203017   1110      0     35          45   1110
     GPU 0  1.000  0.945  0.748  0.000  0.001  0.000  0.614  0.000              10395448               7672813         100           0       0.000      99.000     175.274        4446203017   1110      0     35          45   1110
     GPU 0  1.000  0.000  0.000  0.000  0.001  0.000  0.000  0.000               9943957               7520859         100           0       0.000      99.000     175.274        4446203017   1110      0     35          45   1110

# Entity  GRACT  SMACT  SMOCC  TENSO  DRAMA  FP64A  FP32A  FP16A                 PCITX                 PCIRX       GPUTL       MCUTL       MUSAM       GUSAM       POWER             TOTEC  SACLK  PSTAT  TMPTR       MMTMP  SMCLK
      Id                                                                                                                                                               W                mJ                    C           C       
     GPU 0  1.000  0.941  0.753  0.000  0.001  0.000  0.610  0.000               9864762               7614249         100           0       0.000      99.000     175.814        4446220791   1110      0     35          45   1110
     GPU 0  1.000  0.941  0.753  0.000  0.001  0.000  0.610  0.000               9864762               7614249         100           0       0.000      99.000     175.814        4446220791   1110      0     35          45   1110
     GPU 0  1.000  0.942  0.738  0.000  0.002  0.000  0.622  0.000              10428625               7826299         100           0       0.000      99.000     175.814        4446220791   1110      0     35          45   1110
     GPU 0  1.000  0.000  0.000  0.000  0.001  0.000  0.000  0.000               8433504               6201025         100           0       0.000      99.000     175.814        4446220791   1110      0     35          45   1110
     GPU 0  1.000  0.941  0.740  0.000  0.002  0.000  0.603  0.000               6239561               4382982         100           0       0.000      99.000     175.814        4446220791   1110      0     35          45   1110
     GPU 0  1.000  0.935  0.741  0.000  0.002  0.000  0.618  0.000               3425538               1411125         100           0       0.000      99.000     175.814        4446220791   1110      0     35          45   1110
     GPU 0  1.000  0.000  0.000  0.000  0.001  0.000  0.000  0.000               8098505               3995797         100           0       0.000      99.000     175.814        4446238615   1110      0     35          45   1110
     GPU 0  1.000  0.000  0.000  0.000  0.001  0.000  0.000  0.000               8098505               3995797         100           0       0.000      99.000     175.814        4446238615   1110      0     35          45   1110
     GPU 0  1.000  0.934  0.752  0.000  0.001  0.000  0.616  0.000               4704037               3021973         100           0       0.000      99.000     175.814        4446238615   1110      0     35          45   1110
     GPU 0  1.000  0.940  0.772  0.000  0.001  0.000  0.624  0.000               7017223               4713900         100           0       0.000      99.000     175.814        4446238615   1110      0     35          45   1110
     GPU 0  1.000  0.000  0.000  0.000  0.002  0.000  0.000  0.000              10282165               7816912         100           0       0.000      99.000     175.565        4446256311   1110      0     35          45   1110
     GPU 0  1.000  0.937  0.743  0.000  0.001  0.000  0.619  0.000              10503257               7850978         100           0       0.000      99.000     175.565        4446256311   1110      0     35          45   1110
     GPU 0  1.000  0.937  0.743  0.000  0.001  0.000  0.619  0.000              10503257               7850978         100           0       0.000      99.000     175.565        4446256311   1110      0     35          45   1110
     GPU 0  1.000  0.944  0.758  0.000  0.001  0.000  0.609  0.000               4911938               3779647         100           0       0.000      99.000     175.565        4446256311   1110      0     35          45   1110

# Entity  GRACT  SMACT  SMOCC  TENSO  DRAMA  FP64A  FP32A  FP16A                 PCITX                 PCIRX       GPUTL       MCUTL       MUSAM       GUSAM       POWER             TOTEC  SACLK  PSTAT  TMPTR       MMTMP  SMCLK
      Id                                                                                                                                                               W                mJ                    C           C       
     GPU 0  1.000  0.000  0.000  0.000  0.001  0.000  0.000  0.000               5283078               3863743         100           0       0.000      99.000     175.565        4446256311   1110      0     35          45   1110
     GPU 0  1.000  0.942  0.758  0.000  0.001  0.000  0.624  0.000              10184137               6449669         100           0       0.000      99.000     176.104        4446256311   1110      0     35          45   1110
     GPU 0  1.000  0.000  0.000  0.000  0.001  0.000  0.000  0.000               3385402               1202382         100           0       0.000      99.000     176.104        4446274166   1110      0     35          45   1110
     GPU 0  1.000  0.938  0.765  0.000  0.001  0.000  0.623  0.000               2212340               1110479         100           0       0.000      99.000     176.104        4446274166   1110      0     35          45   1110
     GPU 0  1.000  0.938  0.765  0.000  0.001  0.000  0.623  0.000               2212340               1110479         100           0       0.000      99.000     176.104        4446274166   1110      0     35          45   1110
     GPU 0  1.000  0.941  0.738  0.000  0.001  0.000  0.623  0.000               4736112               2360608         100           0       0.000      99.000     176.104        4446274166   1110      0     35          45   1110
     GPU 0  0.194  0.000  0.000  0.000  0.001  0.000  0.000  0.000             832156855               1227253         100           0       0.000      99.000     120.962        4446291344   1110      0     35          45   1110
     GPU 0  0.000  0.000  0.000  0.000  0.000  0.000  0.000  0.000               6211284               3578240          90           0       0.000      90.000     120.962        4446291344   1110      0     33          45   1110
     GPU 0  0.000  0.000  0.000  0.000  0.000  0.000  0.000  0.000               9130500               5882216          90           0       0.000      90.000     120.962        4446291344   1110      0     33          45   1110
     GPU 0  0.000  0.000  0.000  0.000  0.000  0.000  0.000  0.000               9174397               5947795          90           0       0.000      90.000     120.962        4446291344   1110      0     33          45   1110
     GPU 0  0.000  0.000  0.000  0.000  0.000  0.000  0.000  0.000               7316254               3895034          90           0       0.000      90.000     120.962        4446291344   1110      0     32          45   1110
     GPU 0  0.000  0.000  0.000  0.000  0.000  0.000  0.000  0.000               7316254               3895034          90           0       0.000      90.000      89.199        4446300618   1110      0     32          45   1110
     GPU 0  0.000  0.000  0.000  0.000  0.000  0.000  0.000  0.000               8605058               4505958          90           0       0.000      90.000      89.199        4446300618   1110      0     32          45   1110
     GPU 0  0.000  0.000  0.000  0.000  0.000  0.000  0.000  0.000               7770687               4219168          90           0       0.000      90.000      89.199        4446300618   1110      0     31          45   1110

# Entity  GRACT  SMACT  SMOCC  TENSO  DRAMA  FP64A  FP32A  FP16A                 PCITX                 PCIRX       GPUTL       MCUTL       MUSAM       GUSAM       POWER             TOTEC  SACLK  PSTAT  TMPTR       MMTMP  SMCLK
      Id                                                                                                                                                               W                mJ                    C           C       
     GPU 0  0.000  0.000  0.000  0.000  0.000  0.000  0.000  0.000              10287050               6670479          90           0       0.000      90.000      89.199        4446300618   1110      0     31          45   1110
     GPU 0  0.000  0.000  0.000  0.000  0.000  0.000  0.000  0.000              10064867               6560637          90           0       0.000      90.000      89.199        4446300618   1110      0     31          45   1110
     GPU 0  0.000  0.000  0.000  0.000  0.000  0.000  0.000  0.000               9892602               6487250          90           0       0.000       0.000      88.126        4446309566   1110      0     31          45   1110
     GPU 0  0.000  0.000  0.000  0.000  0.000  0.000  0.000  0.000              10640978               7008436           0           0       0.000       0.000      88.126        4446309566   1110      0     31          45   1110
     GPU 0  0.000  0.000  0.000  0.000  0.000  0.000  0.000  0.000              10992403               6947597           0           0       0.000       0.000      88.126        4446309566   1110      0     31          45   1110
     GPU 0  0.000  0.000  0.000  0.000  0.000  0.000  0.000  0.000              10992403               6947597           0           0       0.000       0.000      88.126        4446309566   1110      0     31          45   1110
     GPU 0  0.000  0.000  0.000  0.000  0.000  0.000  0.000  0.000               6155226               4103017           0           0       0.000       0.000      88.126        4446309566   1110      0     31          45   1110
     GPU 0  0.000  0.000  0.000  0.000  0.000  0.000  0.000  0.000              12121284               6470087           0           0       0.000       0.000      88.424        4446309566   1110      0     31          45   1110
     GPU 0  0.000  0.000  0.000  0.000  0.000  0.000  0.000  0.000               2715012                410604           0           0       0.000       0.000      88.424        4446318544   1110      0     30          45   1110
     GPU 0  0.000  0.000  0.000  0.000  0.000  0.000  0.000  0.000               3830650               2793931           0           0       0.000       0.000      88.424        4446318544   1110      0     30          45   1110
     GPU 0  0.000  0.000  0.000  0.000  0.000  0.000  0.000  0.000               3830650               2793931           0           0       0.000       0.000      88.424        4446318544   1110      0     30          45   1110
     GPU 0  0.000  0.000  0.000  0.000  0.000  0.000  0.000  0.000               1966927                 41889           0           0       0.000       0.000      88.424        4446318544   1110      0     30          45   1110
     GPU 0  0.000  0.000  0.000  0.000  0.000  0.000  0.000  0.000               3072616                 41901           0           0       0.000       0.000      88.126        4446327408   1110      0     30          45   1110
     GPU 0  0.000  0.000  0.000  0.000  0.000  0.000  0.000  0.000               5901915               1986758           0           0       0.000       0.000      88.126        4446327408   1110      0     30          45   1110

# Entity  GRACT  SMACT  SMOCC  TENSO  DRAMA  FP64A  FP32A  FP16A                 PCITX                 PCIRX       GPUTL       MCUTL       MUSAM       GUSAM       POWER             TOTEC  SACLK  PSTAT  TMPTR       MMTMP  SMCLK
      Id                                                                                                                                                               W                mJ                    C           C       
     GPU 0  0.000  0.000  0.000  0.000  0.000  0.000  0.000  0.000               4713256               2164773           0           0       0.000       0.000      88.126        4446327408   1110      0     30          45   1110
     GPU 0  0.000  0.000  0.000  0.000  0.000  0.000  0.000  0.000               7433761               4211349           0           0       0.000       0.000      88.126        4446327408   1110      0     30          45   1110
     GPU 0  0.000  0.000  0.000  0.000  0.000  0.000  0.000  0.000               7433761               4211349           0           0       0.000       0.000      88.126        4446327408   1110      0     30          45   1110
     GPU 0  0.000  0.000  0.000  0.000  0.000  0.000  0.000  0.000               9957881               5418096           0           0       0.000       0.000      88.126        4446327408   1110      0     30          45   1110
     GPU 0  0.000  0.000  0.000  0.000  0.000  0.000  0.000  0.000               9957881               5418096           0           0       0.000       0.000      88.126        4446336369   1110      0     30          45   1110
     GPU 0  0.000  0.000  0.000  0.000  0.000  0.000  0.000  0.000               6952131               3756137           0           0       0.000       0.000      88.126        4446336369   1110      0     30          45   1110
     GPU 0  0.000  0.000  0.000  0.000  0.000  0.000  0.000  0.000               6952131               3756137           0           0       0.000       0.000      88.126        4446336369   1110      0     30          45   1110
     GPU 0  0.000  0.000  0.000  0.000  0.000  0.000  0.000  0.000              12469940              11589034           0           0       0.000       0.000      88.126        4446336369   1110      0     30          45   1110
     GPU 0  0.000  0.000  0.000  0.000  0.000  0.000  0.000  0.000              12469940              11589034           0           0       0.000       0.000      88.126        4446336369   1110      0     30          45   1110
     GPU 0  0.000  0.000  0.000  0.000  0.000  0.000  0.000  0.000               1155824               1083585           7           0       0.000       0.000      88.666        4446345271   1110      0     30          44   1110
     GPU 0  0.000  0.000  0.000  0.000  0.000  0.000  0.000  0.000               1155824               1083585           7           0       0.000       0.000      88.666        4446345271   1110      0     30          44   1110
     GPU 0  0.000  0.000  0.000  0.000  0.000  0.000  0.000  0.000               9706990              14560486           7           0       0.000       0.000      88.666        4446345271   1110      0     30          45   1110
     GPU 0  0.000  0.000  0.000  0.000  0.000  0.000  0.000  0.000               9706990              14560486           7           0       0.000       0.000      88.666        4446345271   1110      0     30          44   1110
     GPU 0  0.000  0.000  0.000  0.000  0.000  0.000  0.000  0.000               9535377               8075099           7           0       0.000       0.000      88.126        4446345271   1110      0     30          45   1110

# Entity  GRACT  SMACT  SMOCC  TENSO  DRAMA  FP64A  FP32A  FP16A                 PCITX                 PCIRX       GPUTL       MCUTL       MUSAM       GUSAM       POWER             TOTEC  SACLK  PSTAT  TMPTR       MMTMP  SMCLK
      Id                                                                                                                                                               W                mJ                    C           C       
     GPU 0  0.000  0.000  0.000  0.000  0.000  0.000  0.000  0.000               6387854               7964078           7           0       0.000       0.000      88.126        4446354225   1110      0     30          45   1110
     GPU 0  0.000  0.000  0.000  0.000  0.000  0.000  0.000  0.000               2329487               4409386           7           0       0.000       0.000      88.126        4446354225   1110      0     29          44   1110
     GPU 0  0.000  0.000  0.000  0.000  0.000  0.000  0.000  0.000               2329487               4409386           7           0       0.000       0.000      88.126        4446354225   1110      0     29          45   1110
     GPU 0  0.000  0.000  0.000  0.000  0.000  0.000  0.000  0.000               3317867               1796206           7           0       0.000       0.000      88.126        4446354225   1110      0     29          45   1110
     GPU 0  0.000  0.000  0.000  0.000  0.000  0.000  0.000  0.000               1840632                163554           7           0       0.000       0.000      88.126        4446363128   1110      0     29          45   1110
     GPU 0  0.000  0.000  0.000  0.000  0.000  0.000  0.000  0.000               5202779               2290982           0           0       0.000       0.000      88.126        4446363128   1110      0     29          45   1110
     GPU 0  0.000  0.000  0.000  0.000  0.000  0.000  0.000  0.000               7145274               3953587           0           0       0.000       0.000      88.126        4446363128   1110      0     29          45   1110
     GPU 0  0.000  0.000  0.000  0.000  0.000  0.000  0.000  0.000               9015296               5361793           0           0       0.000       0.000      88.126        4446363128   1110      0     29          45   1110
     GPU 0  0.000  0.000  0.000  0.000  0.000  0.000  0.000  0.000               9015296               5361793           0           0       0.000       0.000      88.126        4446363128   1110      0     29          44   1110
     GPU 0  0.000  0.000  0.000  0.000  0.000  0.000  0.000  0.000               8837679               5530757           0           0       0.000       0.000      88.126        4446363128   1110      0     29          44   1110
     GPU 0  0.000  0.000  0.000  0.000  0.000  0.000  0.000  0.000               7738147               3837286           0           0       0.000       0.000      88.126        4446372068   1110      0     29          45   1110
     GPU 0  0.000  0.000  0.000  0.000  0.000  0.000  0.000  0.000              10815682               7038622           0           0       0.000       0.000      88.126        4446372068   1110      0     29          44   1110
     GPU 0  0.000  0.000  0.000  0.000  0.000  0.000  0.000  0.000               9839379               6129446           0           0       0.000       0.000      88.126        4446372068   1110      0     29          44   1110
     GPU 0  0.000  0.000  0.000  0.000  0.000  0.000  0.000  0.000               9839379               6129446           0           0       0.000       0.000      88.126        4446372068   1110      0     29          44   1110

# Entity  GRACT  SMACT  SMOCC  TENSO  DRAMA  FP64A  FP32A  FP16A                 PCITX                 PCIRX       GPUTL       MCUTL       MUSAM       GUSAM       POWER             TOTEC  SACLK  PSTAT  TMPTR       MMTMP  SMCLK
      Id                                                                                                                                                               W                mJ                    C           C       
     GPU 0  0.000  0.000  0.000  0.000  0.000  0.000  0.000  0.000               9513958               5994353           0           0       0.000       0.000      88.126        4446380906   1110      0     29          44   1110
     GPU 0  0.000  0.000  0.000  0.000  0.000  0.000  0.000  0.000               9759184               6170971           0           0       0.000       0.000      88.126        4446380906   1110      0     29          44   1110
     GPU 0  0.000  0.000  0.000  0.000  0.000  0.000  0.000  0.000              10582720               6923402           0           0       0.000       0.000      88.126        4446380906   1110      0     29          44   1110
     GPU 0  0.000  0.000  0.000  0.000  0.000  0.000  0.000  0.000              10643860               6623409           0           0       0.000       0.000      88.126        4446380906   1110      0     29          44   1110
     GPU 0  0.000  0.000  0.000  0.000  0.000  0.000  0.000  0.000               5808145               3433020           0           0       0.000       0.000      88.126        4446380906   1110      0     29          44   1110
     GPU 0  0.000  0.000  0.000  0.000  0.000  0.000  0.000  0.000               4926733               1510631           0           0       0.000       0.000      87.884        4446389859   1110      0     29          44   1110
     GPU 0  0.000  0.000  0.000  0.000  0.000  0.000  0.000  0.000              11408596               6260815           0           0       0.000       0.000      87.884        4446389859   1110      0     29          44   1110
     GPU 0  0.000  0.000  0.000  0.000  0.000  0.000  0.000  0.000              11408596               6260815           0           0       0.000       0.000      87.884        4446389859   1110      0     29          44   1110
     GPU 0  0.000  0.000  0.000  0.000  0.000  0.000  0.000  0.000               6718045               4487500           0           0       0.000       0.000      87.884        4446389859   1110      0     29          44   1110
     GPU 0  0.000  0.000  0.000  0.000  0.000  0.000  0.000  0.000               7733852               5473934           0           0       0.000       0.000      87.884        4446389859   1110      0     29          44   1110
     GPU 0  0.000  0.000  0.000  0.000  0.000  0.000  0.000  0.000               7716729               5561228           0           0       0.000       0.000      87.884        4446389859   1110      0     29          44   1110
     GPU 0  0.000  0.000  0.000  0.000  0.000  0.000  0.000  0.000               6613763               4519580           0           0       0.000       0.000      88.126        4446398665   1110      0     29          44   1110
     GPU 0  0.000  0.000  0.000  0.000  0.000  0.000  0.000  0.000               6613763               4519580           0           0       0.000       0.000      88.126        4446398665   1110      0     29          44   1110
     GPU 0  0.000  0.000  0.000  0.000  0.000  0.000  0.000  0.000               4492692               2524058           0           0       0.000       0.000      88.126        4446398665   1110      0     29          44   1110

# Entity  GRACT  SMACT  SMOCC  TENSO  DRAMA  FP64A  FP32A  FP16A                 PCITX                 PCIRX       GPUTL       MCUTL       MUSAM       GUSAM       POWER             TOTEC  SACLK  PSTAT  TMPTR       MMTMP  SMCLK
      Id                                                                                                                                                               W                mJ                    C           C       
     GPU 0  0.000  0.000  0.000  0.000  0.000  0.000  0.000  0.000               5259134               2837666           0           0       0.000       0.000      88.126        4446398665   1110      0     29          44   1110
     GPU 0  0.000  0.000  0.000  0.000  0.000  0.000  0.000  0.000               6904905               4639278           0           0       0.000       0.000      87.884        4446407545   1110      0     29          44   1110
     GPU 0  0.000  0.000  0.000  0.000  0.000  0.000  0.000  0.000               6898518               4305566           0           0       0.000       0.000      87.884        4446407545   1110      0     29          45   1110
     GPU 0  0.000  0.000  0.000  0.000  0.000  0.000  0.000  0.000               6898518               4305566           0           0       0.000       0.000      87.884        4446407545   1110      0     29          44   1110
     GPU 0  0.000  0.000  0.000  0.000  0.000  0.000  0.000  0.000               5655913               2876821           0           0       0.000       0.000      87.884        4446407545   1110      0     29          44   1110
     GPU 0  0.000  0.000  0.000  0.000  0.000  0.000  0.000  0.000               9349769               5953631           0           0       0.000       0.000      87.884        4446407545   1110      0     29          44   1110
     GPU 0  0.000  0.000  0.000  0.000  0.000  0.000  0.000  0.000               7289761               4775000           0           0       0.000       0.000      87.884        4446407545   1110      0     29          44   1110
     GPU 0  0.000  0.000  0.000  0.000  0.000  0.000  0.000  0.000               3296172                274681           0           0       0.000       0.000      87.884        4446416508   1110      0     29          44   1110
     GPU 0  0.000  0.000  0.000  0.000  0.000  0.000  0.000  0.000               3296172                274681           0           0       0.000       0.000      87.884        4446416508   1110      0     29          44   1110
     GPU 0  0.000  0.000  0.000  0.000  0.000  0.000  0.000  0.000               3383694                274997           0           0       0.000       0.000      87.884        4446416508   1110      0     29          44   1110
     GPU 0  0.000  0.000  0.000  0.000  0.000  0.000  0.000  0.000               4601447               1766136           0           0       0.000       0.000      87.884        4446416508   1110      0     29          44   1110
     GPU 0  0.000  0.000  0.000  0.000  0.000  0.000  0.000  0.000               4836190               2091566           0           0       0.000       0.000      87.884        4446425316   1110      0     29          44   1110
     GPU 0  0.000  0.000  0.000  0.000  0.000  0.000  0.000  0.000               8111263               4857203           0           0       0.000       0.000      87.884        4446425316   1110      0     29          44   1110
     GPU 0  0.000  0.000  0.000  0.000  0.000  0.000  0.000  0.000               9776678               6501466           0           0       0.000       0.000      87.884        4446425316   1110      0     29          44   1110

# Entity  GRACT  SMACT  SMOCC  TENSO  DRAMA  FP64A  FP32A  FP16A                 PCITX                 PCIRX       GPUTL       MCUTL       MUSAM       GUSAM       POWER             TOTEC  SACLK  PSTAT  TMPTR       MMTMP  SMCLK
      Id                                                                                                                                                               W                mJ                    C           C       
     GPU 0  0.000  0.000  0.000  0.000  0.000  0.000  0.000  0.000               9776678               6501466           0           0       0.000       0.000      87.884        4446425316   1110      0     29          44   1110
     GPU 0  0.000  0.000  0.000  0.000  0.000  0.000  0.000  0.000              10717607               6863855           0           0       0.000       0.000      87.884        4446425316   1110      0     29          44   1110
     GPU 0  0.000  0.000  0.000  0.000  0.000  0.000  0.000  0.000               6858279               4113451           0           0       0.000       0.000      87.884        4446425316   1110      0     29          44   1110
     GPU 0  0.000  0.000  0.000  0.000  0.000  0.000  0.000  0.000               4980976               2891567           0           0       0.000       0.000      87.884        4446434244   1110      0     29          44   1110
     GPU 0  0.000  0.000  0.000  0.000  0.000  0.000  0.000  0.000               4980976               2891567           0           0       0.000       0.000      87.884        4446434244   1110      0     29          44   1110
     GPU 0  0.000  0.000  0.000  0.000  0.000  0.000  0.000  0.000               2050159                163861           0           0       0.000       0.000      87.884        4446434244   1110      0     29          44   1110
     GPU 0  0.000  0.000  0.000  0.000  0.000  0.000  0.000  0.000               1966416                 41933           0           0       0.000       0.000      87.884        4446434244   1110      0     29          44   1110
     GPU 0  0.000  0.000  0.000  0.000  0.000  0.000  0.000  0.000               3943401               1749778           0           0       0.000       0.000      87.884        4446443054   1110      0     29          44   1110
     GPU 0  0.000  0.000  0.000  0.000  0.000  0.000  0.000  0.000               6563198               3692574           0           0       0.000       0.000      87.884        4446443054   1110      0     29          44   1110
     GPU 0  0.000  0.000  0.000  0.000  0.000  0.000  0.000  0.000               9663240               6433329           0           0       0.000       0.000      87.884        4446443054   1110      0     29          44   1110
     GPU 0  0.000  0.000  0.000  0.000  0.000  0.000  0.000  0.000               9663240               6433329           0           0       0.000       0.000      87.884        4446443054   1110      0     29          44   1110
     GPU 0  0.000  0.000  0.000  0.000  0.000  0.000  0.000  0.000               9047250               6056896           0           0       0.000       0.000      87.884        4446443054   1110      0     29          44   1110
     GPU 0  0.000  0.000  0.000  0.000  0.000  0.000  0.000  0.000               6096708               3343579           0           0       0.000       0.000      88.126        4446443054   1110      0     29          44   1110
     GPU 0  0.000  0.000  0.000  0.000  0.000  0.000  0.000  0.000               1004977                 83748           0           0       0.000       0.000      88.126        4446451990   1110      0     29          44   1110

# Entity  GRACT  SMACT  SMOCC  TENSO  DRAMA  FP64A  FP32A  FP16A                 PCITX                 PCIRX       GPUTL       MCUTL       MUSAM       GUSAM       POWER             TOTEC  SACLK  PSTAT  TMPTR       MMTMP  SMCLK
      Id                                                                                                                                                               W                mJ                    C           C       
     GPU 0  0.000  0.000  0.000  0.000  0.000  0.000  0.000  0.000               1004977                 83748           0           0       0.000       0.000      88.126        4446451990   1110      0     29          44   1110
     GPU 0  0.000  0.000  0.000  0.000  0.000  0.000  0.000  0.000               6332283               3826442           0           0       0.000       0.000      88.126        4446451990   1110      0     29          44   1110
     GPU 0  0.000  0.000  0.000  0.000  0.000  0.000  0.000  0.000               9712612               6478438           0           0       0.000       0.000      88.126        4446451990   1110      0     29          44   1110
     GPU 0  0.000  0.000  0.000  0.000  0.000  0.000  0.000  0.000               9998248               6659172           0           0       0.000       0.000      88.126        4446460822   1110      0     29          44   1110
