# Entity  GRACT  SMACT  SMOCC  TENSO  DRAMA  FP64A  FP32A  FP16A                 PCITX                 PCIRX       GPUTL       MCUTL       MUSAM       GUSAM       POWER             TOTEC  SACLK  PSTAT  TMPTR       MMTMP  SMCLK
      Id                                                                                                                                                               W                mJ                    C           C       
     GPU 0  0.000  0.000  0.000  0.000  0.000  0.000  0.000  0.000             119322033              10847457           0           0       0.000       0.000      77.269        1049824395   1350      0     27          43    210
     GPU 0  0.000  0.000  0.000  0.000  0.000  0.000  0.000  0.000               7504810               4287566           0           0       0.000       0.000      77.269        1049824395   1350      0     27          44    210
     GPU 0  0.000  0.000  0.000  0.000  0.000  0.000  0.000  0.000               7504810               4287566           0           0       0.000       0.000      77.269        1049824395   1350      0     27          44    210
     GPU 0  0.000  0.000  0.000  0.000  0.000  0.000  0.000  0.000              10194567               6810687           0           0       0.000       0.000      78.632        1049832317   1350      0     27          43    210
     GPU 0  0.000  0.000  0.000  0.000  0.000  0.000  0.000  0.000               6310488               2794888           0           0       0.000       0.000      78.632        1049832317   1350      0     27          43    210
     GPU 0  0.000  0.000  0.000  0.000  0.000  0.000  0.000  0.000               5930680               3397439           0           0       0.000       0.000      78.632        1049832317   1350      0     27          43    210
     GPU 0  0.000  0.000  0.000  0.000  0.000  0.000  0.000  0.000               5930680               3397439           0           0       0.000       0.000      78.632        1049832317   1350      0     27          44    210
     GPU 0  0.000  0.000  0.000  0.000  0.000  0.000  0.000  0.000               3327457               2367693           0           0       0.000       0.000      78.632        1049832317   1350      0     27          44    210
     GPU 0  0.000  0.000  0.000  0.000  0.000  0.000  0.000  0.000               3150831                 41845           0           0       0.000       0.000      78.632        1049840215   1350      0     27          44    210
     GPU 0  0.000  0.000  0.000  0.000  0.000  0.000  0.000  0.000               4269517               1663422           0           0       0.000       0.000      78.632        1049840215   1350      0     27          43    210
     GPU 0  0.000  0.000  0.000  0.000  0.000  0.000  0.000  0.000               4767831               2244146           0           0       0.000       0.000      78.632        1049840215   1350      0     27          43    210
     GPU 0  0.000  0.000  0.000  0.000  0.000  0.000  0.000  0.000               6791030               3819549           0           0       0.000       0.000      78.632        1049840215   1350      0     27          44    210
     GPU 0  0.000  0.000  0.000  0.000  0.000  0.000  0.000  0.000               6791030               3819549           0           0       0.000       0.000      78.632        1049840215   1350      0     27          43    210
     GPU 0  0.000  0.000  0.000  0.000  0.000  0.000  0.000  0.000               9100796               4993461           0           0       0.000       0.000      78.632        1049848193   1350      0     27          43    210
     GPU 0  0.000  0.000  0.000  0.000  0.000  0.000  0.000  0.000               9676110               5621603           0           0       0.000       0.000      78.632        1049848193   1350      0     27          43    210

# Entity  GRACT  SMACT  SMOCC  TENSO  DRAMA  FP64A  FP32A  FP16A                 PCITX                 PCIRX       GPUTL       MCUTL       MUSAM       GUSAM       POWER             TOTEC  SACLK  PSTAT  TMPTR       MMTMP  SMCLK
      Id                                                                                                                                                               W                mJ                    C           C       
     GPU 0  0.000  0.000  0.000  0.000  0.000  0.000  0.000  0.000               8523641               5838343           0           0       0.000       0.000      78.632        1049848193   1350      0     27          44    210
     GPU 0  0.000  0.000  0.000  0.000  0.000  0.000  0.000  0.000               8523641               5838343           0           0       0.000       0.000      78.632        1049848193   1350      0     27          43    210
     GPU 0  0.000  0.000  0.000  0.000  0.000  0.000  0.000  0.000               6617208               4858021           0           0       0.000       0.000      78.923        1049848193   1350      0     27          43    210
     GPU 0  0.000  0.000  0.000  0.000  0.000  0.000  0.000  0.000               3743152               1984567           0           0       0.000       0.000      78.923        1049856167   1350      0     27          43    210
     GPU 0  0.000  0.000  0.000  0.000  0.000  0.000  0.000  0.000               3589999                442053           0           0       0.000       0.000      78.923        1049856167   1350      0     27          43    210
     GPU 0  0.000  0.000  0.000  0.000  0.000  0.000  0.000  0.000               5322831               1824430           0           0       0.000       0.000      78.923        1049856167   1350      0     27          44    210
     GPU 0  0.000  0.000  0.000  0.000  0.000  0.000  0.000  0.000               6462961               3351574           0           0       0.000       0.000      78.923        1049856167   1350      0     27          43    210
     GPU 0  0.000  0.000  0.000  0.000  0.000  0.000  0.000  0.000               6462961               3351574           0           0       0.000       0.000      78.923        1049856167   1350      0     27          44    210
     GPU 0  0.000  0.000  0.000  0.000  0.000  0.000  0.000  0.000               7551113               3881441           0           0       0.000       0.000      78.632        1049864073   1350      0     27          43    210
     GPU 0  0.000  0.000  0.000  0.000  0.000  0.000  0.000  0.000              10353287               8153643           0           0       0.000       0.000      78.632        1049864073   1350      0     27          44    210
     GPU 0  0.000  0.000  0.000  0.000  0.000  0.000  0.000  0.000              10353287               8153643           0           0       0.000       0.000      78.632        1049864073   1350      0     27          44    210
     GPU 0  0.000  0.000  0.000  0.000  0.000  0.000  0.000  0.000               2591648               4263679           0           0       0.000       0.000      78.632        1049864073   1350      0     27          43    210
     GPU 0  0.000  0.000  0.000  0.000  0.000  0.000  0.000  0.000               3377433               3613067           0           0       0.000       0.000      78.923        1049871981   1350      0     27          43    210
     GPU 0  0.000  0.000  0.000  0.000  0.000  0.000  0.000  0.000               9064276              23436463           0           0       0.000       0.000      78.923        1049871981   1350      0     27          44    210

# Entity  GRACT  SMACT  SMOCC  TENSO  DRAMA  FP64A  FP32A  FP16A                 PCITX                 PCIRX       GPUTL       MCUTL       MUSAM       GUSAM       POWER             TOTEC  SACLK  PSTAT  TMPTR       MMTMP  SMCLK
      Id                                                                                                                                                               W                mJ                    C           C       
     GPU 0  0.000  0.000  0.000  0.000  0.000  0.000  0.000  0.000               3102895               8247170           0           0       0.000       0.000      78.923        1049871981   1350      0     27          44    210
     GPU 0  0.000  0.000  0.000  0.000  0.000  0.000  0.000  0.000               5688152               4775238           0           0       0.000       0.000      78.923        1049871981   1350      0     27          43    210
     GPU 0  0.000  0.000  0.000  0.000  0.000  0.000  0.000  0.000               5688152               4775238           0           0       0.000       0.000      78.923        1049871981   1350      0     27          44    210
     GPU 0  0.000  0.000  0.000  0.000  0.000  0.000  0.000  0.000               4565286               3071192           0           0       0.000       0.000      78.923        1049871981   1350      0     27          44    210
     GPU 0  0.000  0.000  0.000  0.000  0.000  0.000  0.000  0.000              12669357               8226855           0           0       0.000       0.000      78.923        1049879943   1350      0     27          43    210
     GPU 0  0.000  0.000  0.000  0.000  0.000  0.000  0.000  0.000              11649053               7697612           0           0       0.000       0.000      78.923        1049879943   1350      0     27          43    210
     GPU 0  0.000  0.000  0.000  0.000  0.000  0.000  0.000  0.000              11649053               7697612           0           0       0.000       0.000      78.923        1049879943   1350      0     27          44    210
     GPU 0  0.000  0.000  0.000  0.000  0.000  0.000  0.000  0.000               7602321               5186080           0           0       0.000       0.000      78.923        1049879943   1350      0     27          44    210
     GPU 0  0.000  0.000  0.000  0.000  0.000  0.000  0.000  0.000               1227307               1063666           0           0       0.000       0.000      78.923        1049879943   1350      0     27          43    210
     GPU 0  0.000  0.000  0.000  0.000  0.000  0.000  0.000  0.000               5403749               4963909           0           0       0.000       0.000      78.632        1049887922   1350      0     27          43    210
     GPU 0  0.000  0.000  0.000  0.000  0.000  0.000  0.000  0.000               5403749               4963909           0           0       0.000       0.000      78.632        1049887922   1350      0     27          43    210
     GPU 0  0.000  0.000  0.000  0.000  0.000  0.000  0.000  0.000               5403749               4963909           0           0       0.000       0.000      78.632        1049887922   1350      0     27          44    210
     GPU 0  0.000  0.000  0.000  0.000  0.000  0.000  0.000  0.000               8980234               5491510           0           0       0.000       0.000      78.632        1049887922   1350      0     27          43    210
     GPU 0  0.000  0.000  0.000  0.000  0.000  0.000  0.000  0.000               1641350               4630952           0           0       0.000       0.000      78.632        1049887922   1350      0     27          43    210

# Entity  GRACT  SMACT  SMOCC  TENSO  DRAMA  FP64A  FP32A  FP16A                 PCITX                 PCIRX       GPUTL       MCUTL       MUSAM       GUSAM       POWER             TOTEC  SACLK  PSTAT  TMPTR       MMTMP  SMCLK
      Id                                                                                                                                                               W                mJ                    C           C       
     GPU 0  0.000  0.000  0.000  0.000  0.000  0.000  0.000  0.000               1641350               4630952           0           0       0.000       0.000      78.632        1049895876   1350      0     27          43    210
     GPU 0  0.000  0.000  0.000  0.000  0.000  0.000  0.000  0.000               7423787             339835728           0           0       0.000       0.000      78.632        1049895876   1350      0     27          43    210
     GPU 0  0.000  0.000  0.000  0.000  0.000  0.000  0.000  0.000               8273391              13273299           0           0       0.000       0.000      78.632        1049895876   1350      0     27          43    210
     GPU 0  0.000  0.000  0.000  0.000  0.000  0.000  0.000  0.000               8273391              13273299           0           0       0.000       0.000      78.632        1049895876   1350      0     27          43   1350
     GPU 0  0.000  0.000  0.000  0.000  0.000  0.000  0.000  0.000               7353824              15125479           0           0       0.000       0.000      78.632        1049895876   1350      0     27          43   1350
     GPU 0  0.006  0.000  0.000  0.000  0.000  0.000  0.000  0.000              25976407             104438379           0           0       0.000       0.000      98.991        1049904299   1350      0     27          43   1350
     GPU 0  0.011  0.000  0.000  0.000  0.001  0.000  0.000  0.000             293680934            2565830331           0           0       0.000       8.000      98.991        1049904299   1350      0     27          44   1350
     GPU 0  0.500  0.000  0.000  0.000  0.002  0.000  0.000  0.000             309634817            2682118582           9           0       0.000       8.000      98.991        1049904299   1350      0     27          43   1350
     GPU 0  1.000  0.940  0.762  0.000  0.002  0.000  0.621  0.000              10666979               8233371           9           0       0.000       8.000      98.991        1049904299   1350      0     29          43   1350
     GPU 0  1.000  0.000  0.000  0.000  0.002  0.000  0.000  0.000               8535059               6670233           9           0       0.000       8.000      98.991        1049904299   1350      0     31          43   1350
     GPU 0  1.000  0.000  0.000  0.000  0.002  0.000  0.000  0.000               8535059               6670233           9           0       0.000       8.000     251.968        1049922073   1350      0     33          43   1350
     GPU 0  1.000  0.942  0.759  0.000  0.002  0.000  0.609  0.000              10679336               6881259           9           0       0.000       8.000     251.968        1049922073   1350      0     33          43   1350
     GPU 0  1.000  0.929  0.729  0.000  0.002  0.000  0.613  0.000               9355879               7509689           9           0       0.000       8.000     251.968        1049922073   1350      0     34          43   1350
     GPU 0  1.000  0.000  0.000  0.000  0.002  0.000  0.000  0.000              10516736               8223303           9           0       0.000       8.000     251.968        1049922073   1350      0     34          43   1350

# Entity  GRACT  SMACT  SMOCC  TENSO  DRAMA  FP64A  FP32A  FP16A                 PCITX                 PCIRX       GPUTL       MCUTL       MUSAM       GUSAM       POWER             TOTEC  SACLK  PSTAT  TMPTR       MMTMP  SMCLK
      Id                                                                                                                                                               W                mJ                    C           C       
     GPU 0  1.000  0.943  0.760  0.000  0.002  0.000  0.611  0.000              10072462               7525004           9           0       0.000       8.000     251.968        1049922073   1350      0     34          43   1350
     GPU 0  1.000  0.937  0.750  0.000  0.002  0.000  0.621  0.000              10596909               7902169           9           0       0.000       8.000     257.360        1049947745   1350      0     35          43   1350
     GPU 0  1.000  0.000  0.000  0.000  0.002  0.000  0.000  0.000              12610413               8442137           9           0       0.000       8.000     257.360        1049947745   1350      0     35          43   1350
     GPU 0  1.000  0.000  0.000  0.000  0.002  0.000  0.000  0.000              12610413               8442137           9           0       0.000       8.000     257.360        1049947745   1350      0     35          43   1350
     GPU 0  1.000  0.000  0.000  0.000  0.002  0.000  0.000  0.000              12610413               8442137           9           0       0.000       8.000     257.360        1049947745   1350      0     35          43   1350
     GPU 0  1.000  0.000  0.000  0.000  0.002  0.000  0.000  0.000              12610413               8442137           9           0       0.000       8.000     257.360        1049947745   1350      0     35          43   1350
     GPU 0  1.000  0.941  0.739  0.000  0.002  0.000  0.605  0.000               1425613               1928771          99           0       0.000      99.000     255.462        1049975794   1350      0     36          44   1350
     GPU 0  1.000  0.000  0.000  0.000  0.002  0.000  0.000  0.000              11935518               8364806          99           0       0.000      99.000     255.462        1049975794   1350      0     36          44   1350
     GPU 0  1.000  0.946  0.750  0.000  0.002  0.000  0.624  0.000              12724850               9587632          99           0       0.000      99.000     255.462        1049975794   1350      0     36          44   1350
     GPU 0  1.000  0.948  0.751  0.000  0.002  0.000  0.625  0.000              12045976               9324602          99           0       0.000      99.000     255.462        1049975794   1350      0     36          44   1350
     GPU 0  1.000  0.000  0.000  0.000  0.002  0.000  0.000  0.000               8290637               6277203          99           0       0.000      99.000     255.462        1049975794   1350      0     37          44   1350
     GPU 0  1.000  0.949  0.759  0.000  0.002  0.000  0.628  0.000               8154381               5837073          99           0       0.000      99.000     249.490        1049999440   1350      0     37          44   1350
     GPU 0  1.000  0.942  0.755  0.000  0.002  0.000  0.608  0.000              10870638               7610276          99           0       0.000      99.000     249.490        1049999440   1350      0     37          44   1350
     GPU 0  1.000  0.000  0.000  0.000  0.002  0.000  0.000  0.000              10748744               7628922         100           0       0.000      99.000     249.490        1049999440   1350      0     37          44   1350

# Entity  GRACT  SMACT  SMOCC  TENSO  DRAMA  FP64A  FP32A  FP16A                 PCITX                 PCIRX       GPUTL       MCUTL       MUSAM       GUSAM       POWER             TOTEC  SACLK  PSTAT  TMPTR       MMTMP  SMCLK
      Id                                                                                                                                                               W                mJ                    C           C       
     GPU 0  1.000  0.939  0.755  0.000  0.002  0.000  0.622  0.000              10358566               8126955         100           0       0.000      99.000     249.490        1049999440   1350      0     37          44   1350
     GPU 0  1.000  0.939  0.755  0.000  0.002  0.000  0.622  0.000              10358566               8126955         100           0       0.000      99.000     249.490        1049999440   1350      0     37          44   1350
     GPU 0  1.000  0.951  0.760  0.000  0.002  0.000  0.615  0.000              10576618               7854373         100           0       0.000      99.000     253.280        1050024616   1350      0     37          44   1350
     GPU 0  1.000  0.000  0.000  0.000  0.002  0.000  0.000  0.000              12359600               9084817         100           0       0.000      99.000     253.280        1050024616   1350      0     37          44   1350
     GPU 0  1.000  0.931  0.747  0.000  0.002  0.000  0.615  0.000              11336701               8153918         100           0       0.000      99.000     253.280        1050024616   1350      0     37          44   1350
     GPU 0  1.000  0.945  0.757  0.000  0.002  0.000  0.624  0.000               3771681               3771602         100           0       0.000      99.000     253.280        1050024616   1350      0     38          44   1350
     GPU 0  1.000  0.945  0.757  0.000  0.002  0.000  0.624  0.000               3771681               3771602         100           0       0.000      99.000     253.280        1050024616   1350      0     38          44   1350
     GPU 0  1.000  0.000  0.000  0.000  0.002  0.000  0.000  0.000               9292724               6939165         100           0       0.000      99.000     252.742        1050050084   1350      0     38          44   1350
     GPU 0  1.000  0.942  0.749  0.000  0.002  0.000  0.605  0.000              10549482               6989194         100           0       0.000      99.000     252.742        1050050084   1350      0     38          44   1350
     GPU 0  1.000  0.951  0.765  0.000  0.002  0.000  0.632  0.000               9519225               7506277         100           0       0.000      99.000     252.742        1050050084   1350      0     38          44   1350
     GPU 0  1.000  0.000  0.000  0.000  0.002  0.000  0.000  0.000              10072821               7837522         100           0       0.000      99.000     252.742        1050050084   1350      0     38          44   1350
     GPU 0  1.000  0.944  0.762  0.000  0.002  0.000  0.612  0.000               8781485               7092233         100           0       0.000      99.000     252.742        1050050084   1350      0     38          45   1350
     GPU 0  1.000  0.940  0.742  0.000  0.002  0.000  0.618  0.000               9239959               6305934         100           0       0.000      99.000     254.102        1050075685   1350      0     38          44   1350
     GPU 0  1.000  0.000  0.000  0.000  0.002  0.000  0.000  0.000               9430689               6759435         100           0       0.000      99.000     254.102        1050075685   1350      0     38          45   1350

# Entity  GRACT  SMACT  SMOCC  TENSO  DRAMA  FP64A  FP32A  FP16A                 PCITX                 PCIRX       GPUTL       MCUTL       MUSAM       GUSAM       POWER             TOTEC  SACLK  PSTAT  TMPTR       MMTMP  SMCLK
      Id                                                                                                                                                               W                mJ                    C           C       
     GPU 0  1.000  0.934  0.742  0.000  0.002  0.000  0.617  0.000              11942659               9053195         100           0       0.000      99.000     254.102        1050075685   1350      0     38          45   1350
     GPU 0  1.000  0.945  0.754  0.000  0.002  0.000  0.627  0.000              11341065               8504502         100           0       0.000      99.000     254.102        1050075685   1350      0     39          45   1350
     GPU 0  1.000  0.945  0.754  0.000  0.002  0.000  0.627  0.000              11341065               8504502         100           0       0.000      99.000     254.102        1050075685   1350      0     39          45   1350
     GPU 0  1.000  0.000  0.000  0.000  0.002  0.000  0.000  0.000              10673025               8265529         100           0       0.000      99.000     253.280        1050101251   1350      0     39          44   1350
     GPU 0  1.000  0.932  0.742  0.000  0.002  0.000  0.615  0.000              10264736               7666903         100           0       0.000      99.000     253.280        1050101251   1350      0     39          44   1350
     GPU 0  1.000  0.932  0.742  0.000  0.002  0.000  0.615  0.000              10264736               7666903         100           0       0.000      99.000     253.280        1050101251   1350      0     39          44   1350
     GPU 0  1.000  0.932  0.742  0.000  0.002  0.000  0.615  0.000              10264736               7666903         100           0       0.000      99.000     253.280        1050101251   1350      0     39          44   1350
     GPU 0  1.000  0.932  0.742  0.000  0.002  0.000  0.615  0.000              10264736               7666903         100           0       0.000      99.000     253.280        1050101251   1350      0     39          44   1350
     GPU 0  1.000  0.945  0.754  0.000  0.002  0.000  0.615  0.000              10933513               6706368         100           0       0.000      99.000     252.210        1050127358   1350      0     39          45   1350
     GPU 0  1.000  0.000  0.000  0.000  0.002  0.000  0.000  0.000               9904634               7129797         100           0       0.000      99.000     252.210        1050127358   1350      0     39          45   1350
     GPU 0  1.000  0.945  0.759  0.000  0.002  0.000  0.628  0.000              12464504               8175145         100           0       0.000      99.000     252.210        1050127358   1350      0     39          45   1350
     GPU 0  1.000  0.938  0.738  0.000  0.002  0.000  0.616  0.000              13386470               9615495         100           0       0.000      99.000     252.210        1050127358   1350      0     39          45   1350
     GPU 0  1.000  0.938  0.738  0.000  0.002  0.000  0.616  0.000              13386470               9615495         100           0       0.000      99.000     252.210        1050127358   1350      0     39          45   1350
     GPU 0  1.000  0.000  0.000  0.000  0.002  0.000  0.000  0.000               9691409               7633347         100           0       0.000      99.000     251.382        1050152720   1350      0     39          45   1350

# Entity  GRACT  SMACT  SMOCC  TENSO  DRAMA  FP64A  FP32A  FP16A                 PCITX                 PCIRX       GPUTL       MCUTL       MUSAM       GUSAM       POWER             TOTEC  SACLK  PSTAT  TMPTR       MMTMP  SMCLK
      Id                                                                                                                                                               W                mJ                    C           C       
     GPU 0  1.000  0.945  0.750  0.000  0.002  0.000  0.626  0.000              10827434               7390385         100           0       0.000      99.000     251.382        1050152720   1350      0     39          45   1350
     GPU 0  1.000  0.948  0.718  0.000  0.002  0.000  0.624  0.000               2341390               1486402         100           0       0.000      99.000     251.382        1050152720   1350      0     39          45   1350
     GPU 0  1.000  0.000  0.000  0.000  0.002  0.000  0.000  0.000               2209886               1483856         100           0       0.000      99.000     251.382        1050152720   1350      0     39          45   1350
     GPU 0  1.000  0.940  0.758  0.000  0.002  0.000  0.623  0.000               4425257               3116517         100           0       0.000      99.000     251.382        1050152720   1350      0     39          45   1350
     GPU 0  1.000  0.940  0.758  0.000  0.002  0.000  0.623  0.000               4425257               3116517         100           0       0.000      99.000     253.860        1050178235   1350      0     39          45   1350
     GPU 0  1.000  0.930  0.731  0.000  0.002  0.000  0.611  0.000               6862407               5065367         100           0       0.000      99.000     253.860        1050178235   1350      0     40          45   1350
     GPU 0  1.000  0.000  0.000  0.000  0.002  0.000  0.000  0.000               8943350               6710960         100           0       0.000      99.000     253.860        1050178235   1350      0     40          45   1350
     GPU 0  1.000  0.941  0.742  0.000  0.002  0.000  0.605  0.000              10484467               8135553         100           0       0.000      99.000     253.860        1050178235   1350      0     40          45   1350
     GPU 0  1.000  0.941  0.742  0.000  0.002  0.000  0.605  0.000              10484467               8135553         100           0       0.000      99.000     253.860        1050178235   1350      0     40          45   1350
     GPU 0  1.000  0.941  0.746  0.000  0.002  0.000  0.609  0.000               9148054               6348145         100           0       0.000      99.000     254.640        1050203838   1350      0     40          45   1350
     GPU 0  1.000  0.000  0.000  0.000  0.002  0.000  0.000  0.000              11691766               7950772         100           0       0.000      99.000     254.640        1050203838   1350      0     40          45   1350
     GPU 0  1.000  0.941  0.753  0.000  0.002  0.000  0.621  0.000               2254809               1361623         100           0       0.000      99.000     254.640        1050203838   1350      0     40          45   1350
     GPU 0  1.000  0.948  0.755  0.000  0.002  0.000  0.632  0.000               2370772               1477697         100           0       0.000      99.000     254.640        1050203838   1350      0     40          45   1350
     GPU 0  1.000  0.000  0.000  0.000  0.002  0.000  0.000  0.000               5015332               3807049         100           0       0.000      99.000     254.640        1050203838   1350      0     40          45   1350

# Entity  GRACT  SMACT  SMOCC  TENSO  DRAMA  FP64A  FP32A  FP16A                 PCITX                 PCIRX       GPUTL       MCUTL       MUSAM       GUSAM       POWER             TOTEC  SACLK  PSTAT  TMPTR       MMTMP  SMCLK
      Id                                                                                                                                                               W                mJ                    C           C       
     GPU 0  1.000  0.000  0.000  0.000  0.002  0.000  0.000  0.000               5015332               3807049         100           0       0.000      99.000     254.640        1050229352   1350      0     40          45   1350
     GPU 0  1.000  0.945  0.754  0.000  0.002  0.000  0.611  0.000               8431930               5922286         100           0       0.000      99.000     254.640        1050229352   1350      0     40          45   1350
     GPU 0  1.000  0.932  0.732  0.000  0.002  0.000  0.615  0.000              10041310               7948156         100           0       0.000      99.000     254.640        1050229352   1350      0     40          45   1350
     GPU 0  1.000  0.000  0.000  0.000  0.002  0.000  0.000  0.000              11711769               8504157         100           0       0.000      99.000     254.640        1050229352   1350      0     40          45   1350
     GPU 0  1.000  0.000  0.000  0.000  0.002  0.000  0.000  0.000              11711769               8504157         100           0       0.000      99.000     254.640        1050229352   1350      0     40          45   1350
     GPU 0  1.000  0.940  0.740  0.000  0.002  0.000  0.620  0.000               7764358               5951946         100           0       0.000      99.000     255.172        1050255002   1350      0     40          45   1350
     GPU 0  1.000  0.937  0.739  0.000  0.002  0.000  0.618  0.000              11777044               7878012         100           0       0.000      99.000     255.172        1050255002   1350      0     40          45   1350
     GPU 0  1.000  0.000  0.000  0.000  0.002  0.000  0.000  0.000               2424699               1653769         100           0       0.000      99.000     255.172        1050255002   1350      0     40          45   1350
     GPU 0  1.000  0.945  0.758  0.000  0.002  0.000  0.614  0.000               5207865               3579336         100           0       0.000      99.000     255.172        1050255002   1350      0     40          45   1350
     GPU 0  1.000  0.945  0.772  0.000  0.002  0.000  0.628  0.000               5152649               3672125         100           0       0.000      99.000     255.172        1050255002   1350      0     40          45   1350
     GPU 0  1.000  0.945  0.772  0.000  0.002  0.000  0.628  0.000               5152649               3672125         100           0       0.000      99.000     256.000        1050280583   1350      0     40          45   1350
     GPU 0  1.000  0.000  0.000  0.000  0.002  0.000  0.000  0.000               8447773               5920837         100           0       0.000      99.000     256.000        1050280583   1350      0     40          45   1350
     GPU 0  1.000  0.934  0.749  0.000  0.002  0.000  0.618  0.000               9902878               7838701         100           0       0.000      99.000     256.000        1050280583   1350      0     40          45   1350
     GPU 0  1.000  0.934  0.749  0.000  0.002  0.000  0.600  0.000              11478784               8401166         100           0       0.000      99.000     256.000        1050280583   1350      0     40          45   1350

# Entity  GRACT  SMACT  SMOCC  TENSO  DRAMA  FP64A  FP32A  FP16A                 PCITX                 PCIRX       GPUTL       MCUTL       MUSAM       GUSAM       POWER             TOTEC  SACLK  PSTAT  TMPTR       MMTMP  SMCLK
      Id                                                                                                                                                               W                mJ                    C           C       
     GPU 0  1.000  0.934  0.749  0.000  0.002  0.000  0.600  0.000              11478784               8401166         100           0       0.000      99.000     256.000        1050280583   1350      0     40          45   1350
     GPU 0  1.000  0.000  0.000  0.000  0.002  0.000  0.000  0.000               7356081               5188342         100           0       0.000      99.000     253.280        1050306191   1350      0     40          45   1350
     GPU 0  1.000  0.936  0.759  0.000  0.002  0.000  0.603  0.000              11790451               8098675         100           0       0.000      99.000     253.280        1050306191   1350      0     40          45   1350
     GPU 0  1.000  0.956  0.797  0.000  0.002  0.000  0.638  0.000               3638194               1579404         100           0       0.000      99.000     253.280        1050306191   1350      0     40          45   1350
     GPU 0  1.000  0.956  0.797  0.000  0.002  0.000  0.638  0.000               3638194               1579404         100           0       0.000      99.000     253.280        1050306191   1350      0     40          45   1350
     GPU 0  1.000  0.956  0.797  0.000  0.002  0.000  0.638  0.000               3638194               1579404         100           0       0.000      99.000     253.280        1050306191   1350      0     40          45   1350
     GPU 0  1.000  0.000  0.000  0.000  0.002  0.000  0.000  0.000              16287463               9603257         100           0       0.000      99.000     253.570        1050332319   1350      0     41          45   1350
     GPU 0  1.000  0.948  0.784  0.000  0.002  0.000  0.631  0.000               8146122               5868588         100           0       0.000      99.000     253.570        1050332319   1350      0     41          45   1350
     GPU 0  1.000  0.000  0.000  0.000  0.002  0.000  0.000  0.000               7590921               5767996         100           0       0.000      99.000     253.570        1050332319   1350      0     41          45   1350
     GPU 0  1.000  0.000  0.000  0.000  0.002  0.000  0.000  0.000               7590921               5767996         100           0       0.000      99.000     253.570        1050332319   1350      0     41          45   1350
     GPU 0  1.000  0.941  0.752  0.000  0.002  0.000  0.622  0.000               9387054               7287484         100           0       0.000      99.000     253.570        1050332319   1350      0     41          45   1350
     GPU 0  1.000  0.942  0.749  0.000  0.002  0.000  0.612  0.000              10988386               8449051         100           0       0.000      99.000     252.742        1050332319   1350      0     41          45   1350
     GPU 0  1.000  0.000  0.000  0.000  0.002  0.000  0.000  0.000               1508003               1256669         100           0       0.000      99.000     252.742        1050357867   1350      0     41          46   1350
     GPU 0  1.000  0.945  0.763  0.000  0.002  0.000  0.614  0.000               9372919               7030655         100           0       0.000      99.000     252.742        1050357867   1350      0     41          46   1350

# Entity  GRACT  SMACT  SMOCC  TENSO  DRAMA  FP64A  FP32A  FP16A                 PCITX                 PCIRX       GPUTL       MCUTL       MUSAM       GUSAM       POWER             TOTEC  SACLK  PSTAT  TMPTR       MMTMP  SMCLK
      Id                                                                                                                                                               W                mJ                    C           C       
     GPU 0  1.000  0.000  0.000  0.000  0.002  0.000  0.000  0.000               9509101               7368229         100           0       0.000      99.000     252.742        1050357867   1350      0     41          45   1350
     GPU 0  1.000  0.939  0.744  0.000  0.002  0.000  0.622  0.000              11942769               7729930         100           0       0.000      99.000     252.742        1050357867   1350      0     41          45   1350
     GPU 0  1.000  0.939  0.744  0.000  0.002  0.000  0.622  0.000              11942769               7729930         100           0       0.000      99.000     252.742        1050383456   1350      0     41          46   1350
     GPU 0  1.000  0.947  0.763  0.000  0.002  0.000  0.631  0.000               4149315               2127163         100           0       0.000      99.000     252.742        1050383456   1350      0     41          46   1350
     GPU 0  1.000  0.000  0.000  0.000  0.002  0.000  0.000  0.000               3356065               3515443         100           0       0.000      99.000     252.742        1050383456   1350      0     41          46   1350
     GPU 0  1.000  0.946  0.757  0.000  0.002  0.000  0.612  0.000               6060989               5233801         100           0       0.000      99.000     252.742        1050383456   1350      0     41          46   1350
     GPU 0  1.000  0.937  0.731  0.000  0.002  0.000  0.616  0.000               7002473               5065889         100           0       0.000      99.000     252.742        1050383456   1350      0     41          46   1350
     GPU 0  1.000  0.937  0.731  0.000  0.002  0.000  0.616  0.000               7002473               5065889         100           0       0.000      99.000     252.207        1050383456   1350      0     41          46   1350
     GPU 0  1.000  0.000  0.000  0.000  0.002  0.000  0.000  0.000               9976972               6748311         100           0       0.000      99.000     252.207        1050409092   1350      0     41          46   1350
     GPU 0  1.000  0.938  0.739  0.000  0.002  0.000  0.618  0.000               7416625               5230720         100           0       0.000      99.000     252.207        1050409092   1350      0     41          46   1350
     GPU 0  1.000  0.939  0.761  0.000  0.002  0.000  0.622  0.000              11331050               8373129         100           0       0.000      99.000     252.207        1050409092   1350      0     41          46   1350
     GPU 0  1.000  0.939  0.761  0.000  0.002  0.000  0.622  0.000              11331050               8373129         100           0       0.000      99.000     252.207        1050409092   1350      0     41          46   1350
     GPU 0  1.000  0.000  0.000  0.000  0.002  0.000  0.000  0.000               6252286               4982161         100           0       0.000      99.000     253.032        1050434864   1350      0     41          46   1350
     GPU 0  1.000  0.933  0.737  0.000  0.002  0.000  0.599  0.000               3190689               1298594         100           0       0.000      99.000     253.032        1050434864   1350      0     41          46   1350

# Entity  GRACT  SMACT  SMOCC  TENSO  DRAMA  FP64A  FP32A  FP16A                 PCITX                 PCIRX       GPUTL       MCUTL       MUSAM       GUSAM       POWER             TOTEC  SACLK  PSTAT  TMPTR       MMTMP  SMCLK
      Id                                                                                                                                                               W                mJ                    C           C       
     GPU 0  1.000  0.934  0.715  0.000  0.002  0.000  0.613  0.000               5920416               3798957         100           0       0.000      99.000     253.032        1050434864   1350      0     41          46   1350
     GPU 0  1.000  0.000  0.000  0.000  0.002  0.000  0.000  0.000               6673574               4914677         100           0       0.000      99.000     253.032        1050434864   1350      0     41          46   1350
     GPU 0  1.000  0.000  0.000  0.000  0.002  0.000  0.000  0.000               6673574               4914677         100           0       0.000      99.000     253.032        1050434864   1350      0     41          46   1350
     GPU 0  1.000  0.933  0.742  0.000  0.002  0.000  0.615  0.000               8486925               7066055         100           0       0.000      99.000     254.102        1050434864   1350      0     41          46   1350
     GPU 0  1.000  0.937  0.737  0.000  0.002  0.000  0.602  0.000               9117741               7443561         100           0       0.000      99.000     254.102        1050460696   1350      0     41          46   1350
     GPU 0  1.000  0.000  0.000  0.000  0.002  0.000  0.000  0.000               7939189               5591867         100           0       0.000      99.000     254.102        1050460696   1350      0     41          46   1350
     GPU 0  1.000  0.936  0.758  0.000  0.002  0.000  0.603  0.000              10745189               8232202         100           0       0.000      99.000     254.102        1050460696   1350      0     41          46   1350
     GPU 0  1.000  0.936  0.758  0.000  0.002  0.000  0.603  0.000              10745189               8232202         100           0       0.000      99.000     254.102        1050460696   1350      0     41          46   1350
     GPU 0  1.000  0.935  0.729  0.000  0.002  0.000  0.615  0.000               7671704               6086283         100           0       0.000      99.000     254.102        1050486160   1350      0     41          46   1350
     GPU 0  1.000  0.000  0.000  0.000  0.002  0.000  0.000  0.000               1338072               1338072         100           0       0.000      99.000     255.172        1050486160   1350      0     41          46   1350
     GPU 0  1.000  0.932  0.732  0.000  0.002  0.000  0.613  0.000               6163478               4919497         100           0       0.000      99.000     255.172        1050486160   1350      0     41          46   1350
     GPU 0  1.000  0.000  0.000  0.000  0.002  0.000  0.000  0.000               2330092               1885607         100           0       0.000      99.000     255.172        1050486160   1350      0     41          46   1350
     GPU 0  1.000  0.933  0.740  0.000  0.002  0.000  0.615  0.000               2340517               1524302         100           0       0.000      99.000     255.172        1050486160   1350      0     41          46   1350
     GPU 0  1.000  0.948  0.763  0.000  0.002  0.000  0.627  0.000               5886515               4195464         100           0       0.000      99.000     252.742        1050486160   1350      0     41          46   1350

# Entity  GRACT  SMACT  SMOCC  TENSO  DRAMA  FP64A  FP32A  FP16A                 PCITX                 PCIRX       GPUTL       MCUTL       MUSAM       GUSAM       POWER             TOTEC  SACLK  PSTAT  TMPTR       MMTMP  SMCLK
      Id                                                                                                                                                               W                mJ                    C           C       
     GPU 0  1.000  0.948  0.763  0.000  0.002  0.000  0.627  0.000               5886515               4195464         100           0       0.000      99.000     252.742        1050511943   1350      0     41          46   1350
     GPU 0  1.000  0.000  0.000  0.000  0.002  0.000  0.000  0.000               7450062               5956651         100           0       0.000      99.000     252.742        1050511943   1350      0     41          46   1350
     GPU 0  1.000  0.939  0.745  0.000  0.002  0.000  0.620  0.000               9521880               7321970         100           0       0.000      99.000     252.742        1050511943   1350      0     41          46   1350
     GPU 0  1.000  0.940  0.756  0.000  0.002  0.000  0.621  0.000              13711777               9843756         100           0       0.000      99.000     252.742        1050511943   1350      0     41          46   1350
     GPU 0  1.000  0.940  0.756  0.000  0.002  0.000  0.621  0.000              13711777               9843756         100           0       0.000      99.000     251.968        1050537600   1350      0     41          46   1350
     GPU 0  1.000  0.000  0.000  0.000  0.002  0.000  0.000  0.000               7643640               5514380         100           0       0.000      99.000     251.968        1050537600   1350      0     41          46   1350
     GPU 0  1.000  0.940  0.764  0.000  0.002  0.000  0.623  0.000               9400212               7442812         100           0       0.000      99.000     251.968        1050537600   1350      0     41          46   1350
     GPU 0  1.000  0.949  0.772  0.000  0.002  0.000  0.624  0.000               4115893               4033172         100           0       0.000      99.000     251.968        1050537600   1350      0     41          46   1350
     GPU 0  1.000  0.000  0.000  0.000  0.002  0.000  0.000  0.000               5735922               4424804         100           0       0.000      99.000     251.968        1050537600   1350      0     42          46   1350
     GPU 0  1.000  0.000  0.000  0.000  0.002  0.000  0.000  0.000               5735922               4424804         100           0       0.000      99.000     254.102        1050563263   1350      0     42          46   1350
     GPU 0  1.000  0.937  0.741  0.000  0.002  0.000  0.618  0.000               5415894               3708947         100           0       0.000      99.000     254.102        1050563263   1350      0     42          46   1350
     GPU 0  1.000  0.937  0.762  0.000  0.002  0.000  0.621  0.000               7745403               6321330         100           0       0.000      99.000     254.102        1050563263   1350      0     42          46   1350
     GPU 0  1.000  0.000  0.000  0.000  0.002  0.000  0.000  0.000               8104406               6769617         100           0       0.000      99.000     254.102        1050563263   1350      0     42          46   1350
     GPU 0  1.000  0.937  0.743  0.000  0.002  0.000  0.617  0.000               9525939               6424578         100           0       0.000      99.000     254.102        1050563263   1350      0     42          46   1350

# Entity  GRACT  SMACT  SMOCC  TENSO  DRAMA  FP64A  FP32A  FP16A                 PCITX                 PCIRX       GPUTL       MCUTL       MUSAM       GUSAM       POWER             TOTEC  SACLK  PSTAT  TMPTR       MMTMP  SMCLK
      Id                                                                                                                                                               W                mJ                    C           C       
     GPU 0  1.000  0.937  0.743  0.000  0.002  0.000  0.617  0.000               9525939               6424578         100           0       0.000      99.000     254.102        1050563263   1350      0     42          46   1350
     GPU 0  1.000  0.946  0.763  0.000  0.002  0.000  0.611  0.000               8579865               6362094         100           0       0.000      99.000     254.102        1050588973   1350      0     42          46   1350
     GPU 0  1.000  0.000  0.000  0.000  0.002  0.000  0.000  0.000               9316692               6747525         100           0       0.000      99.000     254.102        1050588973   1350      0     42          46   1350
     GPU 0  0.837  0.785  0.620  0.000  0.002  0.000  0.507  0.000             427246058                414640         100           0       0.000      99.000     254.102        1050588973   1350      0     42          46   1350
     GPU 0  0.000  0.000  0.000  0.000  0.000  0.000  0.000  0.000               8071699               5228652         100           0       0.000      99.000     254.102        1050588973   1350      0     42          46   1350
     GPU 0  0.000  0.000  0.000  0.000  0.000  0.000  0.000  0.000               8071699               5228652         100           0       0.000      99.000     108.734        1050608973   1350      0     39          46   1350
     GPU 0  0.000  0.000  0.000  0.000  0.000  0.000  0.000  0.000               4744335               2366681         100           0       0.000      99.000     108.734        1050608973   1350      0     37          46   1350
     GPU 0  0.000  0.000  0.000  0.000  0.000  0.000  0.000  0.000              10241346               6267008          61           0       0.000      61.000     108.734        1050608973   1350      0     37          46   1350
     GPU 0  0.000  0.000  0.000  0.000  0.000  0.000  0.000  0.000               8842280               5584647          61           0       0.000      61.000     108.734        1050608973   1350      0     36          46   1350
     GPU 0  0.000  0.000  0.000  0.000  0.000  0.000  0.000  0.000               8634899               5072200          61           0       0.000      61.000     108.734        1050608973   1350      0     35          46   1350
     GPU 0  0.000  0.000  0.000  0.000  0.000  0.000  0.000  0.000              11225732               6466989          61           0       0.000      61.000     103.329        1050619496   1350      0     35          46   1350
     GPU 0  0.000  0.000  0.000  0.000  0.000  0.000  0.000  0.000               9909657               6487060          61           0       0.000      61.000     103.329        1050619496   1350      0     35          46   1350
     GPU 0  0.000  0.000  0.000  0.000  0.000  0.000  0.000  0.000              11738613               7393327          61           0       0.000      61.000     103.329        1050619496   1350      0     35          46   1350
     GPU 0  0.000  0.000  0.000  0.000  0.000  0.000  0.000  0.000              11738613               7393327          61           0       0.000      61.000     103.329        1050619496   1350      0     34          46   1350

# Entity  GRACT  SMACT  SMOCC  TENSO  DRAMA  FP64A  FP32A  FP16A                 PCITX                 PCIRX       GPUTL       MCUTL       MUSAM       GUSAM       POWER             TOTEC  SACLK  PSTAT  TMPTR       MMTMP  SMCLK
      Id                                                                                                                                                               W                mJ                    C           C       
     GPU 0  0.000  0.000  0.000  0.000  0.000  0.000  0.000  0.000              10795948               6515390          61           0       0.000      61.000     103.329        1050619496   1350      0     34          46   1350
     GPU 0  0.000  0.000  0.000  0.000  0.000  0.000  0.000  0.000               3291780                274315          61           0       0.000      61.000     103.039        1050629923   1350      0     34          46   1350
     GPU 0  0.000  0.000  0.000  0.000  0.000  0.000  0.000  0.000               3027059                275187          61           0       0.000      61.000     103.039        1050629923   1350      0     34          46   1350
     GPU 0  0.000  0.000  0.000  0.000  0.000  0.000  0.000  0.000               4334700               1858673          61           0       0.000      61.000     103.039        1050629923   1350      0     34          46   1350
     GPU 0  0.000  0.000  0.000  0.000  0.000  0.000  0.000  0.000               4334700               1858673          61           0       0.000      61.000     103.039        1050629923   1350      0     33          46   1350
     GPU 0  0.000  0.000  0.000  0.000  0.000  0.000  0.000  0.000               4334700               1858673          61           0       0.000      61.000     103.039        1050629923   1350      0     33          46   1350
     GPU 0  0.000  0.000  0.000  0.000  0.000  0.000  0.000  0.000              18453648               9318405           0           0       0.000       0.000     103.039        1050640450   1350      0     33          46   1350
     GPU 0  0.000  0.000  0.000  0.000  0.000  0.000  0.000  0.000               6639464               3536522           0           0       0.000       0.000     103.039        1050640450   1350      0     33          46   1350
     GPU 0  0.000  0.000  0.000  0.000  0.000  0.000  0.000  0.000               6639464               3536522           0           0       0.000       0.000     103.039        1050640450   1350      0     33          46   1350
     GPU 0  0.000  0.000  0.000  0.000  0.000  0.000  0.000  0.000              10241675               5908295           0           0       0.000       0.000     103.039        1050640450   1350      0     33          46   1350
     GPU 0  0.000  0.000  0.000  0.000  0.000  0.000  0.000  0.000               9607472               6083046           0           0       0.000       0.000     103.039        1050640450   1350      0     33          46   1350
     GPU 0  0.000  0.000  0.000  0.000  0.000  0.000  0.000  0.000              10515070               6836047           0           0       0.000       0.000     103.862        1050640450   1350      0     33          46   1350
     GPU 0  0.000  0.000  0.000  0.000  0.000  0.000  0.000  0.000               9437342               5838706           0           0       0.000       0.000     103.862        1050650876   1350      0     33          46   1350
     GPU 0  0.000  0.000  0.000  0.000  0.000  0.000  0.000  0.000               3531460               1898417           0           0       0.000       0.000     103.862        1050650876   1350      0     33          45   1350

# Entity  GRACT  SMACT  SMOCC  TENSO  DRAMA  FP64A  FP32A  FP16A                 PCITX                 PCIRX       GPUTL       MCUTL       MUSAM       GUSAM       POWER             TOTEC  SACLK  PSTAT  TMPTR       MMTMP  SMCLK
      Id                                                                                                                                                               W                mJ                    C           C       
     GPU 0  0.000  0.000  0.000  0.000  0.000  0.000  0.000  0.000               3531460               1898417           0           0       0.000       0.000     103.862        1050650876   1350      0     32          46   1350
     GPU 0  0.000  0.000  0.000  0.000  0.000  0.000  0.000  0.000               4002841                275230           0           0       0.000       0.000     103.862        1050650876   1350      0     32          46   1350
     GPU 0  0.000  0.000  0.000  0.000  0.000  0.000  0.000  0.000               4002841                275230           0           0       0.000       0.000     103.620        1050650876   1350      0     32          46   1350
     GPU 0  0.002  0.000  0.000  0.000  0.000  0.000  0.000  0.000               5060285               5963246           0           0       0.000       0.000     103.620        1050661355   1350      0     32          46   1350
     GPU 0  0.002  0.000  0.000  0.000  0.000  0.000  0.000  0.000               5060285               5963246           0           0       0.000       0.000     103.620        1050661355   1350      0     32          45   1350
     GPU 0  0.002  0.000  0.000  0.000  0.000  0.000  0.000  0.000               5060285               5963246           0           0       0.000       0.000     103.620        1050661355   1350      0     32          45   1350
     GPU 0  0.000  0.000  0.000  0.000  0.000  0.000  0.000  0.000               6643778               5761567           0           0       0.000       0.000     103.620        1050661355   1350      0     32          44   1350
     GPU 0  0.000  0.000  0.000  0.000  0.000  0.000  0.000  0.000               6643778               5761567           0           0       0.000       0.000     103.862        1050661355   1350      0     32          45   1350
     GPU 0  0.000  0.000  0.000  0.000  0.000  0.000  0.000  0.000              12510653              14033113           0           0       0.000       0.000     103.862        1050671863   1350      0     32          45   1350
     GPU 0  0.000  0.000  0.000  0.000  0.000  0.000  0.000  0.000              12510653              14033113           0           0       0.000       0.000     103.862        1050671863   1350      0     32          45   1350
     GPU 0  0.000  0.000  0.000  0.000  0.000  0.000  0.000  0.000              12510653              14033113           0           0       0.000       0.000     103.862        1050671863   1350      0     32          45   1350
     GPU 0  0.000  0.000  0.000  0.000  0.000  0.000  0.000  0.000              12510653              14033113           0           0       0.000       0.000     103.862        1050671863   1350      0     32          45   1350
     GPU 0  0.000  0.000  0.000  0.000  0.000  0.000  0.000  0.000              12510653              14033113           6           0       0.000       0.000     103.620        1050682519   1350      0     32          45   1350
     GPU 0  0.000  0.000  0.000  0.000  0.000  0.000  0.000  0.000              11664479               8642442           6           0       0.000       0.000     103.620        1050682519   1350      0     32          45   1350

# Entity  GRACT  SMACT  SMOCC  TENSO  DRAMA  FP64A  FP32A  FP16A                 PCITX                 PCIRX       GPUTL       MCUTL       MUSAM       GUSAM       POWER             TOTEC  SACLK  PSTAT  TMPTR       MMTMP  SMCLK
      Id                                                                                                                                                               W                mJ                    C           C       
     GPU 0  0.000  0.000  0.000  0.000  0.000  0.000  0.000  0.000               7353981               6346308           6           0       0.000       0.000     103.620        1050682519   1350      0     32          45   1350
     GPU 0  0.000  0.000  0.000  0.000  0.000  0.000  0.000  0.000               7353981               6346308           6           0       0.000       0.000     103.620        1050682519   1350      0     32          45   1350
     GPU 0  0.000  0.000  0.000  0.000  0.000  0.000  0.000  0.000               7857515               4941016           6           0       0.000       0.000     103.620        1050682519   1350      0     31          45   1350
     GPU 0  0.000  0.000  0.000  0.000  0.000  0.000  0.000  0.000               5760386               3717424           6           0       0.000       0.000     103.620        1050682519   1350      0     31          45   1350
     GPU 0  0.000  0.000  0.000  0.000  0.000  0.000  0.000  0.000              12236606               7233260           6           0       0.000       0.000     103.620        1050692891   1350      0     31          45   1350
     GPU 0  0.000  0.000  0.000  0.000  0.000  0.000  0.000  0.000               8818638               5341650           0           0       0.000       0.000     103.620        1050692891   1350      0     31          45   1350
     GPU 0  0.000  0.000  0.000  0.000  0.000  0.000  0.000  0.000               9281568               5872151           0           0       0.000       0.000     103.620        1050692891   1350      0     31          45   1350
     GPU 0  0.000  0.000  0.000  0.000  0.000  0.000  0.000  0.000               9281568               5872151           0           0       0.000       0.000     103.620        1050692891   1350      0     31          45   1350
     GPU 0  0.000  0.000  0.000  0.000  0.000  0.000  0.000  0.000               9517334               6121722           0           0       0.000       0.000     103.329        1050703341   1350      0     31          45   1350
     GPU 0  0.000  0.000  0.000  0.000  0.000  0.000  0.000  0.000               8016019               4800595           0           0       0.000       0.000     103.329        1050703341   1350      0     31          45   1350
     GPU 0  0.000  0.000  0.000  0.000  0.000  0.000  0.000  0.000               3302687                 41851           0           0       0.000       0.000     103.329        1050703341   1350      0     31          45   1350
     GPU 0  0.000  0.000  0.000  0.000  0.000  0.000  0.000  0.000               3303090                233406           0           0       0.000       0.000     103.329        1050703341   1350      0     31          45   1350
     GPU 0  0.000  0.000  0.000  0.000  0.000  0.000  0.000  0.000               4661515               1938347           0           0       0.000       0.000     103.329        1050703341   1350      0     31          45   1350
     GPU 0  0.000  0.000  0.000  0.000  0.000  0.000  0.000  0.000               5461994               2329238           0           0       0.000       0.000     103.329        1050703341   1350      0     31          45   1350

# Entity  GRACT  SMACT  SMOCC  TENSO  DRAMA  FP64A  FP32A  FP16A                 PCITX                 PCIRX       GPUTL       MCUTL       MUSAM       GUSAM       POWER             TOTEC  SACLK  PSTAT  TMPTR       MMTMP  SMCLK
      Id                                                                                                                                                               W                mJ                    C           C       
     GPU 0  0.000  0.000  0.000  0.000  0.000  0.000  0.000  0.000               5461994               2329238           0           0       0.000       0.000     103.329        1050713782   1350      0     31          45   1350
     GPU 0  0.000  0.000  0.000  0.000  0.000  0.000  0.000  0.000               8538325               3956947           0           0       0.000       0.000     103.329        1050713782   1350      0     31          45   1350
     GPU 0  0.000  0.000  0.000  0.000  0.000  0.000  0.000  0.000               7486641               3982735           0           0       0.000       0.000     103.329        1050713782   1350      0     31          45   1350
     GPU 0  0.000  0.000  0.000  0.000  0.000  0.000  0.000  0.000               8146050               4929760           0           0       0.000       0.000     103.329        1050713782   1350      0     31          45   1350
     GPU 0  0.000  0.000  0.000  0.000  0.000  0.000  0.000  0.000               8146050               4929760           0           0       0.000       0.000     103.329        1050724227   1350      0     31          45   1350
     GPU 0  0.000  0.000  0.000  0.000  0.000  0.000  0.000  0.000               6178885               3790345           0           0       0.000       0.000     103.329        1050724227   1350      0     31          45   1350
     GPU 0  0.000  0.000  0.000  0.000  0.000  0.000  0.000  0.000                992566                 82713           0           0       0.000       0.000     103.329        1050724227   1350      0     31          45   1350
     GPU 0  0.000  0.000  0.000  0.000  0.000  0.000  0.000  0.000               5803656               4595014           0           0       0.000       0.000     103.329        1050724227   1350      0     31          45   1350
     GPU 0  0.000  0.000  0.000  0.000  0.000  0.000  0.000  0.000               1958052                     0           0           0       0.000       0.000     103.329        1050724227   1350      0     31          45   1350
     GPU 0  0.000  0.000  0.000  0.000  0.000  0.000  0.000  0.000               3424409                274909           0           0       0.000       0.000     103.329        1050724227   1350      0     31          45   1350
     GPU 0  0.000  0.000  0.000  0.000  0.000  0.000  0.000  0.000               3424409                274909           0           0       0.000       0.000     103.329        1050734656   1350      0     31          45   1350
     GPU 0  0.000  0.000  0.000  0.000  0.000  0.000  0.000  0.000               6235348               2435530           0           0       0.000       0.000     103.329        1050734656   1350      0     31          45   1350
     GPU 0  0.000  0.000  0.000  0.000  0.000  0.000  0.000  0.000               5717916               2668356           0           0       0.000       0.000     103.329        1050734656   1350      0     31          45   1350
     GPU 0  0.000  0.000  0.000  0.000  0.000  0.000  0.000  0.000               7046125               3916919           0           0       0.000       0.000     103.329        1050734656   1350      0     31          45   1350

# Entity  GRACT  SMACT  SMOCC  TENSO  DRAMA  FP64A  FP32A  FP16A                 PCITX                 PCIRX       GPUTL       MCUTL       MUSAM       GUSAM       POWER             TOTEC  SACLK  PSTAT  TMPTR       MMTMP  SMCLK
      Id                                                                                                                                                               W                mJ                    C           C       
     GPU 0  0.000  0.000  0.000  0.000  0.000  0.000  0.000  0.000               7046125               3916919           0           0       0.000       0.000     103.039        1050745045   1350      0     31          45   1350
     GPU 0  0.000  0.000  0.000  0.000  0.000  0.000  0.000  0.000               9890998               5979621           0           0       0.000       0.000     103.039        1050745045   1350      0     31          45   1350
     GPU 0  0.000  0.000  0.000  0.000  0.000  0.000  0.000  0.000               7725663               4373485           0           0       0.000       0.000     103.039        1050745045   1350      0     31          45   1350
     GPU 0  0.000  0.000  0.000  0.000  0.000  0.000  0.000  0.000               3260576                275203           0           0       0.000       0.000     103.039        1050745045   1350      0     31          45   1350
     GPU 0  0.000  0.000  0.000  0.000  0.000  0.000  0.000  0.000               1963875                163312           0           0       0.000       0.000     103.039        1050745045   1350      0     31          45   1350
     GPU 0  0.000  0.000  0.000  0.000  0.000  0.000  0.000  0.000               4642102               1739687           0           0       0.000       0.000     103.039        1050745045   1350      0     31          45   1350
     GPU 0  0.000  0.000  0.000  0.000  0.000  0.000  0.000  0.000               4642102               1739687           0           0       0.000       0.000     103.329        1050755525   1350      0     31          45   1350
     GPU 0  0.000  0.000  0.000  0.000  0.000  0.000  0.000  0.000               6673651               3016638           0           0       0.000       0.000     103.329        1050755525   1350      0     31          45   1350
     GPU 0  0.000  0.000  0.000  0.000  0.000  0.000  0.000  0.000               7646237               3885443           0           0       0.000       0.000     103.329        1050755525   1350      0     31          45   1350
     GPU 0  0.000  0.000  0.000  0.000  0.000  0.000  0.000  0.000               7347558               4148306           0           0       0.000       0.000     103.329        1050755525   1350      0     31          45   1350
     GPU 0  0.000  0.000  0.000  0.000  0.000  0.000  0.000  0.000               7347558               4148306           0           0       0.000       0.000     103.039        1050765881   1350      0     31          45   1350
     GPU 0  0.000  0.000  0.000  0.000  0.000  0.000  0.000  0.000              11211579               7180691           0           0       0.000       0.000     103.039        1050765881   1350      0     31          45   1350
     GPU 0  0.000  0.000  0.000  0.000  0.000  0.000  0.000  0.000               9046633               4867517           0           0       0.000       0.000     103.039        1050765881   1350      0     31          45   1350
     GPU 0  0.000  0.000  0.000  0.000  0.000  0.000  0.000  0.000               3299047                274920           0           0       0.000       0.000     103.039        1050765881   1350      0     31          45   1350

# Entity  GRACT  SMACT  SMOCC  TENSO  DRAMA  FP64A  FP32A  FP16A                 PCITX                 PCIRX       GPUTL       MCUTL       MUSAM       GUSAM       POWER             TOTEC  SACLK  PSTAT  TMPTR       MMTMP  SMCLK
      Id                                                                                                                                                               W                mJ                    C           C       
     GPU 0  0.000  0.000  0.000  0.000  0.000  0.000  0.000  0.000               3419744                274497           0           0       0.000       0.000     103.039        1050765881   1350      0     31          45   1350
     GPU 0  0.000  0.000  0.000  0.000  0.000  0.000  0.000  0.000               3419744                274497           0           0       0.000       0.000     103.039        1050765881   1350      0     31          45   1350
     GPU 0  0.000  0.000  0.000  0.000  0.000  0.000  0.000  0.000               3421972                274716           0           0       0.000       0.000     103.329        1050776287   1350      0     31          45   1350
     GPU 0  0.000  0.000  0.000  0.000  0.000  0.000  0.000  0.000               6253403               2751371           0           0       0.000       0.000     103.329        1050776287   1350      0     30          45   1350
     GPU 0  0.000  0.000  0.000  0.000  0.000  0.000  0.000  0.000               7798186               4216959           0           0       0.000       0.000     103.329        1050776287   1350      0     30          45   1350
     GPU 0  0.000  0.000  0.000  0.000  0.000  0.000  0.000  0.000               8764792               5236193           0           0       0.000       0.000     103.329        1050776287   1350      0     30          45   1350
     GPU 0  0.000  0.000  0.000  0.000  0.000  0.000  0.000  0.000               8764792               5236193           0           0       0.000       0.000     103.039        1050786677   1350      0     30          45   1350
     GPU 0  0.000  0.000  0.000  0.000  0.000  0.000  0.000  0.000               4892600               3511748           0           0       0.000       0.000     103.039        1050786677   1350      0     30          45   1350
     GPU 0  0.000  0.000  0.000  0.000  0.000  0.000  0.000  0.000               9623529               5922725           0           0       0.000       0.000     103.039        1050786677   1350      0     30          45   1350
     GPU 0  0.000  0.000  0.000  0.000  0.000  0.000  0.000  0.000               3297689                274807           0           0       0.000       0.000     103.039        1050786677   1350      0     30          45   1350
     GPU 0  0.000  0.000  0.000  0.000  0.000  0.000  0.000  0.000               3423485                274836           0           0       0.000       0.000     103.039        1050786677   1350      0     30          45   1350
     GPU 0  0.000  0.000  0.000  0.000  0.000  0.000  0.000  0.000               3423485                274836           0           0       0.000       0.000     103.039        1050786677   1350      0     30          45   1350
     GPU 0  0.000  0.000  0.000  0.000  0.000  0.000  0.000  0.000               4503656               1846583           0           0       0.000       0.000     103.039        1050797073   1350      0     30          45   1350
     GPU 0  0.000  0.000  0.000  0.000  0.000  0.000  0.000  0.000               7669664               3956454           0           0       0.000       0.000     103.039        1050797073   1350      0     30          45   1350

# Entity  GRACT  SMACT  SMOCC  TENSO  DRAMA  FP64A  FP32A  FP16A                 PCITX                 PCIRX       GPUTL       MCUTL       MUSAM       GUSAM       POWER             TOTEC  SACLK  PSTAT  TMPTR       MMTMP  SMCLK
      Id                                                                                                                                                               W                mJ                    C           C       
     GPU 0  0.000  0.000  0.000  0.000  0.000  0.000  0.000  0.000              11574240               5075150           0           0       0.000       0.000     103.039        1050797073   1350      0     30          45   1350
     GPU 0  0.000  0.000  0.000  0.000  0.000  0.000  0.000  0.000              11574240               5075150           0           0       0.000       0.000     103.039        1050797073   1350      0     30          45    330
     GPU 0  0.000  0.000  0.000  0.000  0.000  0.000  0.000  0.000              10332614              10861198           0           0       0.000       0.000      82.431        1050807047   1350      0     30          45    330
     GPU 0  0.000  0.000  0.000  0.000  0.000  0.000  0.000  0.000               6098801               3753816           0           0       0.000       0.000      82.431        1050807047   1350      0     30          45    330
