# Entity  GRACT  SMACT  SMOCC  TENSO  DRAMA  FP64A  FP32A  FP16A                 PCITX                 PCIRX       GPUTL       MCUTL       MUSAM       GUSAM       POWER             TOTEC  SACLK  PSTAT  TMPTR       MMTMP  SMCLK
      Id                                                                                                                                                               W                mJ                    C           C       
     GPU 0  0.000  0.000  0.000  0.000  0.000  0.000  0.000  0.000             101851851               9259259           0           0       0.000       0.000      76.729        6170072143    990      0     26          43    210
     GPU 0  0.000  0.000  0.000  0.000  0.000  0.000  0.000  0.000               9777468               5315717           0           0       0.000       0.000      76.729        6170072143    990      0     26          43    210
     GPU 0  0.000  0.000  0.000  0.000  0.000  0.000  0.000  0.000               9777468               5315717           0           0       0.000       0.000      78.383        6170079961    990      0     27          43    210
     GPU 0  0.000  0.000  0.000  0.000  0.000  0.000  0.000  0.000               9508985               6373277           0           0       0.000       0.000      78.383        6170079961    990      0     27          43    210
     GPU 0  0.000  0.000  0.000  0.000  0.000  0.000  0.000  0.000               4706162               2662876           0           0       0.000       0.000      78.383        6170079961    990      0     27          43    210
     GPU 0  0.000  0.000  0.000  0.000  0.000  0.000  0.000  0.000               8257780               5719667           0           0       0.000       0.000      78.383        6170079961    990      0     27          43    210
     GPU 0  0.000  0.000  0.000  0.000  0.000  0.000  0.000  0.000               8257780               5719667           0           0       0.000       0.000      78.383        6170079961    990      0     27          43    210
     GPU 0  0.000  0.000  0.000  0.000  0.000  0.000  0.000  0.000               4157104               3076824           0           0       0.000       0.000      78.383        6170087848    990      0     27          43    210
     GPU 0  0.000  0.000  0.000  0.000  0.000  0.000  0.000  0.000               1172596                 83756           0           0       0.000       0.000      78.383        6170087848    990      0     27          43    210
     GPU 0  0.000  0.000  0.000  0.000  0.000  0.000  0.000  0.000               5502747               2785838           0           0       0.000       0.000      78.383        6170087848    990      0     27          43    210
     GPU 0  0.000  0.000  0.000  0.000  0.000  0.000  0.000  0.000               3009115                273555           0           0       0.000       0.000      78.383        6170087848    990      0     27          43    210
     GPU 0  0.000  0.000  0.000  0.000  0.000  0.000  0.000  0.000               4350268               1868949           0           0       0.000       0.000      78.383        6170087848    990      0     27          43    210
     GPU 0  0.000  0.000  0.000  0.000  0.000  0.000  0.000  0.000               4350268               1868949           0           0       0.000       0.000      78.383        6170095780    990      0     27          43    210
     GPU 0  0.000  0.000  0.000  0.000  0.000  0.000  0.000  0.000               6203666               3267861           0           0       0.000       0.000      78.383        6170095780    990      0     27          43    210
     GPU 0  0.000  0.000  0.000  0.000  0.000  0.000  0.000  0.000               8314102               4506120           0           0       0.000       0.000      78.383        6170095780    990      0     27          43    210

# Entity  GRACT  SMACT  SMOCC  TENSO  DRAMA  FP64A  FP32A  FP16A                 PCITX                 PCIRX       GPUTL       MCUTL       MUSAM       GUSAM       POWER             TOTEC  SACLK  PSTAT  TMPTR       MMTMP  SMCLK
      Id                                                                                                                                                               W                mJ                    C           C       
     GPU 0  0.000  0.000  0.000  0.000  0.000  0.000  0.000  0.000               6023074               3390740           0           0       0.000       0.000      78.383        6170095780    990      0     27          43    210
     GPU 0  0.000  0.000  0.000  0.000  0.000  0.000  0.000  0.000               6023074               3390740           0           0       0.000       0.000      78.383        6170095780    990      0     27          43    210
     GPU 0  0.000  0.000  0.000  0.000  0.000  0.000  0.000  0.000               6448691               4815167           0           0       0.000       0.000      78.383        6170103693    990      0     27          43    210
     GPU 0  0.000  0.000  0.000  0.000  0.000  0.000  0.000  0.000               1172989                     0           0           0       0.000       0.000      78.383        6170103693    990      0     27          43    210
     GPU 0  0.000  0.000  0.000  0.000  0.000  0.000  0.000  0.000               5807509               4026054           0           0       0.000       0.000      78.383        6170103693    990      0     27          43    210
     GPU 0  0.000  0.000  0.000  0.000  0.000  0.000  0.000  0.000               3994706                232774           0           0       0.000       0.000      78.383        6170103693    990      0     27          43    210
     GPU 0  0.000  0.000  0.000  0.000  0.000  0.000  0.000  0.000               3024153                274923           0           0       0.000       0.000      78.383        6170103693    990      0     27          43    210
     GPU 0  0.000  0.000  0.000  0.000  0.000  0.000  0.000  0.000               3024153                274923           0           0       0.000       0.000      78.383        6170111619    990      0     27          43    210
     GPU 0  0.000  0.000  0.000  0.000  0.000  0.000  0.000  0.000               4613745               2047006           0           0       0.000       0.000      78.383        6170111619    990      0     27          43    210
     GPU 0  0.000  0.000  0.000  0.000  0.000  0.000  0.000  0.000               8937110               6415503           0           0       0.000       0.000      78.383        6170111619    990      0     27          43    210
     GPU 0  0.000  0.000  0.000  0.000  0.000  0.000  0.000  0.000               8937110               6415503           0           0       0.000       0.000      78.383        6170111619    990      0     27          43    210
     GPU 0  0.000  0.000  0.000  0.000  0.000  0.000  0.000  0.000               3629563               3536497           0           0       0.000       0.000      78.383        6170111619    990      0     27          43    210
     GPU 0  0.000  0.000  0.000  0.000  0.000  0.000  0.000  0.000               2454929              11456335           0           0       0.000       0.000      78.383        6170119561    990      0     27          43    210
     GPU 0  0.000  0.000  0.000  0.000  0.000  0.000  0.000  0.000               8899306              22883931           0           0       0.000       0.000      78.383        6170119561    990      0     27          43    210

# Entity  GRACT  SMACT  SMOCC  TENSO  DRAMA  FP64A  FP32A  FP16A                 PCITX                 PCIRX       GPUTL       MCUTL       MUSAM       GUSAM       POWER             TOTEC  SACLK  PSTAT  TMPTR       MMTMP  SMCLK
      Id                                                                                                                                                               W                mJ                    C           C       
     GPU 0  0.000  0.000  0.000  0.000  0.000  0.000  0.000  0.000               3017444              12824139           0           0       0.000       0.000      78.383        6170119561    990      0     27          43    210
     GPU 0  0.000  0.000  0.000  0.000  0.000  0.000  0.000  0.000               3017444              12824139           0           0       0.000       0.000      78.383        6170119561    990      0     27          43    210
     GPU 0  0.000  0.000  0.000  0.000  0.000  0.000  0.000  0.000               5427031               4625311           0           0       0.000       0.000      78.383        6170119561    990      0     27          43    210
     GPU 0  0.000  0.000  0.000  0.000  0.000  0.000  0.000  0.000               6719287               4550068           0           0       0.000       0.000      78.383        6170127458    990      0     27          43    210
     GPU 0  0.000  0.000  0.000  0.000  0.000  0.000  0.000  0.000               1032310                589891           0           0       0.000       0.000      78.383        6170127458    990      0     27          43    210
     GPU 0  0.000  0.000  0.000  0.000  0.000  0.000  0.000  0.000               1032310                589891           0           0       0.000       0.000      78.383        6170127458    990      0     27          43    210
     GPU 0  0.000  0.000  0.000  0.000  0.000  0.000  0.000  0.000               1032310                589891           0           0       0.000       0.000      78.383        6170127458    990      0     27          43    210
     GPU 0  0.000  0.000  0.000  0.000  0.000  0.000  0.000  0.000               6004003               3631754           0           0       0.000       0.000      78.383        6170127458    990      0     27          43    210
     GPU 0  0.000  0.000  0.000  0.000  0.000  0.000  0.000  0.000               6004003               3631754           0           0       0.000       0.000      78.383        6170135359    990      0     27          43    210
     GPU 0  0.000  0.000  0.000  0.000  0.000  0.000  0.000  0.000              10824072               7557708           0           0       0.000       0.000      78.383        6170135359    990      0     27          43    210
     GPU 0  0.000  0.000  0.000  0.000  0.000  0.000  0.000  0.000               2343034               3514552           0           0       0.000       0.000      78.383        6170135359    990      0     27          43    210
     GPU 0  0.000  0.000  0.000  0.000  0.000  0.000  0.000  0.000               2343034               3514552           0           0       0.000       0.000      78.383        6170135359    990      0     27          43    210
     GPU 0  0.000  0.000  0.000  0.000  0.000  0.000  0.000  0.000              10850703               7260396           0           0       0.000       0.000      78.383        6170135359    990      0     27          43    210
     GPU 0  0.000  0.000  0.000  0.000  0.000  0.000  0.000  0.000              17061640              10318230           0           0       0.000       0.000      78.383        6170135359    990      0     27          43    210

# Entity  GRACT  SMACT  SMOCC  TENSO  DRAMA  FP64A  FP32A  FP16A                 PCITX                 PCIRX       GPUTL       MCUTL       MUSAM       GUSAM       POWER             TOTEC  SACLK  PSTAT  TMPTR       MMTMP  SMCLK
      Id                                                                                                                                                               W                mJ                    C           C       
     GPU 0  0.000  0.000  0.000  0.000  0.000  0.000  0.000  0.000              21677821              52733990           0           0       0.000       0.000      78.383        6170143293    990      0     27          43    210
     GPU 0  0.000  0.000  0.000  0.000  0.000  0.000  0.000  0.000               8869805              18465322           0           0       0.000       0.000      78.383        6170143293    990      0     27          43    210
     GPU 0  0.000  0.000  0.000  0.000  0.000  0.000  0.000  0.000               8869805              18465322           0           0       0.000       0.000      78.383        6170143293    990      0     27          43    210
     GPU 0  0.000  0.000  0.000  0.000  0.000  0.000  0.000  0.000               9552320              20910153           0           0       0.000       0.000      78.383        6170143293    990      0     27          43    210
     GPU 0  0.000  0.000  0.000  0.000  0.000  0.000  0.000  0.000               9552320              20910153           0           0       0.000       0.000      78.383        6170143293    990      0     27          43    210
     GPU 0  0.000  0.000  0.000  0.000  0.000  0.000  0.000  0.000               9218495              18225879           0           0       0.000       0.000      78.383        6170151235    990      0     27          43    990
     GPU 0  0.130  0.000  0.000  0.000  0.000  0.000  0.000  0.000              16230307              51363582           0           0       0.000       0.000      78.383        6170151235    990      0     27          43    990
     GPU 0  0.009  0.000  0.000  0.000  0.001  0.000  0.000  0.000             202613389            1741543934           0           0       0.000       0.000      78.383        6170151235    990      0     27          43    990
     GPU 0  0.486  0.000  0.000  0.000  0.001  0.000  0.000  0.000              16043410              69963470           0           0       0.000       7.000      78.383        6170151235    990      0     27          43    990
     GPU 0  0.486  0.000  0.000  0.000  0.001  0.000  0.000  0.000              16043410              69963470           8           0       0.000       7.000     124.623        6170160141    990      0     27          43    990
     GPU 0  1.000  0.924  0.742  0.000  0.001  0.000  0.608  0.000               8206378               5679668           8           0       0.000       7.000     124.623        6170160141    990      0     28          43    990
     GPU 0  1.000  0.000  0.000  0.000  0.001  0.000  0.000  0.000              10218532               7245933           8           0       0.000       7.000     124.623        6170160141    990      0     29          43    990
     GPU 0  1.000  0.943  0.761  0.000  0.001  0.000  0.621  0.000              13213792               9343526           8           0       0.000       7.000     124.623        6170160141    990      0     29          43    990
     GPU 0  1.000  0.943  0.754  0.000  0.001  0.000  0.601  0.000               7964566               6161828           8           0       0.000       7.000     124.623        6170160141    990      0     30          43    990

# Entity  GRACT  SMACT  SMOCC  TENSO  DRAMA  FP64A  FP32A  FP16A                 PCITX                 PCIRX       GPUTL       MCUTL       MUSAM       GUSAM       POWER             TOTEC  SACLK  PSTAT  TMPTR       MMTMP  SMCLK
      Id                                                                                                                                                               W                mJ                    C           C       
     GPU 0  1.000  0.000  0.000  0.000  0.001  0.000  0.000  0.000               3387138               1477672           8           0       0.000       7.000     163.649        6170176259    990      0     30          43    990
     GPU 0  1.000  0.000  0.000  0.000  0.001  0.000  0.000  0.000               3387138               1477672           8           0       0.000       7.000     163.649        6170176259    990      0     30          43    990
     GPU 0  1.000  0.935  0.744  0.000  0.001  0.000  0.617  0.000               3722983               1411816           8           0       0.000       7.000     163.649        6170176259    990      0     30          43    990
     GPU 0  1.000  0.961  0.766  0.000  0.001  0.000  0.644  0.000               5029058               2951571           8           0       0.000       7.000     163.649        6170176259    990      0     31          43    990
     GPU 0  1.000  0.000  0.000  0.000  0.001  0.000  0.000  0.000               6986946               4746251           8           0       0.000       7.000     163.649        6170176259    990      0     31          43    990
     GPU 0  1.000  0.939  0.742  0.000  0.001  0.000  0.610  0.000              10850103               6290338         100           0       0.000      99.000     162.819        6170192836    990      0     31          44    990
     GPU 0  1.000  0.943  0.757  0.000  0.001  0.000  0.597  0.000               8698919               5751426         100           0       0.000      99.000     162.819        6170192836    990      0     31          43    990
     GPU 0  1.000  0.000  0.000  0.000  0.001  0.000  0.000  0.000              10055736               7135041         100           0       0.000      99.000     162.819        6170192836    990      0     31          44    990
     GPU 0  1.000  0.941  0.764  0.000  0.001  0.000  0.607  0.000               9552275               7403130         100           0       0.000      99.000     162.819        6170192836    990      0     31          43    990
     GPU 0  1.000  0.941  0.764  0.000  0.001  0.000  0.607  0.000               9552275               7403130         100           0       0.000      99.000     162.819        6170192836    990      0     31          44    990
     GPU 0  1.000  0.937  0.756  0.000  0.001  0.000  0.622  0.000               9193099               6769815         100           0       0.000      99.000     163.890        6170209346    990      0     31          43    990
     GPU 0  1.000  0.000  0.000  0.000  0.001  0.000  0.000  0.000               9566410               6332447         100           0       0.000      99.000     163.890        6170209346    990      0     31          44    990
     GPU 0  1.000  0.940  0.733  0.000  0.001  0.000  0.619  0.000               9440969               6395911         100           0       0.000      99.000     163.890        6170209346    990      0     31          44    990
     GPU 0  1.000  0.940  0.746  0.000  0.001  0.000  0.621  0.000               8254262               6243267         100           0       0.000      99.000     163.890        6170209346    990      0     31          44    990

# Entity  GRACT  SMACT  SMOCC  TENSO  DRAMA  FP64A  FP32A  FP16A                 PCITX                 PCIRX       GPUTL       MCUTL       MUSAM       GUSAM       POWER             TOTEC  SACLK  PSTAT  TMPTR       MMTMP  SMCLK
      Id                                                                                                                                                               W                mJ                    C           C       
     GPU 0  1.000  0.940  0.746  0.000  0.001  0.000  0.621  0.000               8254262               6243267         100           0       0.000      99.000     163.890        6170209346    990      0     32          44    990
     GPU 0  1.000  0.000  0.000  0.000  0.001  0.000  0.000  0.000               6115561               4172008         100           0       0.000      99.000     163.649        6170209346    990      0     32          44    990
     GPU 0  1.000  0.943  0.755  0.000  0.001  0.000  0.600  0.000              12129193               8380323         100           0       0.000      99.000     163.649        6170225938    990      0     32          44    990
     GPU 0  1.000  0.935  0.744  0.000  0.001  0.000  0.617  0.000               8520785               6166752         100           0       0.000      99.000     163.649        6170225938    990      0     32          44    990
     GPU 0  1.000  0.000  0.000  0.000  0.001  0.000  0.000  0.000               3385835               1477774         100           0       0.000      99.000     163.649        6170225938    990      0     32          44    990
     GPU 0  1.000  0.000  0.000  0.000  0.001  0.000  0.000  0.000               3385835               1477774         100           0       0.000      99.000     163.649        6170225938    990      0     32          44    990
     GPU 0  1.000  0.935  0.753  0.000  0.001  0.000  0.618  0.000               3389077               1245519         100           0       0.000      99.000     163.890        6170242506    990      0     32          44    990
     GPU 0  1.000  0.931  0.716  0.000  0.001  0.000  0.610  0.000               6003216               3538371         100           0       0.000      99.000     163.890        6170242506    990      0     32          44    990
     GPU 0  1.000  0.000  0.000  0.000  0.001  0.000  0.000  0.000               4419459               3161202         100           0       0.000      99.000     163.890        6170242506    990      0     32          44    990
     GPU 0  1.000  0.946  0.744  0.000  0.001  0.000  0.605  0.000               7057041               4936015         100           0       0.000      99.000     163.890        6170242506    990      0     32          44    990
     GPU 0  1.000  0.941  0.752  0.000  0.001  0.000  0.622  0.000              10947504               7943810         100           0       0.000      99.000     163.890        6170242506    990      0     32          44    990
     GPU 0  1.000  0.000  0.000  0.000  0.001  0.000  0.000  0.000              11060710               8144764         100           0       0.000      99.000     163.890        6170242506    990      0     32          44    990
     GPU 0  1.000  0.000  0.000  0.000  0.001  0.000  0.000  0.000              11060710               8144764         100           0       0.000      99.000     164.181        6170259127    990      0     32          44    990
     GPU 0  1.000  0.943  0.747  0.000  0.001  0.000  0.624  0.000              10697677               6586517         100           0       0.000      99.000     164.181        6170259127    990      0     32          44    990

# Entity  GRACT  SMACT  SMOCC  TENSO  DRAMA  FP64A  FP32A  FP16A                 PCITX                 PCIRX       GPUTL       MCUTL       MUSAM       GUSAM       POWER             TOTEC  SACLK  PSTAT  TMPTR       MMTMP  SMCLK
      Id                                                                                                                                                               W                mJ                    C           C       
     GPU 0  1.000  0.937  0.744  0.000  0.001  0.000  0.619  0.000               9491138               7167251         100           0       0.000      99.000     164.181        6170259127    990      0     32          44    990
     GPU 0  1.000  0.000  0.000  0.000  0.001  0.000  0.000  0.000              10496373               7320935         100           0       0.000      99.000     164.181        6170259127    990      0     32          44    990
     GPU 0  1.000  0.000  0.000  0.000  0.001  0.000  0.000  0.000              10496373               7320935         100           0       0.000      99.000     164.423        6170275684    990      0     32          44    990
     GPU 0  1.000  0.940  0.754  0.000  0.001  0.000  0.618  0.000               8033368               5325230         100           0       0.000      99.000     164.423        6170275684    990      0     32          44    990
     GPU 0  1.000  0.947  0.743  0.000  0.001  0.000  0.607  0.000              10306278               7803000         100           0       0.000      99.000     164.423        6170275684    990      0     32          44    990
     GPU 0  1.000  0.000  0.000  0.000  0.001  0.000  0.000  0.000              10154682               7720724         100           0       0.000      99.000     164.423        6170275684    990      0     32          44    990
     GPU 0  1.000  0.943  0.757  0.000  0.001  0.000  0.626  0.000              10504366               7658910         100           0       0.000      99.000     164.423        6170275684    990      0     32          44    990
     GPU 0  1.000  0.942  0.761  0.000  0.001  0.000  0.625  0.000              11405627               8090102         100           0       0.000      99.000     164.423        6170275684    990      0     33          44    990
     GPU 0  1.000  0.000  0.000  0.000  0.001  0.000  0.000  0.000              11780222               7365083         100           0       0.000      99.000     163.649        6170292359    990      0     33          44    990
     GPU 0  1.000  0.944  0.753  0.000  0.001  0.000  0.626  0.000              10579682               7758736         100           0       0.000      99.000     163.649        6170292359    990      0     33          44    990
     GPU 0  1.000  0.929  0.733  0.000  0.001  0.000  0.611  0.000              12222142               8490076         100           0       0.000      99.000     163.649        6170292359    990      0     33          44    990
     GPU 0  1.000  0.929  0.733  0.000  0.001  0.000  0.611  0.000              12222142               8490076         100           0       0.000      99.000     163.649        6170292359    990      0     33          44    990
     GPU 0  1.000  0.000  0.000  0.000  0.001  0.000  0.000  0.000               5968604               3772298         100           0       0.000      99.000     163.649        6170308908    990      0     33          44    990
     GPU 0  1.000  0.940  0.747  0.000  0.001  0.000  0.620  0.000               5234645               2171275         100           0       0.000      99.000     163.649        6170308908    990      0     33          44    990

# Entity  GRACT  SMACT  SMOCC  TENSO  DRAMA  FP64A  FP32A  FP16A                 PCITX                 PCIRX       GPUTL       MCUTL       MUSAM       GUSAM       POWER             TOTEC  SACLK  PSTAT  TMPTR       MMTMP  SMCLK
      Id                                                                                                                                                               W                mJ                    C           C       
     GPU 0  1.000  0.939  0.786  0.000  0.001  0.000  0.618  0.000               2172364               1274728         100           0       0.000      99.000     163.649        6170308908    990      0     33          44    990
     GPU 0  1.000  0.000  0.000  0.000  0.001  0.000  0.000  0.000               4538381               3187528         100           0       0.000      99.000     163.649        6170308908    990      0     33          44    990
     GPU 0  1.000  0.943  0.751  0.000  0.001  0.000  0.624  0.000               6581617               4506040         100           0       0.000      99.000     163.649        6170308908    990      0     33          44    990
     GPU 0  1.000  0.943  0.751  0.000  0.001  0.000  0.624  0.000               6581617               4506040         100           0       0.000      99.000     163.649        6170308908    990      0     33          44    990
     GPU 0  1.000  0.935  0.752  0.000  0.001  0.000  0.618  0.000              10097996               7183400         100           0       0.000      99.000     164.720        6170325620    990      0     33          44    990
     GPU 0  1.000  0.000  0.000  0.000  0.001  0.000  0.000  0.000              11448311               7878231         100           0       0.000      99.000     164.720        6170325620    990      0     33          44    990
     GPU 0  1.000  0.938  0.751  0.000  0.001  0.000  0.621  0.000              10327093               7825434         100           0       0.000      99.000     164.720        6170325620    990      0     33          44    990
     GPU 0  1.000  0.933  0.750  0.000  0.001  0.000  0.616  0.000               9498120               6808942         100           0       0.000      99.000     164.720        6170325620    990      0     33          44    990
     GPU 0  1.000  0.933  0.750  0.000  0.001  0.000  0.616  0.000               9498120               6808942         100           0       0.000      99.000     163.649        6170341992    990      0     33          44    990
     GPU 0  1.000  0.000  0.000  0.000  0.001  0.000  0.000  0.000               9182348               5907403         100           0       0.000      99.000     163.649        6170341992    990      0     33          44    990
     GPU 0  1.000  0.937  0.745  0.000  0.001  0.000  0.619  0.000              10403369               7740812         100           0       0.000      99.000     163.649        6170341992    990      0     33          44    990
     GPU 0  1.000  0.937  0.744  0.000  0.001  0.000  0.619  0.000               7246389               6282921         100           0       0.000      99.000     163.649        6170341992    990      0     33          44    990
     GPU 0  1.000  0.000  0.000  0.000  0.001  0.000  0.000  0.000               2851190               2436871         100           0       0.000      99.000     163.649        6170341992    990      0     33          44    990
     GPU 0  1.000  0.934  0.740  0.000  0.001  0.000  0.617  0.000               3194008                777104         100           0       0.000      99.000     163.649        6170341992    990      0     33          44    990

# Entity  GRACT  SMACT  SMOCC  TENSO  DRAMA  FP64A  FP32A  FP16A                 PCITX                 PCIRX       GPUTL       MCUTL       MUSAM       GUSAM       POWER             TOTEC  SACLK  PSTAT  TMPTR       MMTMP  SMCLK
      Id                                                                                                                                                               W                mJ                    C           C       
     GPU 0  1.000  0.937  0.741  0.000  0.001  0.000  0.616  0.000               3425118               1284129         100           0       0.000      99.000     163.890        6170358553    990      0     33          44    990
     GPU 0  1.000  0.937  0.741  0.000  0.001  0.000  0.616  0.000               3425118               1284129         100           0       0.000      99.000     163.890        6170358553    990      0     33          44    990
     GPU 0  1.000  0.000  0.000  0.000  0.001  0.000  0.000  0.000               4322234               2831825         100           0       0.000      99.000     163.890        6170358553    990      0     33          44    990
     GPU 0  1.000  0.946  0.772  0.000  0.001  0.000  0.608  0.000               7011596               4895980         100           0       0.000      99.000     163.890        6170358553    990      0     33          44    990
     GPU 0  1.000  0.926  0.734  0.000  0.001  0.000  0.609  0.000               9293993               5934298         100           0       0.000      99.000     164.720        6170375146    990      0     33          44    990
     GPU 0  1.000  0.926  0.734  0.000  0.001  0.000  0.609  0.000               9293993               5934298         100           0       0.000      99.000     164.720        6170375146    990      0     33          44    990
     GPU 0  1.000  0.000  0.000  0.000  0.001  0.000  0.000  0.000               7143853               5142227         100           0       0.000      99.000     164.720        6170375146    990      0     33          44    990
     GPU 0  1.000  0.940  0.745  0.000  0.001  0.000  0.621  0.000               9430805               7326473         100           0       0.000      99.000     164.720        6170375146    990      0     33          44    990
     GPU 0  1.000  0.947  0.757  0.000  0.002  0.000  0.586  0.000               4580709               4164777         100           0       0.000      99.000     164.720        6170375146    990      0     33          44    990
     GPU 0  1.000  0.000  0.000  0.000  0.001  0.000  0.000  0.000               9463640               6786222         100           0       0.000      99.000     163.890        6170375146    990      0     33          44    990
     GPU 0  1.000  0.942  0.747  0.000  0.001  0.000  0.601  0.000              11267635               8838188         100           0       0.000      99.000     163.890        6170391918    990      0     33          44    990
     GPU 0  1.000  0.936  0.748  0.000  0.001  0.000  0.609  0.000              10932935               8471485         100           0       0.000      99.000     163.890        6170391918    990      0     33          44    990
     GPU 0  1.000  0.936  0.748  0.000  0.001  0.000  0.609  0.000              10932935               8471485         100           0       0.000      99.000     163.890        6170391918    990      0     33          44    990
     GPU 0  1.000  0.000  0.000  0.000  0.001  0.000  0.000  0.000               7951323               6053250         100           0       0.000      99.000     163.890        6170391918    990      0     33          44    990

# Entity  GRACT  SMACT  SMOCC  TENSO  DRAMA  FP64A  FP32A  FP16A                 PCITX                 PCIRX       GPUTL       MCUTL       MUSAM       GUSAM       POWER             TOTEC  SACLK  PSTAT  TMPTR       MMTMP  SMCLK
      Id                                                                                                                                                               W                mJ                    C           C       
     GPU 0  1.000  0.939  0.758  0.000  0.001  0.000  0.623  0.000               4009007               1954169         100           0       0.000      99.000     163.890        6170408412    990      0     33          44    990
     GPU 0  1.000  0.922  0.710  0.000  0.001  0.000  0.605  0.000               3500203               1241489         100           0       0.000      99.000     163.890        6170408412    990      0     33          44    990
     GPU 0  1.000  0.000  0.000  0.000  0.001  0.000  0.000  0.000               2217104               1120429         100           0       0.000      99.000     163.890        6170408412    990      0     33          44    990
     GPU 0  1.000  0.937  0.739  0.000  0.001  0.000  0.616  0.000               6210854               4309737         100           0       0.000      99.000     163.890        6170408412    990      0     33          44    990
     GPU 0  1.000  0.937  0.739  0.000  0.001  0.000  0.616  0.000               6210854               4309737         100           0       0.000      99.000     163.890        6170408412    990      0     33          44    990
     GPU 0  1.000  0.954  0.780  0.000  0.001  0.000  0.615  0.000               8317407               5882342         100           0       0.000      99.000     163.890        6170408412    990      0     33          44    990
     GPU 0  1.000  0.000  0.000  0.000  0.001  0.000  0.000  0.000               8844134               6874142         100           0       0.000      99.000     165.010        6170425229    990      0     33          44    990
     GPU 0  1.000  0.940  0.747  0.000  0.001  0.000  0.622  0.000               5366201               3786065         100           0       0.000      99.000     165.010        6170425229    990      0     33          44    990
     GPU 0  1.000  0.940  0.747  0.000  0.001  0.000  0.622  0.000               5366201               3786065         100           0       0.000      99.000     165.010        6170425229    990      0     33          44    990
     GPU 0  1.000  0.945  0.733  0.000  0.001  0.000  0.621  0.000               5921229               4529561         100           0       0.000      99.000     165.010        6170425229    990      0     33          44    990
     GPU 0  1.000  0.000  0.000  0.000  0.001  0.000  0.000  0.000               3638127               1495551         100           0       0.000      99.000     164.181        6170441545    990      0     33          44    990
     GPU 0  1.000  0.938  0.745  0.000  0.001  0.000  0.601  0.000               6706021               3645406         100           0       0.000      99.000     164.181        6170441545    990      0     33          44    990
     GPU 0  1.000  0.945  0.737  0.000  0.001  0.000  0.626  0.000               4380258               3044427         100           0       0.000      99.000     164.181        6170441545    990      0     33          44    990
     GPU 0  1.000  0.000  0.000  0.000  0.001  0.000  0.000  0.000               7474898               5289748         100           0       0.000      99.000     164.181        6170441545    990      0     33          44    990

# Entity  GRACT  SMACT  SMOCC  TENSO  DRAMA  FP64A  FP32A  FP16A                 PCITX                 PCIRX       GPUTL       MCUTL       MUSAM       GUSAM       POWER             TOTEC  SACLK  PSTAT  TMPTR       MMTMP  SMCLK
      Id                                                                                                                                                               W                mJ                    C           C       
     GPU 0  1.000  0.936  0.742  0.000  0.001  0.000  0.619  0.000               9813264               7368929         100           0       0.000      99.000     164.181        6170441545    990      0     34          44    990
     GPU 0  1.000  0.936  0.742  0.000  0.001  0.000  0.619  0.000               9813264               7368929         100           0       0.000      99.000     164.181        6170441545    990      0     34          44    990
     GPU 0  1.000  0.934  0.756  0.000  0.001  0.000  0.619  0.000              11043429               8115292         100           0       0.000      99.000     163.890        6170458212    990      0     34          44    990
     GPU 0  1.000  0.000  0.000  0.000  0.001  0.000  0.000  0.000              11218135               7699890         100           0       0.000      99.000     163.890        6170458212    990      0     34          44    990
     GPU 0  1.000  0.943  0.735  0.000  0.001  0.000  0.620  0.000              10454323               7828994         100           0       0.000      99.000     163.890        6170458212    990      0     34          44    990
     GPU 0  1.000  0.943  0.735  0.000  0.001  0.000  0.620  0.000              10454323               7828994         100           0       0.000      99.000     163.890        6170458212    990      0     34          44    990
     GPU 0  1.000  0.938  0.731  0.000  0.001  0.000  0.596  0.000               5985946               4794666         100           0       0.000      99.000     163.649        6170474651    990      0     34          44    990
     GPU 0  1.000  0.000  0.000  0.000  0.001  0.000  0.000  0.000               3385870               1244204         100           0       0.000      99.000     163.649        6170474651    990      0     34          44    990
     GPU 0  1.000  0.941  0.752  0.000  0.001  0.000  0.622  0.000               2169567               1273247         100           0       0.000      99.000     163.649        6170474651    990      0     34          44    990
     GPU 0  1.000  0.942  0.721  0.000  0.001  0.000  0.622  0.000               4301065               2659769         100           0       0.000      99.000     163.649        6170474651    990      0     34          44    990
     GPU 0  1.000  0.000  0.000  0.000  0.001  0.000  0.000  0.000               6572788               4678596         100           0       0.000      99.000     163.649        6170474651    990      0     34          44    990
     GPU 0  1.000  0.000  0.000  0.000  0.001  0.000  0.000  0.000               6572788               4678596         100           0       0.000      99.000     163.649        6170474651    990      0     34          44    990
     GPU 0  1.000  0.929  0.729  0.000  0.001  0.000  0.609  0.000               9857780               7030000         100           0       0.000      99.000     164.423        6170491400    990      0     34          44    990
     GPU 0  1.000  0.939  0.755  0.000  0.001  0.000  0.622  0.000               6601538               4541541         100           0       0.000      99.000     164.423        6170491400    990      0     34          44    990

# Entity  GRACT  SMACT  SMOCC  TENSO  DRAMA  FP64A  FP32A  FP16A                 PCITX                 PCIRX       GPUTL       MCUTL       MUSAM       GUSAM       POWER             TOTEC  SACLK  PSTAT  TMPTR       MMTMP  SMCLK
      Id                                                                                                                                                               W                mJ                    C           C       
     GPU 0  1.000  0.939  0.755  0.000  0.001  0.000  0.622  0.000               6601538               4541541         100           0       0.000      99.000     164.423        6170491400    990      0     34          44    990
     GPU 0  1.000  0.000  0.000  0.000  0.001  0.000  0.000  0.000               8872904               6488137         100           0       0.000      99.000     164.423        6170491400    990      0     34          44    990
     GPU 0  1.000  0.940  0.748  0.000  0.001  0.000  0.621  0.000               5069371               4540402         100           0       0.000      99.000     164.423        6170491400    990      0     34          44    990
     GPU 0  1.000  0.000  0.000  0.000  0.001  0.000  0.000  0.000               1507048               1088423         100           0       0.000      99.000     165.010        6170507852    990      0     34          44    990
     GPU 0  1.000  0.942  0.749  0.000  0.001  0.000  0.623  0.000               2169690               1109987         100           0       0.000      99.000     165.010        6170507852    990      0     34          44    990
     GPU 0  1.000  0.942  0.749  0.000  0.001  0.000  0.623  0.000               2169690               1109987         100           0       0.000      99.000     165.010        6170507852    990      0     34          44    990
     GPU 0  1.000  0.934  0.706  0.000  0.001  0.000  0.613  0.000               4946586               2939311         100           0       0.000      99.000     165.010        6170507852    990      0     34          44    990
     GPU 0  1.000  0.000  0.000  0.000  0.001  0.000  0.000  0.000               5044841               3380382         100           0       0.000      99.000     165.010        6170524541    990      0     34          44    990
     GPU 0  1.000  0.936  0.745  0.000  0.001  0.000  0.615  0.000              11983166               8176252         100           0       0.000      99.000     164.181        6170524541    990      0     34          44    990
     GPU 0  1.000  0.947  0.777  0.000  0.001  0.000  0.612  0.000               8523712               6296851         100           0       0.000      99.000     164.181        6170524541    990      0     34          44    990
     GPU 0  1.000  0.947  0.777  0.000  0.001  0.000  0.612  0.000               8523712               6296851         100           0       0.000      99.000     164.181        6170524541    990      0     34          44    990
     GPU 0  1.000  0.000  0.000  0.000  0.001  0.000  0.000  0.000               6762617               5468550         100           0       0.000      99.000     164.181        6170524541    990      0     34          44    990
     GPU 0  1.000  0.933  0.754  0.000  0.001  0.000  0.618  0.000               6394980               5262661         100           0       0.000      99.000     164.181        6170524541    990      0     34          44    990
     GPU 0  1.000  0.933  0.746  0.000  0.001  0.000  0.617  0.000              10684067               7358738         100           0       0.000      99.000     164.181        6170541193    990      0     34          44    990

# Entity  GRACT  SMACT  SMOCC  TENSO  DRAMA  FP64A  FP32A  FP16A                 PCITX                 PCIRX       GPUTL       MCUTL       MUSAM       GUSAM       POWER             TOTEC  SACLK  PSTAT  TMPTR       MMTMP  SMCLK
      Id                                                                                                                                                               W                mJ                    C           C       
     GPU 0  1.000  0.000  0.000  0.000  0.001  0.000  0.000  0.000               3381118               1517999         100           0       0.000      99.000     164.181        6170541193    990      0     34          44    990
     GPU 0  1.000  0.000  0.000  0.000  0.001  0.000  0.000  0.000               3381118               1517999         100           0       0.000      99.000     164.181        6170541193    990      0     34          44    990
     GPU 0  1.000  0.937  0.738  0.000  0.001  0.000  0.605  0.000               3427454               1602755         100           0       0.000      99.000     164.181        6170541193    990      0     34          44    990
     GPU 0  1.000  0.000  0.000  0.000  0.001  0.000  0.000  0.000               5972977               4431563         100           0       0.000      99.000     163.890        6170557754    990      0     34          44    990
     GPU 0  1.000  0.937  0.745  0.000  0.001  0.000  0.619  0.000               3386480               1244438         100           0       0.000      99.000     163.890        6170557754    990      0     34          44    990
     GPU 0  1.000  0.929  0.732  0.000  0.001  0.000  0.610  0.000               5873493               2867483         100           0       0.000      99.000     163.890        6170557754    990      0     34          44    990
     GPU 0  1.000  0.000  0.000  0.000  0.001  0.000  0.000  0.000               7013298               4036745         100           0       0.000      99.000     163.890        6170557754    990      0     34          44    990
     GPU 0  1.000  0.941  0.751  0.000  0.001  0.000  0.622  0.000               5689934               3990246         100           0       0.000      99.000     163.890        6170557754    990      0     34          44    990
     GPU 0  1.000  0.941  0.751  0.000  0.001  0.000  0.622  0.000               5689934               3990246         100           0       0.000      99.000     163.890        6170557754    990      0     34          44    990
     GPU 0  1.000  0.938  0.741  0.000  0.001  0.000  0.597  0.000               6452319               5502190         100           0       0.000      99.000     165.010        6170574420    990      0     34          44    990
     GPU 0  1.000  0.000  0.000  0.000  0.001  0.000  0.000  0.000              10565308               7392079         100           0       0.000      99.000     165.010        6170574420    990      0     34          45    990
     GPU 0  1.000  0.940  0.748  0.000  0.001  0.000  0.622  0.000               6336171               5157542         100           0       0.000      99.000     165.010        6170574420    990      0     34          44    990
     GPU 0  1.000  0.941  0.769  0.000  0.001  0.000  0.626  0.000               9269045               7019920         100           0       0.000      99.000     165.010        6170574420    990      0     34          44    990
     GPU 0  1.000  0.941  0.769  0.000  0.001  0.000  0.626  0.000               9269045               7019920         100           0       0.000      99.000     165.010        6170591044    990      0     34          44    990

# Entity  GRACT  SMACT  SMOCC  TENSO  DRAMA  FP64A  FP32A  FP16A                 PCITX                 PCIRX       GPUTL       MCUTL       MUSAM       GUSAM       POWER             TOTEC  SACLK  PSTAT  TMPTR       MMTMP  SMCLK
      Id                                                                                                                                                               W                mJ                    C           C       
     GPU 0  1.000  0.000  0.000  0.000  0.001  0.000  0.000  0.000               8043664               5739285         100           0       0.000      99.000     165.010        6170591044    990      0     34          44    990
     GPU 0  1.000  0.940  0.748  0.000  0.001  0.000  0.621  0.000               3762286               1453236         100           0       0.000      99.000     165.010        6170591044    990      0     34          44    990
     GPU 0  1.000  0.959  0.820  0.000  0.001  0.000  0.655  0.000               5815448               2839706         100           0       0.000      99.000     165.010        6170591044    990      0     34          44    990
     GPU 0  1.000  0.000  0.000  0.000  0.001  0.000  0.000  0.000               6455988               4307531         100           0       0.000      99.000     165.010        6170591044    990      0     34          44    990
     GPU 0  1.000  0.939  0.750  0.000  0.001  0.000  0.621  0.000               7010007               5608065         100           0       0.000      99.000     165.010        6170591044    990      0     34          44    990
     GPU 0  1.000  0.939  0.750  0.000  0.001  0.000  0.621  0.000               7010007               5608065         100           0       0.000      99.000     164.181        6170607664    990      0     34          44    990
     GPU 0  1.000  0.938  0.744  0.000  0.001  0.000  0.620  0.000              10171582               7142460         100           0       0.000      99.000     164.181        6170607664    990      0     34          44    990
     GPU 0  1.000  0.000  0.000  0.000  0.001  0.000  0.000  0.000               7790073               5580027         100           0       0.000      99.000     164.181        6170607664    990      0     34          45    990
     GPU 0  1.000  0.940  0.742  0.000  0.001  0.000  0.598  0.000               9265305               7006250         100           0       0.000      99.000     164.181        6170607664    990      0     34          44    990
     GPU 0  1.000  0.940  0.742  0.000  0.001  0.000  0.598  0.000               9265305               7006250         100           0       0.000      99.000     164.720        6170624305    990      0     34          45    990
     GPU 0  1.000  0.942  0.758  0.000  0.001  0.000  0.604  0.000              11051309               7335290         100           0       0.000      99.000     164.720        6170624305    990      0     34          44    990
     GPU 0  1.000  0.000  0.000  0.000  0.001  0.000  0.000  0.000               6851516               5601509         100           0       0.000      99.000     164.720        6170624305    990      0     34          44    990
     GPU 0  1.000  0.935  0.746  0.000  0.001  0.000  0.618  0.000               3423944               1433984         100           0       0.000      99.000     164.720        6170624305    990      0     34          44    990
     GPU 0  1.000  0.949  0.725  0.000  0.001  0.000  0.625  0.000               5705618               3379651         100           0       0.000      99.000     164.720        6170624305    990      0     34          44    990

# Entity  GRACT  SMACT  SMOCC  TENSO  DRAMA  FP64A  FP32A  FP16A                 PCITX                 PCIRX       GPUTL       MCUTL       MUSAM       GUSAM       POWER             TOTEC  SACLK  PSTAT  TMPTR       MMTMP  SMCLK
      Id                                                                                                                                                               W                mJ                    C           C       
     GPU 0  1.000  0.000  0.000  0.000  0.001  0.000  0.000  0.000               6279289               4469886         100           0       0.000      99.000     164.720        6170624305    990      0     34          45    990
     GPU 0  1.000  0.000  0.000  0.000  0.001  0.000  0.000  0.000               6279289               4469886         100           0       0.000      99.000     164.181        6170640975    990      0     34          44    990
     GPU 0  1.000  0.930  0.740  0.000  0.001  0.000  0.607  0.000               9718721               6332203         100           0       0.000      99.000     164.181        6170640975    990      0     34          44    990
     GPU 0  1.000  0.944  0.762  0.000  0.001  0.000  0.628  0.000               6569908               4505363         100           0       0.000      99.000     164.181        6170640975    990      0     34          45    990
     GPU 0  1.000  0.000  0.000  0.000  0.001  0.000  0.000  0.000               9922658               7459142         100           0       0.000      99.000     164.181        6170640975    990      0     34          45    990
     GPU 0  1.000  0.000  0.000  0.000  0.001  0.000  0.000  0.000               9922658               7459142         100           0       0.000      99.000     165.252        6170657610    990      0     34          44    990
     GPU 0  1.000  0.942  0.748  0.000  0.001  0.000  0.622  0.000              10965048               7162970         100           0       0.000      99.000     165.252        6170657610    990      0     34          45    990
     GPU 0  1.000  0.934  0.745  0.000  0.001  0.000  0.618  0.000               7746874               6031849         100           0       0.000      99.000     165.252        6170657610    990      0     34          45    990
     GPU 0  1.000  0.000  0.000  0.000  0.001  0.000  0.000  0.000               3423238               1368136         100           0       0.000      99.000     165.252        6170657610    990      0     34          44    990
     GPU 0  1.000  0.936  0.743  0.000  0.001  0.000  0.602  0.000               6840614               3424363         100           0       0.000      99.000     165.252        6170657610    990      0     34          45    990
     GPU 0  1.000  0.929  0.702  0.000  0.001  0.000  0.606  0.000               4440919               2846850         100           0       0.000      99.000     165.252        6170657610    990      0     34          45    990
     GPU 0  1.000  0.929  0.702  0.000  0.001  0.000  0.606  0.000               4440919               2846850         100           0       0.000      99.000     165.010        6170674248    990      0     34          45    990
     GPU 0  1.000  0.000  0.000  0.000  0.002  0.000  0.000  0.000               7318485               4768309         100           0       0.000      99.000     165.010        6170674248    990      0     34          45    990
     GPU 0  1.000  0.935  0.752  0.000  0.001  0.000  0.619  0.000               8914799               6477624         100           0       0.000      99.000     165.010        6170674248    990      0     34          45    990

# Entity  GRACT  SMACT  SMOCC  TENSO  DRAMA  FP64A  FP32A  FP16A                 PCITX                 PCIRX       GPUTL       MCUTL       MUSAM       GUSAM       POWER             TOTEC  SACLK  PSTAT  TMPTR       MMTMP  SMCLK
      Id                                                                                                                                                               W                mJ                    C           C       
     GPU 0  1.000  0.935  0.745  0.000  0.001  0.000  0.617  0.000               4144467               4060687         100           0       0.000      99.000     165.010        6170674248    990      0     34          45    990
     GPU 0  1.000  0.935  0.745  0.000  0.001  0.000  0.617  0.000               4144467               4060687         100           0       0.000      99.000     164.181        6170690831    990      0     34          45    990
     GPU 0  1.000  0.000  0.000  0.000  0.001  0.000  0.000  0.000              10653102               6841223         100           0       0.000      99.000     164.181        6170690831    990      0     34          45    990
     GPU 0  1.000  0.947  0.769  0.000  0.001  0.000  0.608  0.000               7308831               5747650         100           0       0.000      99.000     164.181        6170690831    990      0     34          45    990
     GPU 0  1.000  0.967  0.827  0.000  0.001  0.000  0.661  0.000               3384496               1201506         100           0       0.000      99.000     164.181        6170690831    990      0     34          45    990
     GPU 0  1.000  0.000  0.000  0.000  0.001  0.000  0.000  0.000               6844849               2911127         100           0       0.000      99.000     164.181        6170690831    990      0     34          45    990
     GPU 0  1.000  0.939  0.744  0.000  0.001  0.000  0.620  0.000               4890588               2946657         100           0       0.000      99.000     164.181        6170690831    990      0     34          45    990
     GPU 0  1.000  0.939  0.744  0.000  0.001  0.000  0.620  0.000               4890588               2946657         100           0       0.000      99.000     165.252        6170707479    990      0     34          45    990
     GPU 0  1.000  0.935  0.709  0.000  0.001  0.000  0.614  0.000               6983000               4101653         100           0       0.000      99.000     165.252        6170707479    990      0     34          45    990
     GPU 0  1.000  0.000  0.000  0.000  0.001  0.000  0.000  0.000               8208472               5845813         100           0       0.000      99.000     165.252        6170707479    990      0     34          45    990
     GPU 0  1.000  0.945  0.744  0.000  0.001  0.000  0.623  0.000              10237974               7521501         100           0       0.000      99.000     165.252        6170707479    990      0     34          45    990
     GPU 0  1.000  0.938  0.744  0.000  0.001  0.000  0.596  0.000              10123890               7645004         100           0       0.000      99.000     164.423        6170707479    990      0     34          45    990
     GPU 0  1.000  0.000  0.000  0.000  0.001  0.000  0.000  0.000              11279938               7601779         100           0       0.000      99.000     164.423        6170724368    990      0     34          45    990
     GPU 0  1.000  0.000  0.000  0.000  0.001  0.000  0.000  0.000              11279938               7601779         100           0       0.000      99.000     164.423        6170724368    990      0     34          45    990

# Entity  GRACT  SMACT  SMOCC  TENSO  DRAMA  FP64A  FP32A  FP16A                 PCITX                 PCIRX       GPUTL       MCUTL       MUSAM       GUSAM       POWER             TOTEC  SACLK  PSTAT  TMPTR       MMTMP  SMCLK
      Id                                                                                                                                                               W                mJ                    C           C       
     GPU 0  1.000  0.932  0.746  0.000  0.001  0.000  0.616  0.000               8218235               5614867         100           0       0.000      99.000     164.423        6170724368    990      0     34          45    990
     GPU 0  1.000  0.939  0.732  0.000  0.001  0.000  0.616  0.000               5947971               4274329         100           0       0.000      99.000     164.423        6170724368    990      0     34          45    990
     GPU 0  1.000  0.000  0.000  0.000  0.001  0.000  0.000  0.000               3428167                819781         100           0       0.000      99.000     164.423        6170724368    990      0     34          45    990
     GPU 0  1.000  0.939  0.747  0.000  0.001  0.000  0.620  0.000               3744219               1435638         100           0       0.000      99.000     165.010        6170740735    990      0     34          45    990
     GPU 0  1.000  0.931  0.738  0.000  0.001  0.000  0.610  0.000               4274569               2746756         100           0       0.000      99.000     165.010        6170740735    990      0     34          45    990
     GPU 0  1.000  0.931  0.738  0.000  0.001  0.000  0.610  0.000               4274569               2746756         100           0       0.000      99.000     165.010        6170740735    990      0     34          45    990
     GPU 0  1.000  0.000  0.000  0.000  0.001  0.000  0.000  0.000               6502933               4449599         100           0       0.000      99.000     165.010        6170740735    990      0     34          45    990
     GPU 0  1.000  0.939  0.756  0.000  0.001  0.000  0.622  0.000               9043485               6463131         100           0       0.000      99.000     164.423        6170740735    990      0     34          45    990
     GPU 0  1.000  0.939  0.745  0.000  0.001  0.000  0.620  0.000              10834989               7238706         100           0       0.000      99.000     164.423        6170757336    990      0     34          45    990
     GPU 0  1.000  0.939  0.745  0.000  0.001  0.000  0.620  0.000              10834989               7238706         100           0       0.000      99.000     164.423        6170757336    990      0     34          45    990
     GPU 0  1.000  0.000  0.000  0.000  0.001  0.000  0.000  0.000               7093461               4867057         100           0       0.000      99.000     164.423        6170757336    990      0     34          45    990
     GPU 0  1.000  0.944  0.757  0.000  0.001  0.000  0.607  0.000               7108130               5011877         100           0       0.000      99.000     164.423        6170757336    990      0     34          45    990
     GPU 0  1.000  0.000  0.000  0.000  0.001  0.000  0.000  0.000               1088839                 83756         100           0       0.000      99.000     164.423        6170773542    990      0     34          45    990
     GPU 0  0.000  0.000  0.000  0.000  0.000  0.000  0.000  0.000               4972262               3400691         100           0       0.000      99.000     120.962        6170773542    990      0     34          45    990

# Entity  GRACT  SMACT  SMOCC  TENSO  DRAMA  FP64A  FP32A  FP16A                 PCITX                 PCIRX       GPUTL       MCUTL       MUSAM       GUSAM       POWER             TOTEC  SACLK  PSTAT  TMPTR       MMTMP  SMCLK
      Id                                                                                                                                                               W                mJ                    C           C       
     GPU 0  0.000  0.000  0.000  0.000  0.000  0.000  0.000  0.000               1535615                166279         100           0       0.000      99.000     120.962        6170773542    990      0     33          45    990
     GPU 0  0.000  0.000  0.000  0.000  0.000  0.000  0.000  0.000               4529899               2227649         100           0       0.000      99.000     120.962        6170773542    990      0     32          45    990
     GPU 0  0.000  0.000  0.000  0.000  0.000  0.000  0.000  0.000               4529899               2227649         100           0       0.000      99.000     120.962        6170773542    990      0     32          45    990
     GPU 0  0.000  0.000  0.000  0.000  0.000  0.000  0.000  0.000               4597444               2269846          55           0       0.000      54.000      86.763        6170773542    990      0     31          45    990
     GPU 0  0.000  0.000  0.000  0.000  0.000  0.000  0.000  0.000              11605963               7286547          55           0       0.000      54.000      86.763        6170782668    990      0     31          45    990
     GPU 0  0.000  0.000  0.000  0.000  0.000  0.000  0.000  0.000              10414218               6883239          55           0       0.000      54.000      86.763        6170782668    990      0     31          45    990
     GPU 0  0.000  0.000  0.000  0.000  0.000  0.000  0.000  0.000               6826727               4576819          55           0       0.000      54.000      86.763        6170782668    990      0     31          45    990
     GPU 0  0.000  0.000  0.000  0.000  0.000  0.000  0.000  0.000               6826727               4576819          55           0       0.000      54.000      86.763        6170782668    990      0     31          45    990
     GPU 0  0.000  0.000  0.000  0.000  0.000  0.000  0.000  0.000               8631296               5614354          55           0       0.000      54.000      86.763        6170791399    990      0     31          45    990
     GPU 0  0.000  0.000  0.000  0.000  0.000  0.000  0.000  0.000               8125526               4801171          55           0       0.000      54.000      86.763        6170791399    990      0     30          44    990
     GPU 0  0.000  0.000  0.000  0.000  0.000  0.000  0.000  0.000               8640087               5576991          55           0       0.000      54.000      86.763        6170791399    990      0     30          44    990
     GPU 0  0.000  0.000  0.000  0.000  0.000  0.000  0.000  0.000               7877809               4777552          55           0       0.000      54.000      86.763        6170791399    990      0     30          44    990
     GPU 0  0.000  0.000  0.000  0.000  0.000  0.000  0.000  0.000              10497297               6756852           0           0       0.000      54.000      86.763        6170791399    990      0     30          44    990
     GPU 0  0.000  0.000  0.000  0.000  0.000  0.000  0.000  0.000              11105354               7126482           0           0       0.000       0.000      86.521        6170791399    990      0     30          44    990

# Entity  GRACT  SMACT  SMOCC  TENSO  DRAMA  FP64A  FP32A  FP16A                 PCITX                 PCIRX       GPUTL       MCUTL       MUSAM       GUSAM       POWER             TOTEC  SACLK  PSTAT  TMPTR       MMTMP  SMCLK
      Id                                                                                                                                                               W                mJ                    C           C       
     GPU 0  0.000  0.000  0.000  0.000  0.000  0.000  0.000  0.000              10729564               7373218           0           0       0.000       0.000      86.521        6170800238    990      0     30          44    990
     GPU 0  0.000  0.000  0.000  0.000  0.000  0.000  0.000  0.000              10729564               7373218           0           0       0.000       0.000      86.521        6170800238    990      0     30          45    990
     GPU 0  0.000  0.000  0.000  0.000  0.000  0.000  0.000  0.000               8559277               5493822           0           0       0.000       0.000      86.521        6170800238    990      0     30          45    990
     GPU 0  0.000  0.000  0.000  0.000  0.000  0.000  0.000  0.000              10410479               5674806           0           0       0.000       0.000      86.521        6170800238    990      0     30          44    990
     GPU 0  0.000  0.000  0.000  0.000  0.000  0.000  0.000  0.000               4233611               3275731           0           0       0.000       0.000      86.521        6170800238    990      0     30          44    990
     GPU 0  0.000  0.000  0.000  0.000  0.000  0.000  0.000  0.000              10675888               7233835           0           0       0.000       0.000      86.521        6170808867    990      0     30          44    990
     GPU 0  0.000  0.000  0.000  0.000  0.000  0.000  0.000  0.000               9378915               6381634           0           0       0.000       0.000      86.521        6170808867    990      0     30          44    990
     GPU 0  0.000  0.000  0.000  0.000  0.000  0.000  0.000  0.000               9671005               6469953           0           0       0.000       0.000      86.521        6170808867    990      0     30          44    990
     GPU 0  0.000  0.000  0.000  0.000  0.000  0.000  0.000  0.000               8897828               5937516           0           0       0.000       0.000      86.521        6170808867    990      0     30          44    990
     GPU 0  0.000  0.000  0.000  0.000  0.000  0.000  0.000  0.000               8897828               5937516           0           0       0.000       0.000      86.521        6170817574    990      0     30          44    990
     GPU 0  0.000  0.000  0.000  0.000  0.000  0.000  0.000  0.000               9156577               6116514           0           0       0.000       0.000      86.521        6170817574    990      0     29          44    990
     GPU 0  0.000  0.000  0.000  0.000  0.000  0.000  0.000  0.000               9156577               6116514           0           0       0.000       0.000      86.521        6170817574    990      0     29          44    990
     GPU 0  0.000  0.000  0.000  0.000  0.000  0.000  0.000  0.000               9238821               5761456           0           0       0.000       0.000      86.521        6170817574    990      0     29          44    990
     GPU 0  0.000  0.000  0.000  0.000  0.000  0.000  0.000  0.000               3505001              10765363           0           0       0.000       0.000      86.521        6170817574    990      0     29          44    990

# Entity  GRACT  SMACT  SMOCC  TENSO  DRAMA  FP64A  FP32A  FP16A                 PCITX                 PCIRX       GPUTL       MCUTL       MUSAM       GUSAM       POWER             TOTEC  SACLK  PSTAT  TMPTR       MMTMP  SMCLK
      Id                                                                                                                                                               W                mJ                    C           C       
     GPU 0  0.000  0.000  0.000  0.000  0.000  0.000  0.000  0.000               3505001              10765363           0           0       0.000       0.000      86.521        6170817574    990      0     29          44    990
     GPU 0  0.000  0.000  0.000  0.000  0.000  0.000  0.000  0.000               3505001              10765363           0           0       0.000       0.000      87.061        6170817574    990      0     29          44    990
     GPU 0  0.000  0.000  0.000  0.000  0.000  0.000  0.000  0.000                937629                504877           0           0       0.000       0.000      87.061        6170826328    990      0     29          44    990
     GPU 0  0.000  0.000  0.000  0.000  0.000  0.000  0.000  0.000                937629                504877           0           0       0.000       0.000      87.061        6170826328    990      0     29          44    990
     GPU 0  0.000  0.000  0.000  0.000  0.000  0.000  0.000  0.000               8798663              14061415           0           0       0.000       0.000      87.061        6170826328    990      0     29          44    990
     GPU 0  0.000  0.000  0.000  0.000  0.000  0.000  0.000  0.000              11149148               7904975           8           0       0.000       0.000      87.061        6170826328    990      0     29          44    990
     GPU 0  0.000  0.000  0.000  0.000  0.000  0.000  0.000  0.000              11149148               7904975           8           0       0.000       0.000      86.521        6170835050    990      0     29          44    990
     GPU 0  0.000  0.000  0.000  0.000  0.000  0.000  0.000  0.000              11464028               8047114           8           0       0.000       0.000      86.521        6170835050    990      0     29          44    990
     GPU 0  0.000  0.000  0.000  0.000  0.000  0.000  0.000  0.000               8247106               8446268           8           0       0.000       0.000      86.521        6170835050    990      0     29          44    990
     GPU 0  0.000  0.000  0.000  0.000  0.000  0.000  0.000  0.000               8247106               8446268           8           0       0.000       0.000      86.521        6170835050    990      0     29          44    990
     GPU 0  0.000  0.000  0.000  0.000  0.000  0.000  0.000  0.000               1837313                163226           8           0       0.000       0.000      86.230        6170843773    990      0     29          44    990
     GPU 0  0.000  0.000  0.000  0.000  0.000  0.000  0.000  0.000               3257141                274917           8           0       0.000       0.000      86.230        6170843773    990      0     29          44    990
     GPU 0  0.000  0.000  0.000  0.000  0.000  0.000  0.000  0.000               6008863               1834493           8           0       0.000       0.000      86.230        6170843773    990      0     29          44    990
     GPU 0  0.000  0.000  0.000  0.000  0.000  0.000  0.000  0.000               5134461               2265159           8           0       0.000       0.000      86.230        6170843773    990      0     29          44    990

# Entity  GRACT  SMACT  SMOCC  TENSO  DRAMA  FP64A  FP32A  FP16A                 PCITX                 PCIRX       GPUTL       MCUTL       MUSAM       GUSAM       POWER             TOTEC  SACLK  PSTAT  TMPTR       MMTMP  SMCLK
      Id                                                                                                                                                               W                mJ                    C           C       
     GPU 0  0.000  0.000  0.000  0.000  0.000  0.000  0.000  0.000               6710645               3308321           8           0       0.000       0.000      86.230        6170843773    990      0     29          44    990
     GPU 0  0.000  0.000  0.000  0.000  0.000  0.000  0.000  0.000               6710645               3308321           0           0       0.000       0.000      86.230        6170843773    990      0     29          44    990
     GPU 0  0.000  0.000  0.000  0.000  0.000  0.000  0.000  0.000               6501247               3534575           0           0       0.000       0.000      86.230        6170852495    990      0     29          44    990
     GPU 0  0.000  0.000  0.000  0.000  0.000  0.000  0.000  0.000               8706086               4701024           0           0       0.000       0.000      86.230        6170852495    990      0     29          44    990
     GPU 0  0.000  0.000  0.000  0.000  0.000  0.000  0.000  0.000               9849363               6565593           0           0       0.000       0.000      86.230        6170852495    990      0     29          44    990
     GPU 0  0.000  0.000  0.000  0.000  0.000  0.000  0.000  0.000               3015523               2303371           0           0       0.000       0.000      86.230        6170852495    990      0     29          44    990
     GPU 0  0.000  0.000  0.000  0.000  0.000  0.000  0.000  0.000               3015523               2303371           0           0       0.000       0.000      86.230        6170861199    990      0     29          44    990
     GPU 0  0.000  0.000  0.000  0.000  0.000  0.000  0.000  0.000               9098152               5420109           0           0       0.000       0.000      86.230        6170861199    990      0     29          44    990
     GPU 0  0.000  0.000  0.000  0.000  0.000  0.000  0.000  0.000               9425233               5857334           0           0       0.000       0.000      86.230        6170861199    990      0     29          44    990
     GPU 0  0.000  0.000  0.000  0.000  0.000  0.000  0.000  0.000               4738093               3990445           0           0       0.000       0.000      86.230        6170861199    990      0     29          44    990
     GPU 0  0.000  0.000  0.000  0.000  0.000  0.000  0.000  0.000               3300504                233181           0           0       0.000       0.000      86.230        6170861199    990      0     29          44    990
     GPU 0  0.000  0.000  0.000  0.000  0.000  0.000  0.000  0.000               3195285                275249           0           0       0.000       0.000      86.230        6170861199    990      0     29          44    990
     GPU 0  0.000  0.000  0.000  0.000  0.000  0.000  0.000  0.000               5876417               3228800           0           0       0.000       0.000      86.230        6170869938    990      0     29          44    990
     GPU 0  0.000  0.000  0.000  0.000  0.000  0.000  0.000  0.000               5876417               3228800           0           0       0.000       0.000      86.230        6170869938    990      0     29          44    990

# Entity  GRACT  SMACT  SMOCC  TENSO  DRAMA  FP64A  FP32A  FP16A                 PCITX                 PCIRX       GPUTL       MCUTL       MUSAM       GUSAM       POWER             TOTEC  SACLK  PSTAT  TMPTR       MMTMP  SMCLK
      Id                                                                                                                                                               W                mJ                    C           C       
     GPU 0  0.000  0.000  0.000  0.000  0.000  0.000  0.000  0.000               1964422                163379           0           0       0.000       0.000      86.230        6170869938    990      0     29          44    990
     GPU 0  0.000  0.000  0.000  0.000  0.000  0.000  0.000  0.000               4667744               1822908           0           0       0.000       0.000      86.230        6170869938    990      0     29          44    990
     GPU 0  0.000  0.000  0.000  0.000  0.000  0.000  0.000  0.000               6231244               3371432           0           0       0.000       0.000      86.230        6170878651    990      0     29          44    990
     GPU 0  0.000  0.000  0.000  0.000  0.000  0.000  0.000  0.000               8632042               4705003           0           0       0.000       0.000      86.230        6170878651    990      0     29          44    990
     GPU 0  0.000  0.000  0.000  0.000  0.000  0.000  0.000  0.000               8632042               4705003           0           0       0.000       0.000      86.230        6170878651    990      0     29          44    990
     GPU 0  0.000  0.000  0.000  0.000  0.000  0.000  0.000  0.000               9469151               5872986           0           0       0.000       0.000      86.230        6170878651    990      0     29          44    990
     GPU 0  0.000  0.000  0.000  0.000  0.000  0.000  0.000  0.000               8602247               4578250           0           0       0.000       0.000      86.230        6170878651    990      0     29          44    990
     GPU 0  0.000  0.000  0.000  0.000  0.000  0.000  0.000  0.000               7157739               5106474           0           0       0.000       0.000      86.230        6170878651    990      0     29          44    990
     GPU 0  0.000  0.000  0.000  0.000  0.000  0.000  0.000  0.000               1256840                 83789           0           0       0.000       0.000      86.521        6170887398    990      0     29          44    990
     GPU 0  0.000  0.000  0.000  0.000  0.000  0.000  0.000  0.000               9099294               5647919           0           0       0.000       0.000      86.521        6170887398    990      0     29          44    990
     GPU 0  0.000  0.000  0.000  0.000  0.000  0.000  0.000  0.000               9099294               5647919           0           0       0.000       0.000      86.521        6170887398    990      0     29          44    990
     GPU 0  0.000  0.000  0.000  0.000  0.000  0.000  0.000  0.000               2565564               1319533           0           0       0.000       0.000      86.521        6170887398    990      0     29          44    990
     GPU 0  0.000  0.000  0.000  0.000  0.000  0.000  0.000  0.000               2284739                163475           0           0       0.000       0.000      86.763        6170896152    990      0     29          44    990
     GPU 0  0.000  0.000  0.000  0.000  0.000  0.000  0.000  0.000               3069729                275259           0           0       0.000       0.000      86.763        6170896152    990      0     29          44    990

# Entity  GRACT  SMACT  SMOCC  TENSO  DRAMA  FP64A  FP32A  FP16A                 PCITX                 PCIRX       GPUTL       MCUTL       MUSAM       GUSAM       POWER             TOTEC  SACLK  PSTAT  TMPTR       MMTMP  SMCLK
      Id                                                                                                                                                               W                mJ                    C           C       
     GPU 0  0.000  0.000  0.000  0.000  0.000  0.000  0.000  0.000               5777185               2069506           0           0       0.000       0.000      86.763        6170896152    990      0     29          44    990
     GPU 0  0.000  0.000  0.000  0.000  0.000  0.000  0.000  0.000               7325940               3419381           0           0       0.000       0.000      86.763        6170896152    990      0     29          44    990
     GPU 0  0.000  0.000  0.000  0.000  0.000  0.000  0.000  0.000               7325940               3419381           0           0       0.000       0.000      86.763        6170896152    990      0     29          44    990
     GPU 0  0.000  0.000  0.000  0.000  0.000  0.000  0.000  0.000               6944030               3445589           0           0       0.000       0.000      86.763        6170896152    990      0     29          44    990
     GPU 0  0.000  0.000  0.000  0.000  0.000  0.000  0.000  0.000               9059155               5617111           0           0       0.000       0.000      86.763        6170904919    990      0     29          44    990
     GPU 0  0.000  0.000  0.000  0.000  0.000  0.000  0.000  0.000               7500877               5238054           0           0       0.000       0.000      86.763        6170904919    990      0     28          44    990
     GPU 0  0.000  0.000  0.000  0.000  0.000  0.000  0.000  0.000               7500877               5238054           0           0       0.000       0.000      86.763        6170904919    990      0     28          44    990
     GPU 0  0.000  0.000  0.000  0.000  0.000  0.000  0.000  0.000               6357481               3638823           0           0       0.000       0.000      86.763        6170904919    990      0     28          44    990
     GPU 0  0.000  0.000  0.000  0.000  0.000  0.000  0.000  0.000               8974317               5368153           0           0       0.000       0.000      86.763        6170913646    990      0     28          44    990
     GPU 0  0.000  0.000  0.000  0.000  0.000  0.000  0.000  0.000               3304104                275342           0           0       0.000       0.000      86.521        6170913646    990      0     28          44    990
     GPU 0  0.000  0.000  0.000  0.000  0.000  0.000  0.000  0.000               4886786               2057876           0           0       0.000       0.000      86.521        6170913646    990      0     28          44    990
     GPU 0  0.000  0.000  0.000  0.000  0.000  0.000  0.000  0.000               4886786               2057876           0           0       0.000       0.000      86.521        6170913646    990      0     28          44    990
     GPU 0  0.000  0.000  0.000  0.000  0.000  0.000  0.000  0.000               4430613               2080451           0           0       0.000       0.000      86.521        6170913646    990      0     28          44    990
     GPU 0  0.000  0.000  0.000  0.000  0.000  0.000  0.000  0.000               8051700               4851877           0           0       0.000       0.000      86.521        6170913646    990      0     28          44    990

# Entity  GRACT  SMACT  SMOCC  TENSO  DRAMA  FP64A  FP32A  FP16A                 PCITX                 PCIRX       GPUTL       MCUTL       MUSAM       GUSAM       POWER             TOTEC  SACLK  PSTAT  TMPTR       MMTMP  SMCLK
      Id                                                                                                                                                               W                mJ                    C           C       
     GPU 0  0.000  0.000  0.000  0.000  0.000  0.000  0.000  0.000              10194996               6734730           0           0       0.000       0.000      86.763        6170922410    990      0     28          44    990
     GPU 0  0.000  0.000  0.000  0.000  0.000  0.000  0.000  0.000              10563967               5597162           0           0       0.000       0.000      86.763        6170922410    990      0     28          44    990
     GPU 0  0.000  0.000  0.000  0.000  0.000  0.000  0.000  0.000              10563967               5597162           0           0       0.000       0.000      86.763        6170922410    990      0     28          44    990
     GPU 0  0.000  0.000  0.000  0.000  0.000  0.000  0.000  0.000               9397320               6375523           0           0       0.000       0.000      86.763        6170922410    990      0     28          44    990
     GPU 0  0.000  0.000  0.000  0.000  0.000  0.000  0.000  0.000               8357148               4953998           0           0       0.000       0.000      86.763        6170931179    990      0     28          44    990
     GPU 0  0.000  0.000  0.000  0.000  0.000  0.000  0.000  0.000               3021232                274657           0           0       0.000       0.000      86.763        6170931179    990      0     28          44    990
     GPU 0  0.000  0.000  0.000  0.000  0.000  0.000  0.000  0.000               6850304               2382265           0           0       0.000       0.000      86.763        6170931179    990      0     28          44    990
     GPU 0  0.000  0.000  0.000  0.000  0.000  0.000  0.000  0.000               6850304               2382265           0           0       0.000       0.000      86.763        6170931179    990      0     28          44    990
     GPU 0  0.000  0.000  0.000  0.000  0.000  0.000  0.000  0.000               3829718               1732979           0           0       0.000       0.000      86.763        6170931179    990      0     28          44    990
     GPU 0  0.000  0.000  0.000  0.000  0.000  0.000  0.000  0.000               6242358               3479996           0           0       0.000       0.000      86.763        6170931179    990      0     28          44    990
     GPU 0  0.000  0.000  0.000  0.000  0.000  0.000  0.000  0.000               8947330               5615206           0           0       0.000       0.000      86.521        6170939955    990      0     28          44    990
