# Entity  GRACT  SMACT  SMOCC  TENSO  DRAMA  FP64A  FP32A  FP16A                 PCITX                 PCIRX       GPUTL       MCUTL       MUSAM       GUSAM       POWER             TOTEC  SACLK  PSTAT  TMPTR       MMTMP  SMCLK
      Id                                                                                                                                                               W                mJ                    C           C       
     GPU 0  0.000  0.000  0.000  0.000  0.000  0.000  0.000  0.000             119727891              10884353           0           0       0.000       0.000      77.020        4721488836   1095      0     27          42    210
     GPU 0  0.000  0.000  0.000  0.000  0.000  0.000  0.000  0.000               9013963               5010970           0           0       0.000       0.000      77.020        4721488836   1095      0     27          42    210
     GPU 0  0.000  0.000  0.000  0.000  0.000  0.000  0.000  0.000               9013963               5010970           0           0       0.000       0.000      78.632        4721488836   1095      0     27          42    210
     GPU 0  0.000  0.000  0.000  0.000  0.000  0.000  0.000  0.000               6215031               4254615           0           0       0.000       0.000      78.632        4721496699   1095      0     27          42    210
     GPU 0  0.000  0.000  0.000  0.000  0.000  0.000  0.000  0.000               8802724               4210233           0           0       0.000       0.000      78.632        4721496699   1095      0     27          42    210
     GPU 0  0.000  0.000  0.000  0.000  0.000  0.000  0.000  0.000               7262230               4413776           0           0       0.000       0.000      78.632        4721496699   1095      0     27          42    210
     GPU 0  0.000  0.000  0.000  0.000  0.000  0.000  0.000  0.000               9207238               6330692           0           0       0.000       0.000      78.632        4721496699   1095      0     27          42    210
     GPU 0  0.000  0.000  0.000  0.000  0.000  0.000  0.000  0.000               9207238               6330692           0           0       0.000       0.000      78.632        4721504659   1095      0     27          42    210
     GPU 0  0.000  0.000  0.000  0.000  0.000  0.000  0.000  0.000               5986618               4018506           0           0       0.000       0.000      78.632        4721504659   1095      0     27          42    210
     GPU 0  0.000  0.000  0.000  0.000  0.000  0.000  0.000  0.000               7109255               5066315           0           0       0.000       0.000      78.632        4721504659   1095      0     27          42    210
     GPU 0  0.000  0.000  0.000  0.000  0.000  0.000  0.000  0.000               7109255               5066315           0           0       0.000       0.000      78.632        4721504659   1095      0     27          42    210
     GPU 0  0.000  0.000  0.000  0.000  0.000  0.000  0.000  0.000               7367478               3943091           0           0       0.000       0.000      78.632        4721504659   1095      0     27          42    210
     GPU 0  0.000  0.000  0.000  0.000  0.000  0.000  0.000  0.000               8341273               5071584           0           0       0.000       0.000      78.632        4721504659   1095      0     27          42    210
     GPU 0  0.000  0.000  0.000  0.000  0.000  0.000  0.000  0.000               5575832               3116471           0           0       0.000       0.000      78.632        4721512733   1095      0     27          42    210
     GPU 0  0.000  0.000  0.000  0.000  0.000  0.000  0.000  0.000               5575832               3116471           0           0       0.000       0.000      78.632        4721512733   1095      0     27          42    210

# Entity  GRACT  SMACT  SMOCC  TENSO  DRAMA  FP64A  FP32A  FP16A                 PCITX                 PCIRX       GPUTL       MCUTL       MUSAM       GUSAM       POWER             TOTEC  SACLK  PSTAT  TMPTR       MMTMP  SMCLK
      Id                                                                                                                                                               W                mJ                    C           C       
     GPU 0  0.000  0.000  0.000  0.000  0.000  0.000  0.000  0.000               8900440               6020311           0           0       0.000       0.000      78.632        4721512733   1095      0     27          42    210
     GPU 0  0.000  0.000  0.000  0.000  0.000  0.000  0.000  0.000               8437843               5720493           0           0       0.000       0.000      78.632        4721512733   1095      0     27          42    210
     GPU 0  0.000  0.000  0.000  0.000  0.000  0.000  0.000  0.000               5522754               4009296           0           0       0.000       0.000      78.632        4721520559   1095      0     27          43    210
     GPU 0  0.000  0.000  0.000  0.000  0.000  0.000  0.000  0.000                922335                 83848           0           0       0.000       0.000      78.632        4721520559   1095      0     27          42    210
     GPU 0  0.000  0.000  0.000  0.000  0.000  0.000  0.000  0.000               7318510               4511876           0           0       0.000       0.000      78.632        4721520559   1095      0     27          42    210
     GPU 0  0.000  0.000  0.000  0.000  0.000  0.000  0.000  0.000               6204835               2557088           0           0       0.000       0.000      78.632        4721520559   1095      0     27          42    210
     GPU 0  0.000  0.000  0.000  0.000  0.000  0.000  0.000  0.000               6204835               2557088           0           0       0.000       0.000      78.632        4721520559   1095      0     27          42    210
     GPU 0  0.000  0.000  0.000  0.000  0.000  0.000  0.000  0.000               6025714               2869108           0           0       0.000       0.000      78.632        4721528526   1095      0     27          42    210
     GPU 0  0.000  0.000  0.000  0.000  0.000  0.000  0.000  0.000               9475251               8555896           0           0       0.000       0.000      78.632        4721528526   1095      0     27          42    210
     GPU 0  0.000  0.000  0.000  0.000  0.000  0.000  0.000  0.000               9475251               8555896           0           0       0.000       0.000      78.632        4721528526   1095      0     27          42    210
     GPU 0  0.000  0.000  0.000  0.000  0.000  0.000  0.000  0.000               4252529               3685525           0           0       0.000       0.000      78.632        4721528526   1095      0     27          42    210
     GPU 0  0.000  0.000  0.000  0.000  0.000  0.000  0.000  0.000               2171768              11694135           0           0       0.000       0.000      78.632        4721528526   1095      0     27          42    210
     GPU 0  0.000  0.000  0.000  0.000  0.000  0.000  0.000  0.000               9110074              23719023           0           0       0.000       0.000      78.632        4721536484   1095      0     27          42    210
     GPU 0  0.000  0.000  0.000  0.000  0.000  0.000  0.000  0.000               3011638              12799464           0           0       0.000       0.000      78.632        4721536484   1095      0     27          42    210

# Entity  GRACT  SMACT  SMOCC  TENSO  DRAMA  FP64A  FP32A  FP16A                 PCITX                 PCIRX       GPUTL       MCUTL       MUSAM       GUSAM       POWER             TOTEC  SACLK  PSTAT  TMPTR       MMTMP  SMCLK
      Id                                                                                                                                                               W                mJ                    C           C       
     GPU 0  0.000  0.000  0.000  0.000  0.000  0.000  0.000  0.000               3011638              12799464           0           0       0.000       0.000      78.632        4721536484   1095      0     27          42    210
     GPU 0  0.000  0.000  0.000  0.000  0.000  0.000  0.000  0.000               8822302               5739357           0           0       0.000       0.000      78.632        4721536484   1095      0     27          42    210
     GPU 0  0.000  0.000  0.000  0.000  0.000  0.000  0.000  0.000               7020751               6655087           0           0       0.000       0.000      78.632        4721536484   1095      0     27          43    210
     GPU 0  0.000  0.000  0.000  0.000  0.000  0.000  0.000  0.000               7020751               6655087           0           0       0.000       0.000      78.632        4721544427   1095      0     27          42    210
     GPU 0  0.000  0.000  0.000  0.000  0.000  0.000  0.000  0.000               1183977                766103           0           0       0.000       0.000      78.632        4721544427   1095      0     27          42    210
     GPU 0  0.000  0.000  0.000  0.000  0.000  0.000  0.000  0.000               1624414               2517843           0           0       0.000       0.000      78.632        4721544427   1095      0     27          42    210
     GPU 0  0.000  0.000  0.000  0.000  0.000  0.000  0.000  0.000               8267747               5024246           0           0       0.000       0.000      78.632        4721544427   1095      0     27          42    210
     GPU 0  0.000  0.000  0.000  0.000  0.000  0.000  0.000  0.000              14599372              10285921           0           0       0.000       0.000      78.632        4721544427   1095      0     27          44    210
     GPU 0  0.000  0.000  0.000  0.000  0.000  0.000  0.000  0.000              14599372              10285921           0           0       0.000       0.000      78.632        4721544427   1095      0     27          42    210
     GPU 0  0.000  0.000  0.000  0.000  0.000  0.000  0.000  0.000               7300648               5327418           0           0       0.000       0.000      78.632        4721552411   1095      0     27          42    210
     GPU 0  0.000  0.000  0.000  0.000  0.000  0.000  0.000  0.000               7300648               5327418           0           0       0.000       0.000      78.632        4721552411   1095      0     27          42    210
     GPU 0  0.000  0.000  0.000  0.000  0.000  0.000  0.000  0.000               7300648               5327418           0           0       0.000       0.000      78.632        4721552411   1095      0     27          42    210
     GPU 0  0.000  0.000  0.000  0.000  0.000  0.000  0.000  0.000               8840385               5791976           0           0       0.000       0.000      78.632        4721552411   1095      0     27          42    210
     GPU 0  0.000  0.000  0.000  0.000  0.000  0.000  0.000  0.000               1141394               4318788           0           0       0.000       0.000      78.632        4721552411   1095      0     27          42    210

# Entity  GRACT  SMACT  SMOCC  TENSO  DRAMA  FP64A  FP32A  FP16A                 PCITX                 PCIRX       GPUTL       MCUTL       MUSAM       GUSAM       POWER             TOTEC  SACLK  PSTAT  TMPTR       MMTMP  SMCLK
      Id                                                                                                                                                               W                mJ                    C           C       
     GPU 0  0.000  0.000  0.000  0.000  0.000  0.000  0.000  0.000               1141394               4318788           0           0       0.000       0.000      78.632        4721560397   1095      0     27          44    210
     GPU 0  0.000  0.000  0.000  0.000  0.000  0.000  0.000  0.000              12347235             157153060           0           0       0.000       0.000      78.632        4721560397   1095      0     27          44    210
     GPU 0  0.000  0.000  0.000  0.000  0.000  0.000  0.000  0.000               5437396              19156366           0           0       0.000       0.000      78.632        4721560397   1095      0     27          43    210
     GPU 0  0.000  0.000  0.000  0.000  0.000  0.000  0.000  0.000               5619283              20245946           0           0       0.000       0.000      78.632        4721560397   1095      0     27          42   1095
     GPU 0  0.105  0.000  0.000  0.000  0.000  0.000  0.000  0.000              52069099             336070037           0           0       0.000       0.000      78.632        4721568503   1095      0     27          42   1095
     GPU 0  0.000  0.000  0.000  0.000  0.002  0.000  0.000  0.000             455586759            3967860021           0           0       0.000       0.000      86.230        4721568503   1095      0     27          42   1095
     GPU 0  0.512  0.000  0.000  0.000  0.001  0.000  0.000  0.000              16278630              87302945           0           0       0.000       0.000      86.230        4721568503   1095      0     27          42   1095
     GPU 0  0.512  0.000  0.000  0.000  0.001  0.000  0.000  0.000              16278630              87302945           0           0       0.000       0.000      86.230        4721568503   1095      0     27          43   1095
     GPU 0  1.000  0.934  0.734  0.000  0.001  0.000  0.599  0.000               8594266               6121084          20           0       0.000      19.000      86.230        4721568503   1095      0     29          42   1095
     GPU 0  1.000  0.000  0.000  0.000  0.001  0.000  0.000  0.000              10060701               7261035          20           0       0.000      19.000      86.230        4721581729   1095      0     30          42   1095
     GPU 0  1.000  0.940  0.739  0.000  0.001  0.000  0.616  0.000               9251373               6511867          20           0       0.000      19.000     174.203        4721581729   1095      0     30          43   1095
     GPU 0  1.000  0.938  0.736  0.000  0.001  0.000  0.617  0.000               6338744               4507274          20           0       0.000      19.000     174.203        4721581729   1095      0     30          43   1095
     GPU 0  1.000  0.000  0.000  0.000  0.001  0.000  0.000  0.000               6037422               4887601          20           0       0.000      19.000     174.203        4721581729   1095      0     31          43   1095
     GPU 0  1.000  0.933  0.737  0.000  0.001  0.000  0.615  0.000               8441455               6353746          20           0       0.000      19.000     174.203        4721581729   1095      0     31          42   1095

# Entity  GRACT  SMACT  SMOCC  TENSO  DRAMA  FP64A  FP32A  FP16A                 PCITX                 PCIRX       GPUTL       MCUTL       MUSAM       GUSAM       POWER             TOTEC  SACLK  PSTAT  TMPTR       MMTMP  SMCLK
      Id                                                                                                                                                               W                mJ                    C           C       
     GPU 0  1.000  0.936  0.728  0.000  0.002  0.000  0.595  0.000               8947950               6872096          20           0       0.000      19.000     174.203        4721581729   1095      0     31          44   1095
     GPU 0  1.000  0.936  0.728  0.000  0.002  0.000  0.595  0.000               8947950               6872096          20           0       0.000      19.000     175.033        4721599451   1095      0     31          43   1095
     GPU 0  1.000  0.000  0.000  0.000  0.001  0.000  0.000  0.000              12541229               7331356          20           0       0.000      19.000     175.033        4721599451   1095      0     31          43   1095
     GPU 0  1.000  0.927  0.728  0.000  0.001  0.000  0.610  0.000               7927090               5745275          20           0       0.000      19.000     175.033        4721599451   1095      0     32          43   1095
     GPU 0  1.000  0.940  0.746  0.000  0.001  0.000  0.606  0.000               9114710               6930798         100           0       0.000      99.000     175.033        4721599451   1095      0     32          44   1095
     GPU 0  1.000  0.000  0.000  0.000  0.001  0.000  0.000  0.000               8600536               6411410         100           0       0.000      99.000     175.814        4721617193   1095      0     32          43   1095
     GPU 0  1.000  0.000  0.000  0.000  0.001  0.000  0.000  0.000               8600536               6411410         100           0       0.000      99.000     175.814        4721617193   1095      0     32          43   1095
     GPU 0  1.000  0.942  0.759  0.000  0.001  0.000  0.619  0.000              10551081               7457671         100           0       0.000      99.000     175.814        4721617193   1095      0     32          43   1095
     GPU 0  1.000  0.937  0.740  0.000  0.002  0.000  0.619  0.000              10009737               7755459         100           0       0.000      99.000     175.814        4721617193   1095      0     32          43   1095
     GPU 0  1.000  0.000  0.000  0.000  0.001  0.000  0.000  0.000              10722133               7559774         100           0       0.000      99.000     175.814        4721617193   1095      0     32          44   1095
     GPU 0  1.000  0.938  0.762  0.000  0.002  0.000  0.623  0.000              10813231               8204873         100           0       0.000      99.000     175.814        4721634933   1095      0     32          43   1095
     GPU 0  1.000  0.937  0.738  0.000  0.001  0.000  0.619  0.000              10955797               8029291         100           0       0.000      99.000     176.104        4721634933   1095      0     32          43   1095
     GPU 0  1.000  0.000  0.000  0.000  0.001  0.000  0.000  0.000               4136059               3111613         100           0       0.000      99.000     176.104        4721634933   1095      0     32          44   1095
     GPU 0  1.000  0.934  0.738  0.000  0.001  0.000  0.615  0.000               3418696               1367739         100           0       0.000      99.000     176.104        4721634933   1095      0     32          43   1095

# Entity  GRACT  SMACT  SMOCC  TENSO  DRAMA  FP64A  FP32A  FP16A                 PCITX                 PCIRX       GPUTL       MCUTL       MUSAM       GUSAM       POWER             TOTEC  SACLK  PSTAT  TMPTR       MMTMP  SMCLK
      Id                                                                                                                                                               W                mJ                    C           C       
     GPU 0  1.000  0.934  0.738  0.000  0.001  0.000  0.615  0.000               3418696               1367739         100           0       0.000      99.000     176.104        4721634933   1095      0     32          43   1095
     GPU 0  1.000  0.934  0.738  0.000  0.001  0.000  0.615  0.000               3418696               1367739         100           0       0.000      99.000     176.104        4721634933   1095      0     33          43   1095
     GPU 0  1.000  0.934  0.738  0.000  0.001  0.000  0.615  0.000               3418696               1367739         100           0       0.000      99.000     176.104        4721634933   1095      0     33          43   1095
     GPU 0  1.000  0.000  0.000  0.000  0.001  0.000  0.000  0.000              16298056               9345475         100           0       0.000      99.000     176.104        4721654202   1095      0     33          44   1095
     GPU 0  1.000  0.000  0.000  0.000  0.001  0.000  0.000  0.000              16298056               9345475         100           0       0.000      99.000     176.104        4721654202   1095      0     33          43   1095
     GPU 0  1.000  0.940  0.760  0.000  0.002  0.000  0.603  0.000               6237531               4368583         100           0       0.000      99.000     176.104        4721654202   1095      0     33          43   1095
     GPU 0  1.000  0.936  0.762  0.000  0.001  0.000  0.621  0.000               6653167               5186037         100           0       0.000      99.000     176.104        4721670865   1095      0     33          43   1095
     GPU 0  1.000  0.000  0.000  0.000  0.001  0.000  0.000  0.000              10751057               7494368         100           0       0.000      99.000     173.381        4721670865   1095      0     33          44   1095
     GPU 0  1.000  0.932  0.748  0.000  0.002  0.000  0.617  0.000              16716402              10986304         100           0       0.000      99.000     173.381        4721670865   1095      0     33          43   1095
     GPU 0  1.000  0.943  0.762  0.000  0.002  0.000  0.603  0.000               7301555               5572321         100           0       0.000      99.000     173.381        4721670865   1095      0     33          43   1095
     GPU 0  1.000  0.000  0.000  0.000  0.002  0.000  0.000  0.000               3416646               2022391         100           0       0.000      99.000     173.381        4721670865   1095      0     33          43   1095
     GPU 0  1.000  0.000  0.000  0.000  0.002  0.000  0.000  0.000               3416646               2022391         100           0       0.000      99.000     175.814        4721670865   1095      0     33          43   1095
     GPU 0  1.000  0.931  0.740  0.000  0.001  0.000  0.615  0.000               7030798               3443594         100           0       0.000      99.000     175.814        4721688417   1095      0     33          43   1095
     GPU 0  1.000  0.000  0.000  0.000  0.001  0.000  0.000  0.000              10968241               6749687         100           0       0.000      99.000     175.814        4721688417   1095      0     33          43   1095

# Entity  GRACT  SMACT  SMOCC  TENSO  DRAMA  FP64A  FP32A  FP16A                 PCITX                 PCIRX       GPUTL       MCUTL       MUSAM       GUSAM       POWER             TOTEC  SACLK  PSTAT  TMPTR       MMTMP  SMCLK
      Id                                                                                                                                                               W                mJ                    C           C       
     GPU 0  1.000  0.934  0.746  0.000  0.001  0.000  0.610  0.000              10237169               7699053         100           0       0.000      99.000     175.814        4721688417   1095      0     33          43   1095
     GPU 0  1.000  0.936  0.758  0.000  0.001  0.000  0.604  0.000              10235856               7902067         100           0       0.000      99.000     175.814        4721688417   1095      0     33          43   1095
     GPU 0  1.000  0.000  0.000  0.000  0.001  0.000  0.000  0.000              10898384               8040107         100           0       0.000      99.000     175.814        4721688417   1095      0     33          43   1095
     GPU 0  1.000  0.936  0.761  0.000  0.001  0.000  0.621  0.000              10656367               7440745         100           0       0.000      99.000     173.381        4721705862   1095      0     33          43   1095
     GPU 0  1.000  0.940  0.759  0.000  0.001  0.000  0.624  0.000               8337921               5907579         100           0       0.000      99.000     173.381        4721705862   1095      0     33          43   1095
     GPU 0  1.000  0.000  0.000  0.000  0.001  0.000  0.000  0.000               4634397               3052842         100           0       0.000      99.000     173.381        4721705862   1095      0     33          43   1095
     GPU 0  1.000  0.000  0.000  0.000  0.001  0.000  0.000  0.000               4634397               3052842         100           0       0.000      99.000     173.381        4721705862   1095      0     33          43   1095
     GPU 0  1.000  0.947  0.753  0.000  0.002  0.000  0.609  0.000              11056893               8511450         100           0       0.000      99.000     173.381        4721723350   1095      0     33          43   1095
     GPU 0  1.000  0.944  0.761  0.000  0.001  0.000  0.626  0.000               7616707               6192815         100           0       0.000      99.000     172.019        4721723350   1095      0     33          43   1095
     GPU 0  1.000  0.000  0.000  0.000  0.001  0.000  0.000  0.000               4903225               4501472         100           0       0.000      99.000     172.019        4721723350   1095      0     33          43   1095
     GPU 0  1.000  0.931  0.724  0.000  0.001  0.000  0.613  0.000               2208752               1399162         100           0       0.000      99.000     172.019        4721723350   1095      0     33          43   1095
     GPU 0  1.000  0.948  0.747  0.000  0.002  0.000  0.595  0.000               4395445               3280836         100           0       0.000      99.000     172.019        4721723350   1095      0     33          43   1095
     GPU 0  1.000  0.948  0.747  0.000  0.002  0.000  0.595  0.000               4395445               3280836         100           0       0.000      99.000     172.019        4721723350   1095      0     33          43   1095
     GPU 0  1.000  0.000  0.000  0.000  0.001  0.000  0.000  0.000               7625426               5166774         100           0       0.000      99.000     171.480        4721740809   1095      0     33          43   1095

# Entity  GRACT  SMACT  SMOCC  TENSO  DRAMA  FP64A  FP32A  FP16A                 PCITX                 PCIRX       GPUTL       MCUTL       MUSAM       GUSAM       POWER             TOTEC  SACLK  PSTAT  TMPTR       MMTMP  SMCLK
      Id                                                                                                                                                               W                mJ                    C           C       
     GPU 0  1.000  0.942  0.753  0.000  0.001  0.000  0.623  0.000              19922673              11512539         100           0       0.000      99.000     171.480        4721740809   1095      0     34          44   1095
     GPU 0  1.000  0.000  0.000  0.000  0.001  0.000  0.000  0.000               9946370               7522888         100           0       0.000      99.000     171.480        4721740809   1095      0     34          43   1095
     GPU 0  1.000  0.929  0.734  0.000  0.001  0.000  0.608  0.000               9262920               6370883         100           0       0.000      99.000     171.480        4721740809   1095      0     34          43   1095
     GPU 0  1.000  0.927  0.722  0.000  0.001  0.000  0.610  0.000               8858749               6234857         100           0       0.000      99.000     173.132        4721758203   1095      0     34          43   1095
     GPU 0  1.000  0.927  0.722  0.000  0.001  0.000  0.610  0.000               8858749               6234857         100           0       0.000      99.000     173.132        4721758203   1095      0     34          43   1095
     GPU 0  1.000  0.000  0.000  0.000  0.001  0.000  0.000  0.000               3390879               3474479         100           0       0.000      99.000     173.132        4721758203   1095      0     34          43   1095
     GPU 0  1.000  0.936  0.758  0.000  0.001  0.000  0.621  0.000               9435051               6881017         100           0       0.000      99.000     173.132        4721758203   1095      0     34          43   1095
     GPU 0  1.000  0.936  0.746  0.000  0.001  0.000  0.601  0.000               9412010               7315357         100           0       0.000      99.000     173.132        4721758203   1095      0     34          43   1095
     GPU 0  1.000  0.000  0.000  0.000  0.001  0.000  0.000  0.000               7824838               6444005         100           0       0.000      99.000     173.132        4721758203   1095      0     34          43   1095
     GPU 0  1.000  0.925  0.728  0.000  0.001  0.000  0.608  0.000               1256241               1256241         100           0       0.000      99.000     173.913        4721775770   1095      0     34          44   1095
     GPU 0  1.000  0.925  0.728  0.000  0.001  0.000  0.608  0.000               1256241               1256241         100           0       0.000      99.000     173.913        4721775770   1095      0     34          44   1095
     GPU 0  1.000  0.000  0.000  0.000  0.001  0.000  0.000  0.000               6225990               5307188         100           0       0.000      99.000     173.913        4721775770   1095      0     34          43   1095
     GPU 0  1.000  0.944  0.767  0.000  0.001  0.000  0.612  0.000               5740244               3764593         100           0       0.000      99.000     173.913        4721775770   1095      0     34          44   1095
     GPU 0  1.000  0.946  0.752  0.000  0.001  0.000  0.629  0.000               8413457               5680407         100           0       0.000      99.000     171.770        4721793187   1095      0     34          43   1095

# Entity  GRACT  SMACT  SMOCC  TENSO  DRAMA  FP64A  FP32A  FP16A                 PCITX                 PCIRX       GPUTL       MCUTL       MUSAM       GUSAM       POWER             TOTEC  SACLK  PSTAT  TMPTR       MMTMP  SMCLK
      Id                                                                                                                                                               W                mJ                    C           C       
     GPU 0  1.000  0.000  0.000  0.000  0.001  0.000  0.000  0.000               9465022               6342120         100           0       0.000      99.000     171.770        4721793187   1095      0     34          43   1095
     GPU 0  1.000  0.000  0.000  0.000  0.001  0.000  0.000  0.000               9465022               6342120         100           0       0.000      99.000     171.770        4721793187   1095      0     34          43   1095
     GPU 0  1.000  0.930  0.733  0.000  0.001  0.000  0.613  0.000               9252386               6924457         100           0       0.000      99.000     171.770        4721793187   1095      0     34          44   1095
     GPU 0  1.000  0.936  0.746  0.000  0.001  0.000  0.616  0.000              10006869               7746128         100           0       0.000      99.000     171.770        4721793187   1095      0     34          43   1095
     GPU 0  1.000  0.000  0.000  0.000  0.001  0.000  0.000  0.000               4791008               3416687         100           0       0.000      99.000     173.671        4721793187   1095      0     34          43   1095
     GPU 0  1.000  0.000  0.000  0.000  0.001  0.000  0.000  0.000               4791008               3416687         100           0       0.000      99.000     173.671        4721810725   1095      0     34          43   1095
     GPU 0  1.000  0.939  0.764  0.000  0.001  0.000  0.624  0.000              13679477               9410743         100           0       0.000      99.000     173.671        4721810725   1095      0     34          43   1095
     GPU 0  1.000  0.927  0.746  0.000  0.001  0.000  0.611  0.000              10347566               7989471         100           0       0.000      99.000     173.671        4721810725   1095      0     34          43   1095
     GPU 0  1.000  0.000  0.000  0.000  0.001  0.000  0.000  0.000               9970260               7660378         100           0       0.000      99.000     173.671        4721810725   1095      0     34          43   1095
     GPU 0  1.000  0.935  0.730  0.000  0.001  0.000  0.617  0.000              10172050               7803715         100           0       0.000      99.000     173.671        4721810725   1095      0     34          43   1095
     GPU 0  1.000  0.936  0.758  0.000  0.001  0.000  0.621  0.000               8539281               6906832         100           0       0.000      99.000     173.132        4721828260   1095      0     34          43   1095
     GPU 0  1.000  0.000  0.000  0.000  0.001  0.000  0.000  0.000               3888298               1495423         100           0       0.000      99.000     173.132        4721828260   1095      0     34          44   1095
     GPU 0  1.000  0.000  0.000  0.000  0.001  0.000  0.000  0.000               3888298               1495423         100           0       0.000      99.000     173.132        4721828260   1095      0     34          43   1095
     GPU 0  1.000  0.939  0.765  0.000  0.001  0.000  0.609  0.000               3469589               1453165         100           0       0.000      99.000     173.132        4721828260   1095      0     34          43   1095

# Entity  GRACT  SMACT  SMOCC  TENSO  DRAMA  FP64A  FP32A  FP16A                 PCITX                 PCIRX       GPUTL       MCUTL       MUSAM       GUSAM       POWER             TOTEC  SACLK  PSTAT  TMPTR       MMTMP  SMCLK
      Id                                                                                                                                                               W                mJ                    C           C       
     GPU 0  1.000  0.925  0.731  0.000  0.002  0.000  0.609  0.000               5446557               3677679         100           0       0.000      99.000     174.203        4721828260   1095      0     34          43   1095
     GPU 0  1.000  0.000  0.000  0.000  0.001  0.000  0.000  0.000               8209879               5504754         100           0       0.000      99.000     174.203        4721845898   1095      0     34          43   1095
     GPU 0  1.000  0.934  0.728  0.000  0.001  0.000  0.616  0.000              10439318               5960106         100           0       0.000      99.000     174.203        4721845898   1095      0     34          43   1095
     GPU 0  1.000  0.934  0.738  0.000  0.001  0.000  0.615  0.000               8945684               6379960         100           0       0.000      99.000     174.203        4721845898   1095      0     34          43   1095
     GPU 0  1.000  0.934  0.738  0.000  0.001  0.000  0.615  0.000               8945684               6379960         100           0       0.000      99.000     174.203        4721845898   1095      0     34          43   1095
     GPU 0  1.000  0.000  0.000  0.000  0.001  0.000  0.000  0.000               9750189               7694754         100           0       0.000      99.000     174.203        4721845898   1095      0     34          43   1095
     GPU 0  1.000  0.938  0.755  0.000  0.001  0.000  0.623  0.000               7480675               6310870         100           0       0.000      99.000     173.671        4721863438   1095      0     34          43   1095
     GPU 0  1.000  0.933  0.745  0.000  0.001  0.000  0.599  0.000              11136235               8080224         100           0       0.000      99.000     173.671        4721863438   1095      0     34          43   1095
     GPU 0  1.000  0.933  0.745  0.000  0.001  0.000  0.599  0.000              11136235               8080224         100           0       0.000      99.000     173.671        4721863438   1095      0     34          43   1095
     GPU 0  1.000  0.000  0.000  0.000  0.001  0.000  0.000  0.000               3633666               1783901         100           0       0.000      99.000     173.671        4721863438   1095      0     34          44   1095
     GPU 0  1.000  0.928  0.743  0.000  0.001  0.000  0.611  0.000               5305045               3389736         100           0       0.000      99.000     173.671        4721881082   1095      0     34          43   1095
     GPU 0  1.000  0.922  0.724  0.000  0.001  0.000  0.606  0.000              12945164               9377701         100           0       0.000      99.000     173.913        4721881082   1095      0     34          43   1095
     GPU 0  1.000  0.922  0.724  0.000  0.001  0.000  0.606  0.000              12945164               9377701         100           0       0.000      99.000     173.913        4721881082   1095      0     34          43   1095
     GPU 0  1.000  0.000  0.000  0.000  0.001  0.000  0.000  0.000               6664977               5568712         100           0       0.000      99.000     173.913        4721881082   1095      0     34          43   1095

# Entity  GRACT  SMACT  SMOCC  TENSO  DRAMA  FP64A  FP32A  FP16A                 PCITX                 PCIRX       GPUTL       MCUTL       MUSAM       GUSAM       POWER             TOTEC  SACLK  PSTAT  TMPTR       MMTMP  SMCLK
      Id                                                                                                                                                               W                mJ                    C           C       
     GPU 0  1.000  0.944  0.768  0.000  0.001  0.000  0.627  0.000               5729362               4392022         100           0       0.000      99.000     173.913        4721881082   1095      0     34          43   1095
     GPU 0  1.000  0.947  0.749  0.000  0.001  0.000  0.621  0.000               8935980               6824735         100           0       0.000      99.000     173.913        4721881082   1095      0     34          44   1095
     GPU 0  1.000  0.947  0.749  0.000  0.001  0.000  0.621  0.000               8935980               6824735         100           0       0.000      99.000     171.770        4721898473   1095      0     34          44   1095
     GPU 0  1.000  0.000  0.000  0.000  0.001  0.000  0.000  0.000              10342251               7172270         100           0       0.000      99.000     171.770        4721898473   1095      0     34          45   1095
     GPU 0  1.000  0.940  0.753  0.000  0.002  0.000  0.623  0.000               5430612               3560940         100           0       0.000      99.000     171.770        4721898473   1095      0     34          45   1095
     GPU 0  1.000  0.937  0.742  0.000  0.001  0.000  0.615  0.000               6282392               4371039         100           0       0.000      99.000     171.770        4721898473   1095      0     34          44   1095
     GPU 0  1.000  0.000  0.000  0.000  0.001  0.000  0.000  0.000               8706808               6079393         100           0       0.000      99.000     172.309        4721915838   1095      0     34          44   1095
     GPU 0  1.000  0.948  0.742  0.000  0.001  0.000  0.606  0.000              10209177               7842315         100           0       0.000      99.000     172.309        4721915838   1095      0     34          45   1095
     GPU 0  1.000  0.937  0.760  0.000  0.001  0.000  0.622  0.000              10481116               7814502         100           0       0.000      99.000     172.309        4721915838   1095      0     34          44   1095
     GPU 0  1.000  0.937  0.760  0.000  0.001  0.000  0.622  0.000              10481116               7814502         100           0       0.000      99.000     172.309        4721915838   1095      0     34          45   1095
     GPU 0  1.000  0.000  0.000  0.000  0.001  0.000  0.000  0.000               9522462               7436793         100           0       0.000      99.000     172.309        4721915838   1095      0     34          43   1095
     GPU 0  1.000  0.935  0.755  0.000  0.002  0.000  0.621  0.000               7899334               6562710         100           0       0.000      99.000     172.309        4721915838   1095      0     35          45   1095
     GPU 0  1.000  0.935  0.755  0.000  0.002  0.000  0.621  0.000               7899334               6562710         100           0       0.000      99.000     174.203        4721933444   1095      0     35          44   1095
     GPU 0  1.000  0.938  0.753  0.000  0.001  0.000  0.606  0.000               8534753               6063079         100           0       0.000      99.000     174.203        4721933444   1095      0     35          44   1095

# Entity  GRACT  SMACT  SMOCC  TENSO  DRAMA  FP64A  FP32A  FP16A                 PCITX                 PCIRX       GPUTL       MCUTL       MUSAM       GUSAM       POWER             TOTEC  SACLK  PSTAT  TMPTR       MMTMP  SMCLK
      Id                                                                                                                                                               W                mJ                    C           C       
     GPU 0  1.000  0.000  0.000  0.000  0.001  0.000  0.000  0.000               4696093               2847476         100           0       0.000      99.000     174.203        4721933444   1095      0     35          44   1095
     GPU 0  1.000  0.932  0.747  0.000  0.001  0.000  0.615  0.000               7580207               5080285         100           0       0.000      99.000     174.203        4721933444   1095      0     35          45   1095
     GPU 0  1.000  0.939  0.751  0.000  0.002  0.000  0.603  0.000               9087877               6546802         100           0       0.000      99.000     174.742        4721950956   1095      0     35          45   1095
     GPU 0  1.000  0.000  0.000  0.000  0.001  0.000  0.000  0.000               9857786               7630138         100           0       0.000      99.000     174.742        4721950956   1095      0     35          45   1095
     GPU 0  1.000  0.000  0.000  0.000  0.001  0.000  0.000  0.000               9857786               7630138         100           0       0.000      99.000     174.742        4721950956   1095      0     35          45   1095
     GPU 0  1.000  0.935  0.761  0.000  0.001  0.000  0.621  0.000               8039326               6448184         100           0       0.000      99.000     174.742        4721950956   1095      0     35          44   1095
     GPU 0  1.000  0.930  0.737  0.000  0.001  0.000  0.614  0.000               4546608               4059796         100           0       0.000      99.000     174.742        4721950956   1095      0     35          44   1095
     GPU 0  1.000  0.000  0.000  0.000  0.001  0.000  0.000  0.000              10108128               7706421         100           0       0.000      99.000     174.742        4721950956   1095      0     35          44   1095
     GPU 0  1.000  0.937  0.740  0.000  0.001  0.000  0.599  0.000              10581057               7944150         100           0       0.000      99.000     173.381        4721968539   1095      0     35          44   1095
     GPU 0  1.000  0.937  0.740  0.000  0.001  0.000  0.599  0.000              10581057               7944150         100           0       0.000      99.000     173.381        4721968539   1095      0     35          45   1095
     GPU 0  1.000  0.931  0.735  0.000  0.002  0.000  0.615  0.000               3804019               1662086         100           0       0.000      99.000     173.381        4721968539   1095      0     35          45   1095
     GPU 0  1.000  0.000  0.000  0.000  0.001  0.000  0.000  0.000               3384782               1244080         100           0       0.000      99.000     173.381        4721968539   1095      0     35          44   1095
     GPU 0  1.000  0.927  0.738  0.000  0.001  0.000  0.611  0.000               7044914               4001519         100           0       0.000      99.000     174.203        4721986160   1095      0     35          44   1095
     GPU 0  1.000  0.924  0.718  0.000  0.001  0.000  0.607  0.000               7777924               4955678         100           0       0.000      99.000     174.203        4721986160   1095      0     35          45   1095

# Entity  GRACT  SMACT  SMOCC  TENSO  DRAMA  FP64A  FP32A  FP16A                 PCITX                 PCIRX       GPUTL       MCUTL       MUSAM       GUSAM       POWER             TOTEC  SACLK  PSTAT  TMPTR       MMTMP  SMCLK
      Id                                                                                                                                                               W                mJ                    C           C       
     GPU 0  1.000  0.000  0.000  0.000  0.002  0.000  0.000  0.000               7660116               5322026         100           0       0.000      99.000     174.203        4721986160   1095      0     35          44   1095
     GPU 0  1.000  0.946  0.764  0.000  0.001  0.000  0.629  0.000              10109409               7584889         100           0       0.000      99.000     174.203        4721986160   1095      0     35          44   1095
     GPU 0  1.000  0.946  0.764  0.000  0.001  0.000  0.629  0.000              10109409               7584889         100           0       0.000      99.000     174.203        4721986160   1095      0     35          44   1095
     GPU 0  1.000  0.940  0.746  0.000  0.001  0.000  0.623  0.000               9947734               7409620         100           0       0.000      99.000     174.203        4721986160   1095      0     35          44   1095
     GPU 0  1.000  0.000  0.000  0.000  0.001  0.000  0.000  0.000               4388600               4053947         100           0       0.000      99.000     172.309        4722003613   1095      0     35          44   1095
     GPU 0  1.000  0.000  0.000  0.000  0.001  0.000  0.000  0.000               4388600               4053947         100           0       0.000      99.000     172.309        4722003613   1095      0     35          44   1095
     GPU 0  1.000  0.936  0.729  0.000  0.002  0.000  0.617  0.000               4079210               1877792         100           0       0.000      99.000     172.309        4722003613   1095      0     35          44   1095
     GPU 0  1.000  0.951  0.766  0.000  0.001  0.000  0.632  0.000               3150043               1434598         100           0       0.000      99.000     172.309        4722003613   1095      0     35          44   1095
     GPU 0  1.000  0.000  0.000  0.000  0.001  0.000  0.000  0.000               7419272               3650604         100           0       0.000      99.000     172.841        4722021010   1095      0     35          44   1095
     GPU 0  1.000  0.941  0.758  0.000  0.001  0.000  0.607  0.000               5865682               3517251         100           0       0.000      99.000     172.841        4722021010   1095      0     35          44   1095
     GPU 0  1.000  0.951  0.764  0.000  0.001  0.000  0.634  0.000               6897665               4685048         100           0       0.000      99.000     172.841        4722021010   1095      0     35          44   1095
     GPU 0  1.000  0.000  0.000  0.000  0.001  0.000  0.000  0.000               7612052               5240206         100           0       0.000      99.000     172.841        4722021010   1095      0     35          44   1095
     GPU 0  1.000  0.000  0.000  0.000  0.001  0.000  0.000  0.000               7612052               5240206         100           0       0.000      99.000     172.841        4722021010   1095      0     35          44   1095
     GPU 0  1.000  0.947  0.760  0.000  0.001  0.000  0.630  0.000              10024938               7453383         100           0       0.000      99.000     172.841        4722021010   1095      0     35          44   1095

# Entity  GRACT  SMACT  SMOCC  TENSO  DRAMA  FP64A  FP32A  FP16A                 PCITX                 PCIRX       GPUTL       MCUTL       MUSAM       GUSAM       POWER             TOTEC  SACLK  PSTAT  TMPTR       MMTMP  SMCLK
      Id                                                                                                                                                               W                mJ                    C           C       
     GPU 0  1.000  0.939  0.757  0.000  0.001  0.000  0.602  0.000               7433650               6389605         100           0       0.000      99.000     172.019        4722038393   1095      0     35          44   1095
     GPU 0  1.000  0.000  0.000  0.000  0.001  0.000  0.000  0.000              10736612               7480211         100           0       0.000      99.000     172.019        4722038393   1095      0     35          44   1095
     GPU 0  1.000  0.000  0.000  0.000  0.001  0.000  0.000  0.000              10736612               7480211         100           0       0.000      99.000     172.019        4722038393   1095      0     35          44   1095
     GPU 0  1.000  0.945  0.755  0.000  0.001  0.000  0.627  0.000               3386733               1244285         100           0       0.000      99.000     172.019        4722038393   1095      0     35          44   1095
     GPU 0  1.000  0.947  0.762  0.000  0.001  0.000  0.626  0.000               7172301               3467895         100           0       0.000      99.000     172.551        4722055753   1095      0     35          44   1095
     GPU 0  1.000  0.000  0.000  0.000  0.002  0.000  0.000  0.000               6842336               3293381         100           0       0.000      99.000     172.551        4722055753   1095      0     35          44   1095
     GPU 0  1.000  0.937  0.742  0.000  0.001  0.000  0.619  0.000               5046824               3354053         100           0       0.000      99.000     172.551        4722055753   1095      0     35          44   1095
     GPU 0  1.000  0.937  0.742  0.000  0.001  0.000  0.619  0.000               5046824               3354053         100           0       0.000      99.000     172.551        4722055753   1095      0     35          44   1095
     GPU 0  1.000  0.942  0.759  0.000  0.001  0.000  0.625  0.000               7958789               5251283         100           0       0.000      99.000     172.551        4722055753   1095      0     35          44   1095
     GPU 0  1.000  0.000  0.000  0.000  0.001  0.000  0.000  0.000               7454159               6281779         100           0       0.000      99.000     172.551        4722055753   1095      0     35          44   1095
     GPU 0  1.000  0.946  0.770  0.000  0.001  0.000  0.628  0.000               7057312               4991271         100           0       0.000      99.000     172.309        4722073149   1095      0     35          44   1095
     GPU 0  1.000  0.946  0.770  0.000  0.001  0.000  0.628  0.000               7057312               4991271         100           0       0.000      99.000     172.309        4722073149   1095      0     35          44   1095
     GPU 0  1.000  0.949  0.758  0.000  0.001  0.000  0.626  0.000               3885958               1452369         100           0       0.000      99.000     172.309        4722073149   1095      0     35          44   1095
     GPU 0  1.000  0.000  0.000  0.000  0.001  0.000  0.000  0.000               8035600               5856558         100           0       0.000      99.000     172.309        4722073149   1095      0     35          44   1095

# Entity  GRACT  SMACT  SMOCC  TENSO  DRAMA  FP64A  FP32A  FP16A                 PCITX                 PCIRX       GPUTL       MCUTL       MUSAM       GUSAM       POWER             TOTEC  SACLK  PSTAT  TMPTR       MMTMP  SMCLK
      Id                                                                                                                                                               W                mJ                    C           C       
     GPU 0  1.000  0.938  0.731  0.000  0.002  0.000  0.597  0.000              10912396               8499988         100           0       0.000      99.000     172.309        4722073149   1095      0     35          44   1095
     GPU 0  1.000  0.943  0.769  0.000  0.001  0.000  0.626  0.000               6326405               4873022         100           0       0.000      99.000     172.309        4722090617   1095      0     35          44   1095
     GPU 0  1.000  0.000  0.000  0.000  0.001  0.000  0.000  0.000               3029732               1563740         100           0       0.000      99.000     172.309        4722090617   1095      0     35          44   1095
     GPU 0  1.000  0.000  0.000  0.000  0.001  0.000  0.000  0.000               3029732               1563740         100           0       0.000      99.000     172.309        4722090617   1095      0     35          44   1095
     GPU 0  1.000  0.933  0.727  0.000  0.001  0.000  0.615  0.000               5128382               3707673         100           0       0.000      99.000     172.309        4722090617   1095      0     35          44   1095
     GPU 0  1.000  0.945  0.753  0.000  0.001  0.000  0.615  0.000               9305902               6826980         100           0       0.000      99.000     172.309        4722090617   1095      0     35          44   1095
     GPU 0  1.000  0.000  0.000  0.000  0.001  0.000  0.000  0.000              10848220               8108763         100           0       0.000      99.000     173.671        4722108263   1095      0     35          44   1095
     GPU 0  1.000  0.000  0.000  0.000  0.001  0.000  0.000  0.000              10848220               8108763         100           0       0.000      99.000     173.671        4722108263   1095      0     35          44   1095
     GPU 0  1.000  0.924  0.717  0.000  0.001  0.000  0.607  0.000               9867027               6920514         100           0       0.000      99.000     173.671        4722108263   1095      0     35          44   1095
     GPU 0  1.000  0.924  0.730  0.000  0.001  0.000  0.610  0.000               3383207               1476354         100           0       0.000      99.000     173.671        4722108263   1095      0     35          44   1095
     GPU 0  1.000  0.000  0.000  0.000  0.001  0.000  0.000  0.000               4723116               3071611         100           0       0.000      99.000     173.671        4722125797   1095      0     35          44   1095
     GPU 0  1.000  0.925  0.746  0.000  0.002  0.000  0.612  0.000               6973813               5084065         100           0       0.000      99.000     174.203        4722125797   1095      0     35          44   1095
     GPU 0  1.000  0.947  0.769  0.000  0.001  0.000  0.628  0.000               9682465               6862636         100           0       0.000      99.000     174.203        4722125797   1095      0     35          44   1095
     GPU 0  1.000  0.947  0.769  0.000  0.001  0.000  0.628  0.000               9682465               6862636         100           0       0.000      99.000     174.203        4722125797   1095      0     35          44   1095

# Entity  GRACT  SMACT  SMOCC  TENSO  DRAMA  FP64A  FP32A  FP16A                 PCITX                 PCIRX       GPUTL       MCUTL       MUSAM       GUSAM       POWER             TOTEC  SACLK  PSTAT  TMPTR       MMTMP  SMCLK
      Id                                                                                                                                                               W                mJ                    C           C       
     GPU 0  1.000  0.000  0.000  0.000  0.001  0.000  0.000  0.000               9902520               7418902         100           0       0.000      99.000     174.203        4722125797   1095      0     35          44   1095
     GPU 0  1.000  0.944  0.762  0.000  0.001  0.000  0.608  0.000               8661258               6811155         100           0       0.000      99.000     174.203        4722125797   1095      0     35          44   1095
     GPU 0  1.000  0.945  0.763  0.000  0.002  0.000  0.627  0.000              10649873               7924530         100           0       0.000      99.000     172.309        4722143276   1095      0     35          44   1095
     GPU 0  1.000  0.945  0.763  0.000  0.002  0.000  0.627  0.000              10649873               7924530         100           0       0.000      99.000     172.309        4722143276   1095      0     35          44   1095
     GPU 0  1.000  0.000  0.000  0.000  0.001  0.000  0.000  0.000               6199872               4869142         100           0       0.000      99.000     172.309        4722143276   1095      0     35          44   1095
     GPU 0  1.000  0.943  0.749  0.000  0.001  0.000  0.625  0.000              10192464               7834068         100           0       0.000      99.000     172.309        4722143276   1095      0     35          44   1095
     GPU 0  1.000  0.940  0.745  0.000  0.002  0.000  0.624  0.000              10616632               7727099         100           0       0.000      99.000     172.309        4722143276   1095      0     35          44   1095
     GPU 0  1.000  0.000  0.000  0.000  0.001  0.000  0.000  0.000               1340566                167570         100           0       0.000      99.000     172.019        4722160644   1095      0     35          44   1095
     GPU 0  0.000  0.000  0.000  0.000  0.000  0.000  0.000  0.000               8730133               5050743         100           0       0.000      99.000     172.019        4722160644   1095      0     34          44   1095
     GPU 0  0.000  0.000  0.000  0.000  0.000  0.000  0.000  0.000               8730133               5050743         100           0       0.000      99.000     172.019        4722160644   1095      0     34          44   1095
     GPU 0  0.000  0.000  0.000  0.000  0.000  0.000  0.000  0.000              11225425               6666761          75           0       0.000      74.000     172.019        4722160644   1095      0     33          44   1095
     GPU 0  0.000  0.000  0.000  0.000  0.000  0.000  0.000  0.000               5920600               3695892          75           0       0.000      74.000     172.019        4722170744   1095      0     32          44   1095
     GPU 0  0.000  0.000  0.000  0.000  0.000  0.000  0.000  0.000               8115760               5074850          75           0       0.000      74.000      88.126        4722170744   1095      0     32          44   1095
     GPU 0  0.000  0.000  0.000  0.000  0.000  0.000  0.000  0.000               9818947               6143041          75           0       0.000      74.000      88.126        4722170744   1095      0     32          44   1095

# Entity  GRACT  SMACT  SMOCC  TENSO  DRAMA  FP64A  FP32A  FP16A                 PCITX                 PCIRX       GPUTL       MCUTL       MUSAM       GUSAM       POWER             TOTEC  SACLK  PSTAT  TMPTR       MMTMP  SMCLK
      Id                                                                                                                                                               W                mJ                    C           C       
     GPU 0  0.000  0.000  0.000  0.000  0.000  0.000  0.000  0.000              10124692               6413738          75           0       0.000      74.000      88.126        4722170744   1095      0     31          44   1095
     GPU 0  0.000  0.000  0.000  0.000  0.000  0.000  0.000  0.000               9244682               5726290          75           0       0.000      74.000      88.126        4722170744   1095      0     31          44   1095
     GPU 0  0.000  0.000  0.000  0.000  0.000  0.000  0.000  0.000               8731312               5527531          75           0       0.000      74.000      88.126        4722170744   1095      0     31          44   1095
     GPU 0  0.000  0.000  0.000  0.000  0.000  0.000  0.000  0.000               8731312               5527531          75           0       0.000      74.000      88.666        4722179698   1095      0     31          44   1095
     GPU 0  0.000  0.000  0.000  0.000  0.000  0.000  0.000  0.000               7551857               4933481          75           0       0.000      74.000      88.666        4722179698   1095      0     31          44   1095
     GPU 0  0.000  0.000  0.000  0.000  0.000  0.000  0.000  0.000               3255369                232896          75           0       0.000      74.000      88.666        4722179698   1095      0     31          44   1095
     GPU 0  0.000  0.000  0.000  0.000  0.000  0.000  0.000  0.000               5294217               1455925           0           0       0.000      74.000      88.666        4722179698   1095      0     31          44   1095
     GPU 0  0.000  0.000  0.000  0.000  0.000  0.000  0.000  0.000               5058673               2108360           0           0       0.000       0.000      88.666        4722188614   1095      0     31          44   1095
     GPU 0  0.000  0.000  0.000  0.000  0.000  0.000  0.000  0.000               3971883               1755555           0           0       0.000       0.000      88.126        4722188614   1095      0     30          44   1095
     GPU 0  0.000  0.000  0.000  0.000  0.000  0.000  0.000  0.000               5395692               2954541           0           0       0.000       0.000      88.126        4722188614   1095      0     30          44   1095
     GPU 0  0.000  0.000  0.000  0.000  0.000  0.000  0.000  0.000               5395692               2954541           0           0       0.000       0.000      88.126        4722188614   1095      0     30          44   1095
     GPU 0  0.000  0.000  0.000  0.000  0.000  0.000  0.000  0.000               5923754               4127747           0           0       0.000       0.000      88.126        4722188614   1095      0     30          44   1095
     GPU 0  0.000  0.000  0.000  0.000  0.000  0.000  0.000  0.000               7117679               4745119           0           0       0.000       0.000      88.126        4722188614   1095      0     30          44   1095
     GPU 0  0.000  0.000  0.000  0.000  0.000  0.000  0.000  0.000               8310866               6080935           0           0       0.000       0.000      88.126        4722197533   1095      0     30          44   1095

# Entity  GRACT  SMACT  SMOCC  TENSO  DRAMA  FP64A  FP32A  FP16A                 PCITX                 PCIRX       GPUTL       MCUTL       MUSAM       GUSAM       POWER             TOTEC  SACLK  PSTAT  TMPTR       MMTMP  SMCLK
      Id                                                                                                                                                               W                mJ                    C           C       
     GPU 0  0.000  0.000  0.000  0.000  0.000  0.000  0.000  0.000               5821191               2688944           0           0       0.000       0.000      88.126        4722197533   1095      0     30          44   1095
     GPU 0  0.000  0.000  0.000  0.000  0.000  0.000  0.000  0.000               5004091               2825556           0           0       0.000       0.000      88.126        4722197533   1095      0     30          44   1095
     GPU 0  0.000  0.000  0.000  0.000  0.000  0.000  0.000  0.000               9737339               5814577           0           0       0.000       0.000      88.126        4722197533   1095      0     30          44   1095
     GPU 0  0.000  0.000  0.000  0.000  0.000  0.000  0.000  0.000               9822261               6519295           0           0       0.000       0.000      88.126        4722197533   1095      0     30          44   1095
     GPU 0  0.000  0.000  0.000  0.000  0.000  0.000  0.000  0.000               9822261               6519295           0           0       0.000       0.000      88.126        4722206444   1095      0     30          44   1095
     GPU 0  0.000  0.000  0.000  0.000  0.000  0.000  0.000  0.000               8945396               5311558           0           0       0.000       0.000      88.126        4722206444   1095      0     30          44   1095
     GPU 0  0.000  0.000  0.000  0.000  0.000  0.000  0.000  0.000               9823591               6422359           0           0       0.000       0.000      88.126        4722206444   1095      0     30          44   1095
     GPU 0  0.005  0.000  0.000  0.000  0.000  0.000  0.000  0.000               4515448               8520454           0           0       0.000       0.000      88.126        4722206444   1095      0     30          44   1095
     GPU 0  0.000  0.000  0.000  0.000  0.000  0.000  0.000  0.000              12787389              11331399           0           0       0.000       0.000      88.126        4722206444   1095      0     30          44   1095
     GPU 0  0.000  0.000  0.000  0.000  0.000  0.000  0.000  0.000              12787389              11331399           0           0       0.000       0.000      88.126        4722215275   1095      0     30          44   1095
     GPU 0  0.000  0.000  0.000  0.000  0.013  0.000  0.000  0.000               9702228               7242508           0           0       0.000       0.000      87.593        4722215275   1095      0     30          45   1095
     GPU 0  0.000  0.000  0.000  0.000  0.013  0.000  0.000  0.000               9702228               7242508           0           0       0.000       0.000      87.593        4722215275   1095      0     30          44   1095
     GPU 0  0.000  0.000  0.000  0.000  0.000  0.000  0.000  0.000              12977212              13634286           7           0       0.000       0.000      87.593        4722215275   1095      0     30          44   1095
     GPU 0  0.000  0.000  0.000  0.000  0.000  0.000  0.000  0.000              12977212              13634286           7           0       0.000       0.000      88.424        4722215275   1095      0     30          45   1095

# Entity  GRACT  SMACT  SMOCC  TENSO  DRAMA  FP64A  FP32A  FP16A                 PCITX                 PCIRX       GPUTL       MCUTL       MUSAM       GUSAM       POWER             TOTEC  SACLK  PSTAT  TMPTR       MMTMP  SMCLK
      Id                                                                                                                                                               W                mJ                    C           C       
     GPU 0  0.000  0.000  0.000  0.000  0.000  0.000  0.000  0.000               9379422               7495072           7           0       0.000       0.000      88.424        4722224261   1095      0     29          45   1095
     GPU 0  0.000  0.000  0.000  0.000  0.000  0.000  0.000  0.000               9379422               7495072           7           0       0.000       0.000      88.424        4722224261   1095      0     29          44   1095
     GPU 0  0.000  0.000  0.000  0.000  0.000  0.000  0.000  0.000               9530214               7396869           7           0       0.000       0.000      88.424        4722224261   1095      0     29          45   1095
     GPU 0  0.000  0.000  0.000  0.000  0.000  0.000  0.000  0.000              10357803               8569297           7           0       0.000       0.000      88.424        4722224261   1095      0     29          45   1095
     GPU 0  0.000  0.000  0.000  0.000  0.000  0.000  0.000  0.000               9657043               6019242           7           0       0.000       0.000      88.424        4722224261   1095      0     29          44   1095
     GPU 0  0.000  0.000  0.000  0.000  0.000  0.000  0.000  0.000              10185999               6250307           7           0       0.000       0.000      87.884        4722233082   1095      0     29          43   1095
     GPU 0  0.000  0.000  0.000  0.000  0.000  0.000  0.000  0.000              10077197               6246188           7           0       0.000       0.000      87.884        4722233082   1095      0     29          44   1095
     GPU 0  0.000  0.000  0.000  0.000  0.000  0.000  0.000  0.000              10077197               6246188           7           0       0.000       0.000      87.884        4722233082   1095      0     29          44   1095
     GPU 0  0.000  0.000  0.000  0.000  0.000  0.000  0.000  0.000               9958587               6109847           0           0       0.000       0.000      87.884        4722233082   1095      0     29          44   1095
     GPU 0  0.000  0.000  0.000  0.000  0.000  0.000  0.000  0.000               9227296               5788489           0           0       0.000       0.000      87.884        4722233082   1095      0     29          44   1095
     GPU 0  0.000  0.000  0.000  0.000  0.000  0.000  0.000  0.000                999640                 83303           0           0       0.000       0.000      87.884        4722242179   1095      0     29          45   1095
     GPU 0  0.000  0.000  0.000  0.000  0.000  0.000  0.000  0.000               9456182               4621343           0           0       0.000       0.000      88.126        4722242179   1095      0     29          43   1095
     GPU 0  0.000  0.000  0.000  0.000  0.000  0.000  0.000  0.000               9470256               5964701           0           0       0.000       0.000      88.126        4722242179   1095      0     29          43   1095
     GPU 0  0.000  0.000  0.000  0.000  0.000  0.000  0.000  0.000               9656936               6343146           0           0       0.000       0.000      88.126        4722242179   1095      0     29          45   1095

# Entity  GRACT  SMACT  SMOCC  TENSO  DRAMA  FP64A  FP32A  FP16A                 PCITX                 PCIRX       GPUTL       MCUTL       MUSAM       GUSAM       POWER             TOTEC  SACLK  PSTAT  TMPTR       MMTMP  SMCLK
      Id                                                                                                                                                               W                mJ                    C           C       
     GPU 0  0.000  0.000  0.000  0.000  0.000  0.000  0.000  0.000              11835393               7734592           0           0       0.000       0.000      88.126        4722242179   1095      0     29          43   1095
     GPU 0  0.000  0.000  0.000  0.000  0.000  0.000  0.000  0.000              10866295               6986324           0           0       0.000       0.000      88.424        4722250886   1095      0     29          44   1095
     GPU 0  0.000  0.000  0.000  0.000  0.000  0.000  0.000  0.000              10318082               6377978           0           0       0.000       0.000      88.424        4722250886   1095      0     29          43   1095
     GPU 0  0.000  0.000  0.000  0.000  0.000  0.000  0.000  0.000              10318082               6377978           0           0       0.000       0.000      88.424        4722250886   1095      0     29          45   1095
     GPU 0  0.000  0.000  0.000  0.000  0.000  0.000  0.000  0.000              10065969               6265780           0           0       0.000       0.000      88.424        4722250886   1095      0     29          44   1095
     GPU 0  0.000  0.000  0.000  0.000  0.000  0.000  0.000  0.000               7302571               4783598           0           0       0.000       0.000      88.424        4722250886   1095      0     29          44   1095
     GPU 0  0.000  0.000  0.000  0.000  0.000  0.000  0.000  0.000                922141                     0           0           0       0.000       0.000      88.424        4722259897   1095      0     29          43   1095
     GPU 0  0.000  0.000  0.000  0.000  0.000  0.000  0.000  0.000              11413166               8897334           0           0       0.000       0.000      87.884        4722259897   1095      0     29          43   1095
     GPU 0  0.000  0.000  0.000  0.000  0.000  0.000  0.000  0.000               9657382               6430045           0           0       0.000       0.000      87.884        4722259897   1095      0     29          43   1095
     GPU 0  0.000  0.000  0.000  0.000  0.000  0.000  0.000  0.000               7210081               5114489           0           0       0.000       0.000      87.884        4722259897   1095      0     29          43   1095
     GPU 0  0.000  0.000  0.000  0.000  0.000  0.000  0.000  0.000               3144376               2162701           0           0       0.000       0.000      87.884        4722259897   1095      0     29          43   1095
     GPU 0  0.000  0.000  0.000  0.000  0.000  0.000  0.000  0.000               3144376               2162701           0           0       0.000       0.000      87.884        4722268659   1095      0     29          44   1095
     GPU 0  0.000  0.000  0.000  0.000  0.000  0.000  0.000  0.000               3028774                 41889           0           0       0.000       0.000      87.884        4722268659   1095      0     29          43   1095
     GPU 0  0.000  0.000  0.000  0.000  0.000  0.000  0.000  0.000               4319901               1833324           0           0       0.000       0.000      87.884        4722268659   1095      0     29          43   1095

# Entity  GRACT  SMACT  SMOCC  TENSO  DRAMA  FP64A  FP32A  FP16A                 PCITX                 PCIRX       GPUTL       MCUTL       MUSAM       GUSAM       POWER             TOTEC  SACLK  PSTAT  TMPTR       MMTMP  SMCLK
      Id                                                                                                                                                               W                mJ                    C           C       
     GPU 0  0.000  0.000  0.000  0.000  0.000  0.000  0.000  0.000               5296600               2330331           0           0       0.000       0.000      87.884        4722268659   1095      0     29          43   1095
     GPU 0  0.000  0.000  0.000  0.000  0.000  0.000  0.000  0.000               6936727               3850278           0           0       0.000       0.000      87.884        4722268659   1095      0     29          44   1095
     GPU 0  0.000  0.000  0.000  0.000  0.000  0.000  0.000  0.000               6936727               3850278           0           0       0.000       0.000      87.884        4722268659   1095      0     29          43   1095
     GPU 0  0.000  0.000  0.000  0.000  0.000  0.000  0.000  0.000               9491800               5001400           0           0       0.000       0.000      87.593        4722277733   1095      0     29          43   1095
     GPU 0  0.000  0.000  0.000  0.000  0.000  0.000  0.000  0.000               3911240               2273295           0           0       0.000       0.000      87.593        4722277733   1095      0     29          45   1095
     GPU 0  0.000  0.000  0.000  0.000  0.000  0.000  0.000  0.000               4693142               3647729           0           0       0.000       0.000      87.593        4722277733   1095      0     29          43   1095
     GPU 0  0.000  0.000  0.000  0.000  0.000  0.000  0.000  0.000              10057709               7198975           0           0       0.000       0.000      87.593        4722277733   1095      0     29          43   1095
     GPU 0  0.000  0.000  0.000  0.000  0.000  0.000  0.000  0.000              10310489               6824613           0           0       0.000       0.000      87.303        4722286356   1095      0     29          43   1095
     GPU 0  0.000  0.000  0.000  0.000  0.000  0.000  0.000  0.000              10168752               6747203           0           0       0.000       0.000      87.303        4722286356   1095      0     29          43   1095
     GPU 0  0.000  0.000  0.000  0.000  0.000  0.000  0.000  0.000              10168752               6747203           0           0       0.000       0.000      87.303        4722286356   1095      0     29          43   1095
     GPU 0  0.000  0.000  0.000  0.000  0.000  0.000  0.000  0.000               9748338               6562285           0           0       0.000       0.000      87.303        4722286356   1095      0     29          43   1095
     GPU 0  0.000  0.000  0.000  0.000  0.000  0.000  0.000  0.000               7421464               4821919           0           0       0.000       0.000      87.303        4722286356   1095      0     29          43   1095
     GPU 0  0.000  0.000  0.000  0.000  0.000  0.000  0.000  0.000               1005540                 83795           0           0       0.000       0.000      87.884        4722286356   1095      0     29          43   1095
     GPU 0  0.000  0.000  0.000  0.000  0.000  0.000  0.000  0.000               6592350               4459907           0           0       0.000       0.000      87.884        4722295353   1095      0     29          43   1095

# Entity  GRACT  SMACT  SMOCC  TENSO  DRAMA  FP64A  FP32A  FP16A                 PCITX                 PCIRX       GPUTL       MCUTL       MUSAM       GUSAM       POWER             TOTEC  SACLK  PSTAT  TMPTR       MMTMP  SMCLK
      Id                                                                                                                                                               W                mJ                    C           C       
     GPU 0  0.000  0.000  0.000  0.000  0.000  0.000  0.000  0.000               6288191               4276415           0           0       0.000       0.000      87.884        4722295353   1095      0     29          43   1095
     GPU 0  0.000  0.000  0.000  0.000  0.000  0.000  0.000  0.000               2082531                163063           0           0       0.000       0.000      87.884        4722295353   1095      0     29          43   1095
     GPU 0  0.000  0.000  0.000  0.000  0.000  0.000  0.000  0.000               2082531                163063           0           0       0.000       0.000      87.884        4722295353   1095      0     29          43   1095
     GPU 0  0.000  0.000  0.000  0.000  0.000  0.000  0.000  0.000               2210389                163872           0           0       0.000       0.000      87.884        4722304100   1095      0     29          43   1095
     GPU 0  0.000  0.000  0.000  0.000  0.000  0.000  0.000  0.000               5660360               2557073           0           0       0.000       0.000      87.884        4722304100   1095      0     29          43   1095
     GPU 0  0.000  0.000  0.000  0.000  0.000  0.000  0.000  0.000               6618586               4481507           0           0       0.000       0.000      87.884        4722304100   1095      0     29          43   1095
     GPU 0  0.000  0.000  0.000  0.000  0.000  0.000  0.000  0.000               8685545               5737906           0           0       0.000       0.000      87.884        4722304100   1095      0     29          43   1095
     GPU 0  0.000  0.000  0.000  0.000  0.000  0.000  0.000  0.000               8685545               5737906           0           0       0.000       0.000      87.884        4722304100   1095      0     29          43   1095
     GPU 0  0.000  0.000  0.000  0.000  0.000  0.000  0.000  0.000               6660245               4104799           0           0       0.000       0.000      87.884        4722304100   1095      0     29          43   1095
     GPU 0  0.000  0.000  0.000  0.000  0.000  0.000  0.000  0.000              10173458               6065591           0           0       0.000       0.000      87.884        4722313154   1095      0     29          43   1095
     GPU 0  0.000  0.000  0.000  0.000  0.000  0.000  0.000  0.000               5659160               3304357           0           0       0.000       0.000      87.884        4722313154   1095      0     29          43   1095
     GPU 0  0.000  0.000  0.000  0.000  0.000  0.000  0.000  0.000               3428404                233358           0           0       0.000       0.000      87.884        4722313154   1095      0     29          43   1095
     GPU 0  0.000  0.000  0.000  0.000  0.000  0.000  0.000  0.000               3428404                233358           0           0       0.000       0.000      87.884        4722313154   1095      0     29          43   1095
     GPU 0  0.000  0.000  0.000  0.000  0.000  0.000  0.000  0.000               3761345                274646           0           0       0.000       0.000      87.884        4722321855   1095      0     29          43   1095

# Entity  GRACT  SMACT  SMOCC  TENSO  DRAMA  FP64A  FP32A  FP16A                 PCITX                 PCIRX       GPUTL       MCUTL       MUSAM       GUSAM       POWER             TOTEC  SACLK  PSTAT  TMPTR       MMTMP  SMCLK
      Id                                                                                                                                                               W                mJ                    C           C       
     GPU 0  0.000  0.000  0.000  0.000  0.000  0.000  0.000  0.000               5871128               2501618           0           0       0.000       0.000      87.884        4722321855   1095      0     29          43   1095
     GPU 0  0.000  0.000  0.000  0.000  0.000  0.000  0.000  0.000               6714646               4408095           0           0       0.000       0.000      87.884        4722321855   1095      0     29          43   1095
     GPU 0  0.000  0.000  0.000  0.000  0.000  0.000  0.000  0.000               6714646               4408095           0           0       0.000       0.000      87.884        4722321855   1095      0     29          43   1095
     GPU 0  0.000  0.000  0.000  0.000  0.000  0.000  0.000  0.000               9592214               5809106           0           0       0.000       0.000      87.884        4722321855   1095      0     29          43   1095
     GPU 0  0.000  0.000  0.000  0.000  0.000  0.000  0.000  0.000               7335490               4465978           0           0       0.000       0.000      87.884        4722321855   1095      0     29          43   1095
