# Entity  GRACT  SMACT  SMOCC  TENSO  DRAMA  FP64A  FP32A  FP16A                 PCITX                 PCIRX       GPUTL       MCUTL       MUSAM       GUSAM       POWER             TOTEC  SACLK  PSTAT  TMPTR       MMTMP  SMCLK
      Id                                                                                                                                                               W                mJ                    C           C       
     GPU 0  0.000  0.000  0.000  0.000  0.000  0.000  0.000  0.000             111746031              10158730           0           0       0.000       0.000      77.269        3546583210   1170      0     27          42    210
     GPU 0  0.000  0.000  0.000  0.000  0.000  0.000  0.000  0.000               9300721               5100626           0           0       0.000       0.000      77.269        3546583210   1170      0     27          42    210
     GPU 0  0.000  0.000  0.000  0.000  0.000  0.000  0.000  0.000               9300721               5100626           0           0       0.000       0.000      77.269        3546583210   1170      0     27          43    210
     GPU 0  0.000  0.000  0.000  0.000  0.000  0.000  0.000  0.000               8988275               6140693           0           0       0.000       0.000      77.269        3546583210   1170      0     27          42    210
     GPU 0  0.000  0.000  0.000  0.000  0.000  0.000  0.000  0.000               6962226               3763116           0           0       0.000       0.000      78.632        3546583210   1170      0     27          42    210
     GPU 0  0.000  0.000  0.000  0.000  0.000  0.000  0.000  0.000               6833433               3503301           0           0       0.000       0.000      78.632        3546591125   1170      0     27          44    210
     GPU 0  0.000  0.000  0.000  0.000  0.000  0.000  0.000  0.000               6833433               3503301           0           0       0.000       0.000      78.632        3546591125   1170      0     27          42    210
     GPU 0  0.000  0.000  0.000  0.000  0.000  0.000  0.000  0.000               6176392               3842541           0           0       0.000       0.000      78.632        3546591125   1170      0     27          42    210
     GPU 0  0.000  0.000  0.000  0.000  0.000  0.000  0.000  0.000               4940058               3745157           0           0       0.000       0.000      78.632        3546591125   1170      0     27          42    210
     GPU 0  0.000  0.000  0.000  0.000  0.000  0.000  0.000  0.000               3022258                274750           0           0       0.000       0.000      78.632        3546599060   1170      0     27          42    210
     GPU 0  0.000  0.000  0.000  0.000  0.000  0.000  0.000  0.000               3255414                232944           0           0       0.000       0.000      78.632        3546599060   1170      0     27          42    210
     GPU 0  0.000  0.000  0.000  0.000  0.000  0.000  0.000  0.000               6039830               3256240           0           0       0.000       0.000      78.632        3546599060   1170      0     27          43    210
     GPU 0  0.000  0.000  0.000  0.000  0.000  0.000  0.000  0.000               6039830               3256240           0           0       0.000       0.000      78.632        3546599060   1170      0     27          42    210
     GPU 0  0.000  0.000  0.000  0.000  0.000  0.000  0.000  0.000               7884080               4321323           0           0       0.000       0.000      78.632        3546599060   1170      0     27          42    210
     GPU 0  0.000  0.000  0.000  0.000  0.000  0.000  0.000  0.000               6147431               3694321           0           0       0.000       0.000      78.632        3546599060   1170      0     27          42    210

# Entity  GRACT  SMACT  SMOCC  TENSO  DRAMA  FP64A  FP32A  FP16A                 PCITX                 PCIRX       GPUTL       MCUTL       MUSAM       GUSAM       POWER             TOTEC  SACLK  PSTAT  TMPTR       MMTMP  SMCLK
      Id                                                                                                                                                               W                mJ                    C           C       
     GPU 0  0.000  0.000  0.000  0.000  0.000  0.000  0.000  0.000               6147431               3694321           0           0       0.000       0.000      78.632        3546607001   1170      0     27          42    210
     GPU 0  0.000  0.000  0.000  0.000  0.000  0.000  0.000  0.000               3268204               1626385           0           0       0.000       0.000      78.632        3546607001   1170      0     27          42    210
     GPU 0  0.000  0.000  0.000  0.000  0.000  0.000  0.000  0.000               1969773                121928           0           0       0.000       0.000      78.632        3546607001   1170      0     27          42    210
     GPU 0  0.000  0.000  0.000  0.000  0.000  0.000  0.000  0.000               3764534                274882           0           0       0.000       0.000      78.632        3546607001   1170      0     27          42    210
     GPU 0  0.000  0.000  0.000  0.000  0.000  0.000  0.000  0.000               3743096               1776977           0           0       0.000       0.000      78.632        3546614925   1170      0     27          42    210
     GPU 0  0.000  0.000  0.000  0.000  0.000  0.000  0.000  0.000               5838991               3240060           0           0       0.000       0.000      78.632        3546614925   1170      0     27          42    210
     GPU 0  0.000  0.000  0.000  0.000  0.000  0.000  0.000  0.000               5838991               3240060           0           0       0.000       0.000      78.632        3546614925   1170      0     27          43    210
     GPU 0  0.000  0.000  0.000  0.000  0.000  0.000  0.000  0.000               8551153               5408158           0           0       0.000       0.000      78.632        3546614925   1170      0     27          42    210
     GPU 0  0.000  0.000  0.000  0.000  0.000  0.000  0.000  0.000               7329277               5390661           0           0       0.000       0.000      78.632        3546614925   1170      0     27          42    210
     GPU 0  0.000  0.000  0.000  0.000  0.000  0.000  0.000  0.000               2327103               4321763           0           0       0.000       0.000      78.632        3546614925   1170      0     27          42    210
     GPU 0  0.000  0.000  0.000  0.000  0.000  0.000  0.000  0.000               2327103               4321763           0           0       0.000       0.000      78.632        3546622958   1170      0     27          42    210
     GPU 0  0.000  0.000  0.000  0.000  0.000  0.000  0.000  0.000               7213525               4087664           0           0       0.000       0.000      78.632        3546622958   1170      0     27          43    210
     GPU 0  0.000  0.000  0.000  0.000  0.000  0.000  0.000  0.000               2132824              26175578           0           0       0.000       0.000      78.632        3546622958   1170      0     27          43    210
     GPU 0  0.000  0.000  0.000  0.000  0.000  0.000  0.000  0.000               8859866              23737756           0           0       0.000       0.000      78.632        3546622958   1170      0     27          42    210

# Entity  GRACT  SMACT  SMOCC  TENSO  DRAMA  FP64A  FP32A  FP16A                 PCITX                 PCIRX       GPUTL       MCUTL       MUSAM       GUSAM       POWER             TOTEC  SACLK  PSTAT  TMPTR       MMTMP  SMCLK
      Id                                                                                                                                                               W                mJ                    C           C       
     GPU 0  0.000  0.000  0.000  0.000  0.000  0.000  0.000  0.000               2298030               6656365           0           0       0.000       0.000      78.632        3546630811   1170      0     27          42    210
     GPU 0  0.000  0.000  0.000  0.000  0.000  0.000  0.000  0.000               7268184               5451138           0           0       0.000       0.000      78.632        3546630811   1170      0     27          42    210
     GPU 0  0.000  0.000  0.000  0.000  0.000  0.000  0.000  0.000               7268184               5451138           0           0       0.000       0.000      78.632        3546630811   1170      0     27          43    210
     GPU 0  0.000  0.000  0.000  0.000  0.000  0.000  0.000  0.000               6571332               4719411           0           0       0.000       0.000      78.632        3546630811   1170      0     27          42    210
     GPU 0  0.000  0.000  0.000  0.000  0.000  0.000  0.000  0.000               7026317               4678284           0           0       0.000       0.000      78.632        3546630811   1170      0     27          42    210
     GPU 0  0.000  0.000  0.000  0.000  0.000  0.000  0.000  0.000               7026317               4678284           0           0       0.000       0.000      78.383        3546630811   1170      0     27          42    210
     GPU 0  0.000  0.000  0.000  0.000  0.000  0.000  0.000  0.000               7026317               4678284           0           0       0.000       0.000      78.383        3546638792   1170      0     27          42    210
     GPU 0  0.000  0.000  0.000  0.000  0.000  0.000  0.000  0.000               1752080               2252675           0           0       0.000       0.000      78.383        3546638792   1170      0     27          42    210
     GPU 0  0.000  0.000  0.000  0.000  0.000  0.000  0.000  0.000               1587973               1504395           0           0       0.000       0.000      78.383        3546638792   1170      0     27          42    210
     GPU 0  0.000  0.000  0.000  0.000  0.000  0.000  0.000  0.000               2327127               3407579           0           0       0.000       0.000      78.383        3546638792   1170      0     27          42    210
     GPU 0  0.000  0.000  0.000  0.000  0.000  0.000  0.000  0.000               2327127               3407579           0           0       0.000       0.000      78.383        3546638792   1170      0     27          42    210
     GPU 0  0.000  0.000  0.000  0.000  0.000  0.000  0.000  0.000               2327127               3407579           0           0       0.000       0.000      78.383        3546646713   1170      0     27          42    210
     GPU 0  0.000  0.000  0.000  0.000  0.000  0.000  0.000  0.000               7586583               5163091           0           0       0.000       0.000      78.383        3546646713   1170      0     27          42    210
     GPU 0  0.000  0.000  0.000  0.000  0.000  0.000  0.000  0.000               1233361               4041225           0           0       0.000       0.000      78.383        3546646713   1170      0     27          42    210

# Entity  GRACT  SMACT  SMOCC  TENSO  DRAMA  FP64A  FP32A  FP16A                 PCITX                 PCIRX       GPUTL       MCUTL       MUSAM       GUSAM       POWER             TOTEC  SACLK  PSTAT  TMPTR       MMTMP  SMCLK
      Id                                                                                                                                                               W                mJ                    C           C       
     GPU 0  0.000  0.000  0.000  0.000  0.000  0.000  0.000  0.000               1233361               4041225           0           0       0.000       0.000      78.383        3546646713   1170      0     27          42    210
     GPU 0  0.000  0.000  0.000  0.000  0.000  0.000  0.000  0.000               9494705              17955973           0           0       0.000       0.000      78.383        3546646713   1170      0     27          42    210
     GPU 0  0.000  0.000  0.000  0.000  0.000  0.000  0.000  0.000               8994781              16822301           0           0       0.000       0.000      78.632        3546654580   1170      0     27          42    210
     GPU 0  0.000  0.000  0.000  0.000  0.000  0.000  0.000  0.000               5811425              20217212           0           0       0.000       0.000      78.632        3546654580   1170      0     27          42   1170
     GPU 0  0.000  0.000  0.000  0.000  0.000  0.000  0.000  0.000               5811425              20217212           3           0       0.000       0.000      78.632        3546654580   1170      0     27          42   1170
     GPU 0  0.083  0.000  0.000  0.000  0.000  0.000  0.000  0.000              17188319              42574001           3           0       0.000       2.000      78.632        3546654580   1170      0     27          42   1170
     GPU 0  0.024  0.000  0.000  0.000  0.000  0.000  0.000  0.000             112672988             940221088           3           0       0.000       2.000      90.029        3546654580   1170      0     27          42   1170
     GPU 0  0.500  0.000  0.000  0.000  0.002  0.000  0.000  0.000             317175861            2755895988           3           0       0.000       2.000      90.029        3546663122   1170      0     28          42   1170
     GPU 0  1.000  0.932  0.756  0.000  0.002  0.000  0.617  0.000              11887680               8034040           3           0       0.000       2.000      90.029        3546663122   1170      0     28          44   1170
     GPU 0  1.000  0.937  0.747  0.000  0.002  0.000  0.602  0.000              11610359               7450568           3           0       0.000       2.000      90.029        3546663122   1170      0     30          43   1170
     GPU 0  1.000  0.000  0.000  0.000  0.001  0.000  0.000  0.000               8153057               6355411           3           0       0.000       2.000      90.029        3546663122   1170      0     30          43   1170
     GPU 0  1.000  0.939  0.761  0.000  0.001  0.000  0.622  0.000               9838079               7509225           3           0       0.000       2.000     190.750        3546663122   1170      0     30          42   1170
     GPU 0  1.000  0.939  0.761  0.000  0.001  0.000  0.622  0.000               9838079               7509225           3           0       0.000       2.000     190.750        3546681131   1170      0     31          44   1170
     GPU 0  1.000  0.938  0.746  0.000  0.001  0.000  0.620  0.000               9562135               7185823           3           0       0.000       2.000     190.750        3546681131   1170      0     31          42   1170

# Entity  GRACT  SMACT  SMOCC  TENSO  DRAMA  FP64A  FP32A  FP16A                 PCITX                 PCIRX       GPUTL       MCUTL       MUSAM       GUSAM       POWER             TOTEC  SACLK  PSTAT  TMPTR       MMTMP  SMCLK
      Id                                                                                                                                                               W                mJ                    C           C       
     GPU 0  1.000  0.000  0.000  0.000  0.001  0.000  0.000  0.000               9242363               6977642           3           0       0.000       2.000     190.750        3546681131   1170      0     32          42   1170
     GPU 0  1.000  0.951  0.769  0.000  0.002  0.000  0.613  0.000               9240513               6992890          87           0       0.000       2.000     190.750        3546681131   1170      0     32          44   1170
     GPU 0  1.000  0.932  0.732  0.000  0.002  0.000  0.614  0.000               3929878               1746475          87           0       0.000      86.000     190.750        3546700396   1170      0     32          43   1170
     GPU 0  1.000  0.000  0.000  0.000  0.001  0.000  0.000  0.000               3431426               1329665          87           0       0.000      86.000     191.532        3546700396   1170      0     32          43   1170
     GPU 0  1.000  0.935  0.743  0.000  0.002  0.000  0.604  0.000               5347221               3494754          87           0       0.000      86.000     191.532        3546700396   1170      0     32          43   1170
     GPU 0  1.000  0.935  0.744  0.000  0.001  0.000  0.619  0.000               5468425               3828563          87           0       0.000      86.000     191.532        3546700396   1170      0     32          43   1170
     GPU 0  1.000  0.935  0.744  0.000  0.001  0.000  0.619  0.000               5468425               3828563          87           0       0.000      86.000     191.532        3546700396   1170      0     32          43   1170
     GPU 0  1.000  0.000  0.000  0.000  0.001  0.000  0.000  0.000               8257255               4940307          87           0       0.000      86.000     192.131        3546700396   1170      0     33          43   1170
     GPU 0  1.000  0.931  0.737  0.000  0.001  0.000  0.615  0.000               6195414               4419403          87           0       0.000      86.000     192.131        3546719730   1170      0     33          43   1170
     GPU 0  1.000  0.935  0.739  0.000  0.002  0.000  0.598  0.000               8804318               6745830          87           0       0.000      86.000     192.131        3546719730   1170      0     33          43   1170
     GPU 0  1.000  0.000  0.000  0.000  0.002  0.000  0.000  0.000              10000936               7807247          87           0       0.000      86.000     192.131        3546719730   1170      0     33          43   1170
     GPU 0  1.000  0.935  0.742  0.000  0.001  0.000  0.618  0.000               8994909               6860327         100           0       0.000      86.000     192.131        3546719730   1170      0     33          43   1170
     GPU 0  1.000  0.940  0.762  0.000  0.001  0.000  0.626  0.000              10762004               8006834         100           0       0.000      99.000     192.131        3546739150   1170      0     33          43   1170
     GPU 0  1.000  0.000  0.000  0.000  0.002  0.000  0.000  0.000               9561143               7245539         100           0       0.000      99.000     192.354        3546739150   1170      0     33          43   1170

# Entity  GRACT  SMACT  SMOCC  TENSO  DRAMA  FP64A  FP32A  FP16A                 PCITX                 PCIRX       GPUTL       MCUTL       MUSAM       GUSAM       POWER             TOTEC  SACLK  PSTAT  TMPTR       MMTMP  SMCLK
      Id                                                                                                                                                               W                mJ                    C           C       
     GPU 0  1.000  0.000  0.000  0.000  0.002  0.000  0.000  0.000               9561143               7245539         100           0       0.000      99.000     192.354        3546739150   1170      0     33          43   1170
     GPU 0  1.000  0.943  0.760  0.000  0.002  0.000  0.607  0.000              10710730               7804805         100           0       0.000      99.000     192.354        3546739150   1170      0     33          44   1170
     GPU 0  1.000  0.940  0.765  0.000  0.001  0.000  0.625  0.000              10900383               7892870         100           0       0.000      99.000     192.354        3546739150   1170      0     34          43   1170
     GPU 0  1.000  0.000  0.000  0.000  0.001  0.000  0.000  0.000              11966947               7833369         100           0       0.000      99.000     192.354        3546739150   1170      0     34          44   1170
     GPU 0  1.000  0.000  0.000  0.000  0.001  0.000  0.000  0.000              11966947               7833369         100           0       0.000      99.000     192.354        3546758686   1170      0     34          43   1170
     GPU 0  1.000  0.940  0.740  0.000  0.002  0.000  0.601  0.000               6775837               4816726         100           0       0.000      99.000     192.354        3546758686   1170      0     34          43   1170
     GPU 0  1.000  0.945  0.768  0.000  0.002  0.000  0.629  0.000               8030494               6817674         100           0       0.000      99.000     192.354        3546758686   1170      0     34          43   1170
     GPU 0  1.000  0.000  0.000  0.000  0.002  0.000  0.000  0.000               5280193               5010600         100           0       0.000      99.000     192.354        3546758686   1170      0     34          43   1170
     GPU 0  1.000  0.934  0.728  0.000  0.001  0.000  0.609  0.000               3428293               1687164         100           0       0.000      99.000     192.354        3546778045   1170      0     34          43   1170
     GPU 0  1.000  0.937  0.748  0.000  0.001  0.000  0.620  0.000               2093263               1360618         100           0       0.000      99.000     191.822        3546778045   1170      0     34          43   1170
     GPU 0  1.000  0.000  0.000  0.000  0.001  0.000  0.000  0.000               2211180               1397822         100           0       0.000      99.000     191.822        3546778045   1170      0     34          43   1170
     GPU 0  1.000  0.942  0.745  0.000  0.001  0.000  0.622  0.000               5312048               3528040         100           0       0.000      99.000     191.822        3546778045   1170      0     34          43   1170
     GPU 0  1.000  0.942  0.745  0.000  0.001  0.000  0.622  0.000               5312048               3528040         100           0       0.000      99.000     191.822        3546778045   1170      0     34          43   1170
     GPU 0  1.000  0.933  0.738  0.000  0.001  0.000  0.615  0.000               8854065               5693104         100           0       0.000      99.000     191.822        3546778045   1170      0     34          43   1170

# Entity  GRACT  SMACT  SMOCC  TENSO  DRAMA  FP64A  FP32A  FP16A                 PCITX                 PCIRX       GPUTL       MCUTL       MUSAM       GUSAM       POWER             TOTEC  SACLK  PSTAT  TMPTR       MMTMP  SMCLK
      Id                                                                                                                                                               W                mJ                    C           C       
     GPU 0  1.000  0.000  0.000  0.000  0.002  0.000  0.000  0.000              10991156               7435978         100           0       0.000      99.000     192.651        3546797509   1170      0     34          43   1170
     GPU 0  1.000  0.937  0.751  0.000  0.002  0.000  0.621  0.000              11100157               7416541         100           0       0.000      99.000     192.651        3546797509   1170      0     34          43   1170
     GPU 0  1.000  0.946  0.748  0.000  0.002  0.000  0.605  0.000               8582164               6363303         100           0       0.000      99.000     192.651        3546797509   1170      0     34          43   1170
     GPU 0  1.000  0.000  0.000  0.000  0.002  0.000  0.000  0.000               8832440               7241984         100           0       0.000      99.000     192.651        3546797509   1170      0     34          43   1170
     GPU 0  1.000  0.000  0.000  0.000  0.002  0.000  0.000  0.000               8832440               7241984         100           0       0.000      99.000     192.651        3546797509   1170      0     34          43   1170
     GPU 0  1.000  0.935  0.739  0.000  0.002  0.000  0.618  0.000               6065774               4370194         100           0       0.000      99.000     192.651        3546817006   1170      0     34          43   1170
     GPU 0  1.000  0.945  0.770  0.000  0.001  0.000  0.621  0.000              10849738               6580157         100           0       0.000      99.000     192.651        3546817006   1170      0     35          44   1170
     GPU 0  1.000  0.000  0.000  0.000  0.001  0.000  0.000  0.000               9670084               6865759         100           0       0.000      99.000     192.651        3546817006   1170      0     35          44   1170
     GPU 0  1.000  0.938  0.751  0.000  0.001  0.000  0.616  0.000              10953606               8228624         100           0       0.000      99.000     192.651        3546817006   1170      0     35          43   1170
     GPU 0  1.000  0.950  0.767  0.000  0.002  0.000  0.632  0.000              10155175               7819482         100           0       0.000      99.000     192.354        3546836468   1170      0     35          43   1170
     GPU 0  1.000  0.000  0.000  0.000  0.001  0.000  0.000  0.000              10383794               7489121         100           0       0.000      99.000     192.354        3546836468   1170      0     35          43   1170
     GPU 0  1.000  0.937  0.740  0.000  0.001  0.000  0.617  0.000              10592904               7920072         100           0       0.000      99.000     192.354        3546836468   1170      0     35          43   1170
     GPU 0  1.000  0.936  0.739  0.000  0.002  0.000  0.602  0.000              10091878               7573656         100           0       0.000      99.000     192.354        3546836468   1170      0     35          44   1170
     GPU 0  1.000  0.936  0.739  0.000  0.002  0.000  0.602  0.000              10091878               7573656         100           0       0.000      99.000     192.354        3546836468   1170      0     35          44   1170

# Entity  GRACT  SMACT  SMOCC  TENSO  DRAMA  FP64A  FP32A  FP16A                 PCITX                 PCIRX       GPUTL       MCUTL       MUSAM       GUSAM       POWER             TOTEC  SACLK  PSTAT  TMPTR       MMTMP  SMCLK
      Id                                                                                                                                                               W                mJ                    C           C       
     GPU 0  1.000  0.000  0.000  0.000  0.002  0.000  0.000  0.000              10382026               7595854         100           0       0.000      99.000     192.354        3546836468   1170      0     35          43   1170
     GPU 0  1.000  0.930  0.747  0.000  0.002  0.000  0.615  0.000              11320610               8143545         100           0       0.000      99.000     192.354        3546855996   1170      0     35          44   1170
     GPU 0  1.000  0.939  0.748  0.000  0.002  0.000  0.607  0.000              10751277               7363204         100           0       0.000      99.000     192.354        3546855996   1170      0     35          43   1170
     GPU 0  1.000  0.000  0.000  0.000  0.002  0.000  0.000  0.000              10407546               7736688         100           0       0.000      99.000     192.354        3546855996   1170      0     35          44   1170
     GPU 0  1.000  0.000  0.000  0.000  0.002  0.000  0.000  0.000              10407546               7736688         100           0       0.000      99.000     192.354        3546855996   1170      0     35          43   1170
     GPU 0  1.000  0.930  0.734  0.000  0.002  0.000  0.614  0.000              10065782               7868204         100           0       0.000      99.000     192.893        3546855996   1170      0     35          43   1170
     GPU 0  1.000  0.938  0.752  0.000  0.002  0.000  0.601  0.000               9495362               7418123         100           0       0.000      99.000     192.893        3546875779   1170      0     35          44   1170
     GPU 0  1.000  0.000  0.000  0.000  0.002  0.000  0.000  0.000               2863648               2086226         100           0       0.000      99.000     192.893        3546875779   1170      0     35          43   1170
     GPU 0  1.000  0.944  0.764  0.000  0.001  0.000  0.628  0.000               2537938               1520344         100           0       0.000      99.000     192.893        3546875779   1170      0     35          43   1170
     GPU 0  1.000  0.944  0.764  0.000  0.001  0.000  0.628  0.000               2537938               1520344         100           0       0.000      99.000     192.893        3546875779   1170      0     35          43   1170
     GPU 0  1.000  0.944  0.764  0.000  0.001  0.000  0.628  0.000               2537938               1520344         100           0       0.000      99.000     192.893        3546875779   1170      0     35          43   1170
     GPU 0  1.000  0.944  0.764  0.000  0.001  0.000  0.628  0.000               2537938               1520344         100           0       0.000      99.000     192.893        3546875779   1170      0     35          43   1170
     GPU 0  1.000  0.000  0.000  0.000  0.001  0.000  0.000  0.000               6672286               4735171         100           0       0.000      99.000     193.183        3546895141   1170      0     35          44   1170
     GPU 0  1.000  0.944  0.743  0.000  0.001  0.000  0.625  0.000               8567638               6053883         100           0       0.000      99.000     193.183        3546895141   1170      0     35          43   1170

# Entity  GRACT  SMACT  SMOCC  TENSO  DRAMA  FP64A  FP32A  FP16A                 PCITX                 PCIRX       GPUTL       MCUTL       MUSAM       GUSAM       POWER             TOTEC  SACLK  PSTAT  TMPTR       MMTMP  SMCLK
      Id                                                                                                                                                               W                mJ                    C           C       
     GPU 0  1.000  0.944  0.743  0.000  0.001  0.000  0.625  0.000               8567638               6053883         100           0       0.000      99.000     193.183        3546895141   1170      0     35          43   1170
     GPU 0  1.000  0.946  0.754  0.000  0.002  0.000  0.605  0.000               6199775               5319741         100           0       0.000      99.000     193.183        3546914455   1170      0     35          43   1170
     GPU 0  1.000  0.000  0.000  0.000  0.001  0.000  0.000  0.000               7706997               6280337         100           0       0.000      99.000     189.098        3546914455   1170      0     35          43   1170
     GPU 0  1.000  0.938  0.739  0.000  0.001  0.000  0.619  0.000               5639426               4143168         100           0       0.000      99.000     189.098        3546914455   1170      0     35          43   1170
     GPU 0  1.000  0.938  0.739  0.000  0.001  0.000  0.619  0.000               5639426               4143168         100           0       0.000      99.000     189.098        3546914455   1170      0     35          43   1170
     GPU 0  1.000  0.939  0.744  0.000  0.001  0.000  0.620  0.000               6434087               4939642         100           0       0.000      99.000     189.098        3546914455   1170      0     35          43   1170
     GPU 0  1.000  0.000  0.000  0.000  0.001  0.000  0.000  0.000               8592259               5864959         100           0       0.000      99.000     189.098        3546914455   1170      0     35          43   1170
     GPU 0  1.000  0.938  0.758  0.000  0.002  0.000  0.622  0.000              10637191               6835144         100           0       0.000      99.000     188.269        3546933563   1170      0     35          43   1170
     GPU 0  1.000  0.938  0.758  0.000  0.002  0.000  0.622  0.000              10637191               6835144         100           0       0.000      99.000     188.269        3546933563   1170      0     35          45   1170
     GPU 0  1.000  0.927  0.740  0.000  0.002  0.000  0.612  0.000               9595049               7353485         100           0       0.000      99.000     188.269        3546933563   1170      0     35          45   1170
     GPU 0  1.000  0.000  0.000  0.000  0.001  0.000  0.000  0.000               4747360               4726808         100           0       0.000      99.000     188.269        3546933563   1170      0     35          43   1170
     GPU 0  1.000  0.941  0.743  0.000  0.001  0.000  0.621  0.000               2170608               1273756         100           0       0.000      99.000     188.269        3546952543   1170      0     35          43   1170
     GPU 0  1.000  0.936  0.747  0.000  0.001  0.000  0.619  0.000               2531023               1277387         100           0       0.000      99.000     188.269        3546952543   1170      0     35          44   1170
     GPU 0  1.000  0.000  0.000  0.000  0.001  0.000  0.000  0.000               6528852               4461152         100           0       0.000      99.000     188.269        3546952543   1170      0     35          45   1170

# Entity  GRACT  SMACT  SMOCC  TENSO  DRAMA  FP64A  FP32A  FP16A                 PCITX                 PCIRX       GPUTL       MCUTL       MUSAM       GUSAM       POWER             TOTEC  SACLK  PSTAT  TMPTR       MMTMP  SMCLK
      Id                                                                                                                                                               W                mJ                    C           C       
     GPU 0  1.000  0.000  0.000  0.000  0.001  0.000  0.000  0.000               6528852               4461152         100           0       0.000      99.000     188.269        3546952543   1170      0     35          45   1170
     GPU 0  1.000  0.941  0.750  0.000  0.001  0.000  0.622  0.000               7649525               5377754         100           0       0.000      99.000     188.269        3546952543   1170      0     35          43   1170
     GPU 0  1.000  0.944  0.757  0.000  0.002  0.000  0.612  0.000              10066687               7361460         100           0       0.000      99.000     188.269        3546952543   1170      0     35          45   1170
     GPU 0  1.000  0.944  0.757  0.000  0.002  0.000  0.612  0.000              10066687               7361460         100           0       0.000      99.000     188.850        3546971627   1170      0     35          43   1170
     GPU 0  1.000  0.000  0.000  0.000  0.001  0.000  0.000  0.000               5620365               4543900         100           0       0.000      99.000     188.850        3546971627   1170      0     35          45   1170
     GPU 0  1.000  0.935  0.746  0.000  0.002  0.000  0.598  0.000               3702526               2045662         100           0       0.000      99.000     188.850        3546971627   1170      0     35          44   1170
     GPU 0  1.000  0.938  0.743  0.000  0.002  0.000  0.619  0.000               6439037               4264504         100           0       0.000      99.000     188.850        3546971627   1170      0     35          44   1170
     GPU 0  1.000  0.000  0.000  0.000  0.002  0.000  0.000  0.000              11121557               8339629         100           0       0.000      99.000     188.850        3546990729   1170      0     35          44   1170
     GPU 0  1.000  0.943  0.745  0.000  0.002  0.000  0.604  0.000              14285952              10073901         100           0       0.000      99.000     188.559        3546990729   1170      0     35          45   1170
     GPU 0  1.000  0.943  0.745  0.000  0.002  0.000  0.604  0.000              14285952              10073901         100           0       0.000      99.000     188.559        3546990729   1170      0     35          45   1170
     GPU 0  1.000  0.940  0.748  0.000  0.001  0.000  0.621  0.000               7136015               5781943         100           0       0.000      99.000     188.559        3546990729   1170      0     35          44   1170
     GPU 0  1.000  0.000  0.000  0.000  0.001  0.000  0.000  0.000               7671395               6497658         100           0       0.000      99.000     188.559        3546990729   1170      0     35          44   1170
     GPU 0  1.000  0.936  0.734  0.000  0.001  0.000  0.609  0.000               8558864               6089705         100           0       0.000      99.000     188.559        3546990729   1170      0     36          44   1170
     GPU 0  1.000  0.000  0.000  0.000  0.002  0.000  0.000  0.000               1339059               1673824         100           0       0.000      99.000     188.850        3547009793   1170      0     36          44   1170

# Entity  GRACT  SMACT  SMOCC  TENSO  DRAMA  FP64A  FP32A  FP16A                 PCITX                 PCIRX       GPUTL       MCUTL       MUSAM       GUSAM       POWER             TOTEC  SACLK  PSTAT  TMPTR       MMTMP  SMCLK
      Id                                                                                                                                                               W                mJ                    C           C       
     GPU 0  1.000  0.000  0.000  0.000  0.002  0.000  0.000  0.000               1339059               1673824         100           0       0.000      99.000     188.850        3547009793   1170      0     36          44   1170
     GPU 0  1.000  0.942  0.738  0.000  0.002  0.000  0.606  0.000               3743161               1961372         100           0       0.000      99.000     188.850        3547009793   1170      0     36          45   1170
     GPU 0  1.000  0.937  0.752  0.000  0.001  0.000  0.621  0.000               2256171               1485368         100           0       0.000      99.000     188.850        3547009793   1170      0     36          45   1170
     GPU 0  1.000  0.000  0.000  0.000  0.001  0.000  0.000  0.000               2217024               1400992         100           0       0.000      99.000     188.850        3547028887   1170      0     36          45   1170
     GPU 0  1.000  0.933  0.748  0.000  0.001  0.000  0.615  0.000               7255468               4200726         100           0       0.000      99.000     188.850        3547028887   1170      0     36          45   1170
     GPU 0  1.000  0.951  0.762  0.000  0.001  0.000  0.632  0.000               6508721               4543394         100           0       0.000      99.000     188.850        3547028887   1170      0     36          45   1170
     GPU 0  1.000  0.951  0.762  0.000  0.001  0.000  0.632  0.000               6508721               4543394         100           0       0.000      99.000     188.850        3547028887   1170      0     36          45   1170
     GPU 0  1.000  0.000  0.000  0.000  0.001  0.000  0.000  0.000               7858014               5529022         100           0       0.000      99.000     188.850        3547028887   1170      0     36          44   1170
     GPU 0  1.000  0.940  0.739  0.000  0.001  0.000  0.620  0.000              10022269               7322718         100           0       0.000      99.000     188.850        3547028887   1170      0     36          45   1170
     GPU 0  1.000  0.940  0.739  0.000  0.001  0.000  0.620  0.000              10022269               7322718         100           0       0.000      99.000     188.027        3547048034   1170      0     36          44   1170
     GPU 0  1.000  0.946  0.750  0.000  0.001  0.000  0.626  0.000               5949819               4721465         100           0       0.000      99.000     188.027        3547048034   1170      0     36          44   1170
     GPU 0  1.000  0.000  0.000  0.000  0.002  0.000  0.000  0.000               3470541               1771231         100           0       0.000      99.000     188.027        3547048034   1170      0     36          44   1170
     GPU 0  1.000  0.948  0.745  0.000  0.002  0.000  0.611  0.000               4190786               3074278         100           0       0.000      99.000     188.027        3547048034   1170      0     36          44   1170
     GPU 0  1.000  0.938  0.764  0.000  0.002  0.000  0.623  0.000               7316683               5177369         100           0       0.000      99.000     188.027        3547067070   1170      0     36          44   1170

# Entity  GRACT  SMACT  SMOCC  TENSO  DRAMA  FP64A  FP32A  FP16A                 PCITX                 PCIRX       GPUTL       MCUTL       MUSAM       GUSAM       POWER             TOTEC  SACLK  PSTAT  TMPTR       MMTMP  SMCLK
      Id                                                                                                                                                               W                mJ                    C           C       
     GPU 0  1.000  0.000  0.000  0.000  0.002  0.000  0.000  0.000              10072177               6653874         100           0       0.000      99.000     189.098        3547067070   1170      0     36          44   1170
     GPU 0  1.000  0.000  0.000  0.000  0.002  0.000  0.000  0.000              10072177               6653874         100           0       0.000      99.000     189.098        3547067070   1170      0     36          44   1170
     GPU 0  1.000  0.946  0.752  0.000  0.001  0.000  0.624  0.000              10744274               8121414         100           0       0.000      99.000     189.098        3547067070   1170      0     36          44   1170
     GPU 0  1.000  0.945  0.759  0.000  0.001  0.000  0.624  0.000               9976003               7577677         100           0       0.000      99.000     189.098        3547067070   1170      0     36          44   1170
     GPU 0  1.000  0.000  0.000  0.000  0.002  0.000  0.000  0.000              11186380               8395142         100           0       0.000      99.000     189.098        3547067070   1170      0     36          44   1170
     GPU 0  1.000  0.937  0.755  0.000  0.002  0.000  0.622  0.000              10736775               7866263         100           0       0.000      99.000     188.269        3547086202   1170      0     36          44   1170
     GPU 0  1.000  0.937  0.755  0.000  0.002  0.000  0.622  0.000              10736775               7866263         100           0       0.000      99.000     188.269        3547086202   1170      0     36          44   1170
     GPU 0  1.000  0.945  0.752  0.000  0.001  0.000  0.624  0.000               9755785               6509785         100           0       0.000      99.000     188.269        3547086202   1170      0     36          44   1170
     GPU 0  1.000  0.000  0.000  0.000  0.001  0.000  0.000  0.000               7714112               6414099         100           0       0.000      99.000     188.269        3547086202   1170      0     36          44   1170
     GPU 0  1.000  0.946  0.750  0.000  0.001  0.000  0.626  0.000               2850155               2229600         100           0       0.000      99.000     188.269        3547086202   1170      0     36          44   1170
     GPU 0  1.000  0.932  0.751  0.000  0.001  0.000  0.618  0.000               3509239               1284982         100           0       0.000      99.000     189.098        3547105240   1170      0     36          44   1170
     GPU 0  1.000  0.000  0.000  0.000  0.001  0.000  0.000  0.000               5114650               2970701         100           0       0.000      99.000     189.098        3547105240   1170      0     36          44   1170
     GPU 0  1.000  0.000  0.000  0.000  0.001  0.000  0.000  0.000               5114650               2970701         100           0       0.000      99.000     189.098        3547105240   1170      0     36          44   1170
     GPU 0  1.000  0.942  0.759  0.000  0.001  0.000  0.626  0.000               4806814               3328064         100           0       0.000      99.000     189.098        3547105240   1170      0     36          44   1170

# Entity  GRACT  SMACT  SMOCC  TENSO  DRAMA  FP64A  FP32A  FP16A                 PCITX                 PCIRX       GPUTL       MCUTL       MUSAM       GUSAM       POWER             TOTEC  SACLK  PSTAT  TMPTR       MMTMP  SMCLK
      Id                                                                                                                                                               W                mJ                    C           C       
     GPU 0  1.000  0.935  0.737  0.000  0.002  0.000  0.597  0.000               8455235               5798195         100           0       0.000      99.000     189.098        3547105240   1170      0     36          44   1170
     GPU 0  1.000  0.000  0.000  0.000  0.002  0.000  0.000  0.000              10792146               8028233         100           0       0.000      99.000     188.559        3547124354   1170      0     36          44   1170
     GPU 0  1.000  0.000  0.000  0.000  0.002  0.000  0.000  0.000              10792146               8028233         100           0       0.000      99.000     188.559        3547124354   1170      0     36          44   1170
     GPU 0  1.000  0.937  0.739  0.000  0.001  0.000  0.618  0.000               9666976               6623726         100           0       0.000      99.000     188.559        3547124354   1170      0     36          44   1170
     GPU 0  1.000  0.944  0.749  0.000  0.001  0.000  0.622  0.000              10285601               7714497         100           0       0.000      99.000     188.559        3547124354   1170      0     36          44   1170
     GPU 0  1.000  0.000  0.000  0.000  0.002  0.000  0.000  0.000               9973295               7719049         100           0       0.000      99.000     188.559        3547124354   1170      0     36          44   1170
     GPU 0  1.000  0.936  0.739  0.000  0.001  0.000  0.618  0.000               5939947               5485029         100           0       0.000      99.000     189.389        3547143401   1170      0     36          44   1170
     GPU 0  1.000  0.944  0.782  0.000  0.001  0.000  0.617  0.000               3967290               3309320         100           0       0.000      99.000     189.389        3547143401   1170      0     36          44   1170
     GPU 0  1.000  0.000  0.000  0.000  0.002  0.000  0.000  0.000               2580737               1604130         100           0       0.000      99.000     189.389        3547143401   1170      0     36          44   1170
     GPU 0  1.000  0.000  0.000  0.000  0.002  0.000  0.000  0.000               2580737               1604130         100           0       0.000      99.000     189.389        3547143401   1170      0     36          44   1170
     GPU 0  1.000  0.944  0.742  0.000  0.002  0.000  0.623  0.000               6725147               3802757         100           0       0.000      99.000     189.389        3547143401   1170      0     36          44   1170
     GPU 0  1.000  0.916  0.693  0.000  0.001  0.000  0.588  0.000               5175929               3322170         100           0       0.000      99.000     188.850        3547162522   1170      0     36          44   1170
     GPU 0  1.000  0.000  0.000  0.000  0.001  0.000  0.000  0.000              10048358               5220618         100           0       0.000      99.000     188.850        3547162522   1170      0     36          44   1170
     GPU 0  1.000  0.939  0.740  0.000  0.001  0.000  0.620  0.000               9566027               6203752         100           0       0.000      99.000     188.850        3547162522   1170      0     36          44   1170

# Entity  GRACT  SMACT  SMOCC  TENSO  DRAMA  FP64A  FP32A  FP16A                 PCITX                 PCIRX       GPUTL       MCUTL       MUSAM       GUSAM       POWER             TOTEC  SACLK  PSTAT  TMPTR       MMTMP  SMCLK
      Id                                                                                                                                                               W                mJ                    C           C       
     GPU 0  1.000  0.936  0.741  0.000  0.001  0.000  0.617  0.000              10037647               7675230         100           0       0.000      99.000     188.850        3547162522   1170      0     36          44   1170
     GPU 0  1.000  0.936  0.741  0.000  0.001  0.000  0.617  0.000              10037647               7675230         100           0       0.000      99.000     188.850        3547162522   1170      0     36          44   1170
     GPU 0  1.000  0.000  0.000  0.000  0.002  0.000  0.000  0.000              10251676               7647671         100           0       0.000      99.000     189.098        3547181577   1170      0     36          44   1170
     GPU 0  1.000  0.935  0.750  0.000  0.001  0.000  0.615  0.000               4854205               4561037         100           0       0.000      99.000     189.098        3547181577   1170      0     36          44   1170
     GPU 0  1.000  0.932  0.745  0.000  0.001  0.000  0.616  0.000               9477012               6911851         100           0       0.000      99.000     189.098        3547181577   1170      0     36          44   1170
     GPU 0  1.000  0.000  0.000  0.000  0.001  0.000  0.000  0.000              11099901               8118891         100           0       0.000      99.000     189.098        3547181577   1170      0     36          44   1170
     GPU 0  1.000  0.000  0.000  0.000  0.001  0.000  0.000  0.000              11099901               8118891         100           0       0.000      99.000     189.098        3547181577   1170      0     36          44   1170
     GPU 0  1.000  0.950  0.769  0.000  0.002  0.000  0.614  0.000               5270835               4367057         100           0       0.000      99.000     189.098        3547200700   1170      0     36          44   1170
     GPU 0  1.000  0.000  0.000  0.000  0.002  0.000  0.000  0.000               1338856               1422534         100           0       0.000      99.000     189.098        3547200700   1170      0     36          44   1170
     GPU 0  1.000  0.944  0.747  0.000  0.002  0.000  0.605  0.000               3465524               1494383         100           0       0.000      99.000     189.098        3547200700   1170      0     36          44   1170
     GPU 0  1.000  0.938  0.747  0.000  0.002  0.000  0.620  0.000               4422902               3155824         100           0       0.000      99.000     189.098        3547200700   1170      0     36          44   1170
     GPU 0  1.000  0.000  0.000  0.000  0.002  0.000  0.000  0.000               9727121               6803308         100           0       0.000      99.000     189.098        3547200700   1170      0     36          44   1170
     GPU 0  1.000  0.000  0.000  0.000  0.002  0.000  0.000  0.000               9727121               6803308         100           0       0.000      99.000     188.559        3547219766   1170      0     36          44   1170
     GPU 0  1.000  0.938  0.743  0.000  0.002  0.000  0.603  0.000              10422789               7096172         100           0       0.000      99.000     188.559        3547219766   1170      0     36          44   1170

# Entity  GRACT  SMACT  SMOCC  TENSO  DRAMA  FP64A  FP32A  FP16A                 PCITX                 PCIRX       GPUTL       MCUTL       MUSAM       GUSAM       POWER             TOTEC  SACLK  PSTAT  TMPTR       MMTMP  SMCLK
      Id                                                                                                                                                               W                mJ                    C           C       
     GPU 0  1.000  0.941  0.748  0.000  0.001  0.000  0.621  0.000              10580649               7875506         100           0       0.000      99.000     188.559        3547219766   1170      0     36          44   1170
     GPU 0  1.000  0.000  0.000  0.000  0.001  0.000  0.000  0.000               9698395               7442992         100           0       0.000      99.000     188.559        3547219766   1170      0     36          44   1170
     GPU 0  1.000  0.000  0.000  0.000  0.001  0.000  0.000  0.000               9698395               7442992         100           0       0.000      99.000     188.559        3547219766   1170      0     36          44   1170
     GPU 0  1.000  0.931  0.750  0.000  0.002  0.000  0.597  0.000               6084479               4937786         100           0       0.000      99.000     188.559        3547238926   1170      0     36          44   1170
     GPU 0  1.000  0.000  0.000  0.000  0.002  0.000  0.000  0.000               1338254               1589176         100           0       0.000      99.000     189.098        3547238926   1170      0     36          44   1170
     GPU 0  1.000  0.940  0.753  0.000  0.002  0.000  0.607  0.000               8039485               6790474         100           0       0.000      99.000     189.098        3547238926   1170      0     36          44   1170
     GPU 0  1.000  0.925  0.730  0.000  0.002  0.000  0.611  0.000               4354724               3211935         100           0       0.000      99.000     189.098        3547238926   1170      0     36          44   1170
     GPU 0  1.000  0.000  0.000  0.000  0.002  0.000  0.000  0.000               8141247               5660146         100           0       0.000      99.000     189.098        3547238926   1170      0     36          44   1170
     GPU 0  1.000  0.000  0.000  0.000  0.002  0.000  0.000  0.000               8141247               5660146         100           0       0.000      99.000     188.559        3547257956   1170      0     36          44   1170
     GPU 0  1.000  0.939  0.738  0.000  0.002  0.000  0.605  0.000              11041895               7511294         100           0       0.000      99.000     188.559        3547257956   1170      0     36          44   1170
     GPU 0  0.436  0.000  0.000  0.000  0.002  0.000  0.000  0.000            1420731103               6030478         100           0       0.000      99.000     188.559        3547257956   1170      0     36          44   1170
     GPU 0  0.000  0.000  0.000  0.000  0.000  0.000  0.000  0.000               8094975               4427465          86           0       0.000      86.000     188.559        3547257956   1170      0     34          44   1170
     GPU 0  0.000  0.000  0.000  0.000  0.000  0.000  0.000  0.000               9692287               5624051          86           0       0.000      86.000     188.559        3547257956   1170      0     33          44   1170
     GPU 0  0.000  0.000  0.000  0.000  0.000  0.000  0.000  0.000               9692287               5624051          86           0       0.000      86.000      91.683        3547271041   1170      0     33          44   1170

# Entity  GRACT  SMACT  SMOCC  TENSO  DRAMA  FP64A  FP32A  FP16A                 PCITX                 PCIRX       GPUTL       MCUTL       MUSAM       GUSAM       POWER             TOTEC  SACLK  PSTAT  TMPTR       MMTMP  SMCLK
      Id                                                                                                                                                               W                mJ                    C           C       
     GPU 0  0.000  0.000  0.000  0.000  0.000  0.000  0.000  0.000              10952294               5907958          86           0       0.000      86.000      91.683        3547271041   1170      0     33          44   1170
     GPU 0  0.000  0.000  0.000  0.000  0.000  0.000  0.000  0.000               3277556                251411          86           0       0.000      86.000      91.683        3547271041   1170      0     32          44   1170
     GPU 0  0.000  0.000  0.000  0.000  0.000  0.000  0.000  0.000               4544312               1825789          86           0       0.000      86.000      91.683        3547271041   1170      0     32          44   1170
     GPU 0  0.000  0.000  0.000  0.000  0.000  0.000  0.000  0.000               4680241               2120381          86           0       0.000      86.000      91.683        3547271041   1170      0     32          44   1170
     GPU 0  0.000  0.000  0.000  0.000  0.000  0.000  0.000  0.000               6340580               3025360          86           0       0.000      86.000      90.860        3547280229   1170      0     32          44   1170
     GPU 0  0.000  0.000  0.000  0.000  0.000  0.000  0.000  0.000               6340580               3025360          86           0       0.000      86.000      90.860        3547280229   1170      0     32          44   1170
     GPU 0  0.000  0.000  0.000  0.000  0.000  0.000  0.000  0.000               7834267               4326151          86           0       0.000      86.000      90.860        3547280229   1170      0     31          44   1170
     GPU 0  0.000  0.000  0.000  0.000  0.000  0.000  0.000  0.000               9848416               6216881           0           0       0.000       0.000      90.860        3547280229   1170      0     31          44   1170
     GPU 0  0.000  0.000  0.000  0.000  0.000  0.000  0.000  0.000              10172908               5965170           0           0       0.000       0.000      90.860        3547280229   1170      0     31          44   1170
     GPU 0  0.000  0.000  0.000  0.000  0.000  0.000  0.000  0.000              11172766               6850547           0           0       0.000       0.000      90.860        3547289386   1170      0     31          44   1170
     GPU 0  0.000  0.000  0.000  0.000  0.000  0.000  0.000  0.000              11172766               6850547           0           0       0.000       0.000      90.860        3547289386   1170      0     31          44   1170
     GPU 0  0.000  0.000  0.000  0.000  0.000  0.000  0.000  0.000               9176435               5630135           0           0       0.000       0.000      90.860        3547289386   1170      0     31          44   1170
     GPU 0  0.000  0.000  0.000  0.000  0.000  0.000  0.000  0.000               9663144               6442548           0           0       0.000       0.000      90.860        3547289386   1170      0     31          44   1170
     GPU 0  0.000  0.000  0.000  0.000  0.000  0.000  0.000  0.000               9970076               6552485           0           0       0.000       0.000      90.860        3547289386   1170      0     31          44   1170

# Entity  GRACT  SMACT  SMOCC  TENSO  DRAMA  FP64A  FP32A  FP16A                 PCITX                 PCIRX       GPUTL       MCUTL       MUSAM       GUSAM       POWER             TOTEC  SACLK  PSTAT  TMPTR       MMTMP  SMCLK
      Id                                                                                                                                                               W                mJ                    C           C       
     GPU 0  0.000  0.000  0.000  0.000  0.000  0.000  0.000  0.000               8893512               5634693           0           0       0.000       0.000      90.562        3547298549   1170      0     31          44   1170
     GPU 0  0.000  0.000  0.000  0.000  0.000  0.000  0.000  0.000               8017061               4516957           0           0       0.000       0.000      90.562        3547298549   1170      0     31          44   1170
     GPU 0  0.000  0.000  0.000  0.000  0.000  0.000  0.000  0.000               8805085               5157240           0           0       0.000       0.000      90.562        3547298549   1170      0     30          44   1170
     GPU 0  0.000  0.000  0.000  0.000  0.000  0.000  0.000  0.000               8805085               5157240           0           0       0.000       0.000      90.562        3547298549   1170      0     30          44   1170
     GPU 0  0.000  0.000  0.000  0.000  0.000  0.000  0.000  0.000              11291497               7524434           0           0       0.000       0.000      90.562        3547298549   1170      0     30          44   1170
     GPU 0  0.000  0.000  0.000  0.000  0.000  0.000  0.000  0.000              10021961               6498247           0           0       0.000       0.000      90.562        3547307857   1170      0     30          44   1170
     GPU 0  0.000  0.000  0.000  0.000  0.000  0.000  0.000  0.000               3301444                275120           0           0       0.000       0.000      90.562        3547307857   1170      0     30          45   1170
     GPU 0  0.000  0.000  0.000  0.000  0.000  0.000  0.000  0.000               2092467                163902           0           0       0.000       0.000      90.562        3547307857   1170      0     30          44   1170
     GPU 0  0.000  0.000  0.000  0.000  0.000  0.000  0.000  0.000               2092467                163902           0           0       0.000       0.000      90.562        3547307857   1170      0     30          45   1170
     GPU 0  0.000  0.000  0.000  0.000  0.000  0.000  0.000  0.000               2092467                163902           0           0       0.000       0.000      90.562        3547307857   1170      0     30          45   1170
     GPU 0  0.002  0.000  0.000  0.000  0.000  0.000  0.000  0.000               2553565               3878707           0           0       0.000       0.000      90.320        3547316839   1170      0     30          45   1170
     GPU 0  0.002  0.000  0.000  0.000  0.000  0.000  0.000  0.000               2553565               3878707           0           0       0.000       0.000      90.320        3547316839   1170      0     30          45   1170
     GPU 0  0.000  0.000  0.000  0.000  0.000  0.000  0.000  0.000              12611750              11196145           0           0       0.000       0.000      90.320        3547316839   1170      0     30          44   1170
     GPU 0  0.000  0.000  0.000  0.000  0.000  0.000  0.000  0.000              12611750              11196145           0           0       0.000       0.000      90.320        3547316839   1170      0     30          44   1170

# Entity  GRACT  SMACT  SMOCC  TENSO  DRAMA  FP64A  FP32A  FP16A                 PCITX                 PCIRX       GPUTL       MCUTL       MUSAM       GUSAM       POWER             TOTEC  SACLK  PSTAT  TMPTR       MMTMP  SMCLK
      Id                                                                                                                                                               W                mJ                    C           C       
     GPU 0  0.000  0.000  0.000  0.000  0.000  0.000  0.000  0.000              12611750              11196145           0           0       0.000       0.000      90.320        3547316839   1170      0     30          44   1170
     GPU 0  0.000  0.000  0.000  0.000  0.000  0.000  0.000  0.000              12611750              11196145           0           0       0.000       0.000      90.320        3547316839   1170      0     30          44   1170
     GPU 0  0.000  0.000  0.000  0.000  0.014  0.000  0.000  0.000               8439931               6558054           7           0       0.000       0.000      90.029        3547326052   1170      0     30          44   1170
     GPU 0  0.000  0.000  0.000  0.000  0.014  0.000  0.000  0.000               8439931               6558054           7           0       0.000       0.000      90.029        3547326052   1170      0     30          45   1170
     GPU 0  0.000  0.000  0.000  0.000  0.000  0.000  0.000  0.000               8525647              24294323           7           0       0.000       0.000      90.029        3547326052   1170      0     30          44   1170
     GPU 0  0.000  0.000  0.000  0.000  0.000  0.000  0.000  0.000               8525647              24294323           7           0       0.000       0.000      90.029        3547326052   1170      0     30          45   1170
     GPU 0  0.000  0.000  0.000  0.000  0.000  0.000  0.000  0.000              12738283               8921371           7           0       0.000       0.000      91.683        3547326052   1170      0     30          45   1170
     GPU 0  0.000  0.000  0.000  0.000  0.000  0.000  0.000  0.000              12763019               8917751           7           0       0.000       0.000      91.683        3547335340   1170      0     30          45   1170
     GPU 0  0.000  0.000  0.000  0.000  0.000  0.000  0.000  0.000              12763019               8917751           7           0       0.000       0.000      91.683        3547335340   1170      0     30          44   1170
     GPU 0  0.000  0.000  0.000  0.000  0.000  0.000  0.000  0.000               4817450               6395581           7           0       0.000       0.000      91.683        3547335340   1170      0     30          45   1170
     GPU 0  0.000  0.000  0.000  0.000  0.000  0.000  0.000  0.000               4750544               6084030           0           0       0.000       0.000      91.683        3547335340   1170      0     30          44   1170
     GPU 0  0.000  0.000  0.000  0.000  0.000  0.000  0.000  0.000               3507958               2041070           0           0       0.000       0.000      91.683        3547344513   1170      0     30          45   1170
     GPU 0  0.000  0.000  0.000  0.000  0.000  0.000  0.000  0.000               6448776               3647792           0           0       0.000       0.000      91.683        3547344513   1170      0     30          44   1170
     GPU 0  0.000  0.000  0.000  0.000  0.000  0.000  0.000  0.000               6837318               4292613           0           0       0.000       0.000      91.683        3547344513   1170      0     30          43   1170

# Entity  GRACT  SMACT  SMOCC  TENSO  DRAMA  FP64A  FP32A  FP16A                 PCITX                 PCIRX       GPUTL       MCUTL       MUSAM       GUSAM       POWER             TOTEC  SACLK  PSTAT  TMPTR       MMTMP  SMCLK
      Id                                                                                                                                                               W                mJ                    C           C       
     GPU 0  0.000  0.000  0.000  0.000  0.000  0.000  0.000  0.000               6724627               3740538           0           0       0.000       0.000      91.683        3547344513   1170      0     30          45   1170
     GPU 0  0.000  0.000  0.000  0.000  0.000  0.000  0.000  0.000               6724627               3740538           0           0       0.000       0.000      91.683        3547344513   1170      0     30          44   1170
     GPU 0  0.000  0.000  0.000  0.000  0.000  0.000  0.000  0.000               8616244               5090519           0           0       0.000       0.000      91.102        3547353740   1170      0     29          45   1170
     GPU 0  0.000  0.000  0.000  0.000  0.000  0.000  0.000  0.000               9843431               6056545           0           0       0.000       0.000      91.102        3547353740   1170      0     29          43   1170
     GPU 0  0.000  0.000  0.000  0.000  0.000  0.000  0.000  0.000              10851975               6634815           0           0       0.000       0.000      91.102        3547353740   1170      0     29          44   1170
     GPU 0  0.000  0.000  0.000  0.000  0.000  0.000  0.000  0.000              10658010               6865455           0           0       0.000       0.000      91.102        3547353740   1170      0     29          44   1170
     GPU 0  0.000  0.000  0.000  0.000  0.000  0.000  0.000  0.000              10568402               6197535           0           0       0.000       0.000      91.102        3547353740   1170      0     29          44   1170
     GPU 0  0.000  0.000  0.000  0.000  0.000  0.000  0.000  0.000              11068272               6799280           0           0       0.000       0.000      90.860        3547353740   1170      0     29          44   1170
     GPU 0  0.000  0.000  0.000  0.000  0.000  0.000  0.000  0.000              11068272               6799280           0           0       0.000       0.000      90.860        3547362963   1170      0     29          45   1170
     GPU 0  0.000  0.000  0.000  0.000  0.000  0.000  0.000  0.000              14812935               8981712           0           0       0.000       0.000      90.860        3547362963   1170      0     29          44   1170
     GPU 0  0.000  0.000  0.000  0.000  0.000  0.000  0.000  0.000               5170485               2716759           0           0       0.000       0.000      90.860        3547362963   1170      0     29          44   1170
     GPU 0  0.000  0.000  0.000  0.000  0.000  0.000  0.000  0.000               5170485               2716759           0           0       0.000       0.000      90.860        3547362963   1170      0     29          44   1170
     GPU 0  0.000  0.000  0.000  0.000  0.000  0.000  0.000  0.000               9222357               5821094           0           0       0.000       0.000      91.102        3547372197   1170      0     29          45   1170
     GPU 0  0.000  0.000  0.000  0.000  0.000  0.000  0.000  0.000               3065658                274895           0           0       0.000       0.000      91.102        3547372197   1170      0     29          45   1170

# Entity  GRACT  SMACT  SMOCC  TENSO  DRAMA  FP64A  FP32A  FP16A                 PCITX                 PCIRX       GPUTL       MCUTL       MUSAM       GUSAM       POWER             TOTEC  SACLK  PSTAT  TMPTR       MMTMP  SMCLK
      Id                                                                                                                                                               W                mJ                    C           C       
     GPU 0  0.000  0.000  0.000  0.000  0.000  0.000  0.000  0.000               3299179                274931           0           0       0.000       0.000      91.102        3547372197   1170      0     29          44   1170
     GPU 0  0.000  0.000  0.000  0.000  0.000  0.000  0.000  0.000               7936794               3789844           0           0       0.000       0.000      91.102        3547372197   1170      0     29          45   1170
     GPU 0  0.000  0.000  0.000  0.000  0.000  0.000  0.000  0.000               8432702               4463226           0           0       0.000       0.000      91.102        3547372197   1170      0     29          43   1170
     GPU 0  0.000  0.000  0.000  0.000  0.000  0.000  0.000  0.000               8432702               4463226           0           0       0.000       0.000      91.102        3547372197   1170      0     29          44   1170
     GPU 0  0.000  0.000  0.000  0.000  0.000  0.000  0.000  0.000               8892549               5186018           0           0       0.000       0.000      91.392        3547381512   1170      0     29          45   1170
     GPU 0  0.000  0.000  0.000  0.000  0.000  0.000  0.000  0.000               6291338               4305415           0           0       0.000       0.000      91.392        3547381512   1170      0     29          43   1170
     GPU 0  0.000  0.000  0.000  0.000  0.000  0.000  0.000  0.000               9604126               6487385           0           0       0.000       0.000      91.392        3547381512   1170      0     29          43   1170
     GPU 0  0.000  0.000  0.000  0.000  0.000  0.000  0.000  0.000               9910968               6538011           0           0       0.000       0.000      91.392        3547381512   1170      0     29          43   1170
     GPU 0  0.000  0.000  0.000  0.000  0.000  0.000  0.000  0.000               9910968               6538011           0           0       0.000       0.000      91.392        3547390592   1170      0     29          43   1170
     GPU 0  0.000  0.000  0.000  0.000  0.000  0.000  0.000  0.000              10011621               6688141           0           0       0.000       0.000      91.102        3547390592   1170      0     29          43   1170
     GPU 0  0.000  0.000  0.000  0.000  0.000  0.000  0.000  0.000               3301520                275126           0           0       0.000       0.000      91.102        3547390592   1170      0     29          43   1170
     GPU 0  0.000  0.000  0.000  0.000  0.000  0.000  0.000  0.000               3300146                275012           0           0       0.000       0.000      91.102        3547390592   1170      0     29          43   1170
     GPU 0  0.000  0.000  0.000  0.000  0.000  0.000  0.000  0.000               6638564               2889439           0           0       0.000       0.000      91.102        3547390592   1170      0     29          44   1170
     GPU 0  0.000  0.000  0.000  0.000  0.000  0.000  0.000  0.000               6638564               2889439           0           0       0.000       0.000      91.102        3547390592   1170      0     29          44   1170

# Entity  GRACT  SMACT  SMOCC  TENSO  DRAMA  FP64A  FP32A  FP16A                 PCITX                 PCIRX       GPUTL       MCUTL       MUSAM       GUSAM       POWER             TOTEC  SACLK  PSTAT  TMPTR       MMTMP  SMCLK
      Id                                                                                                                                                               W                mJ                    C           C       
     GPU 0  0.000  0.000  0.000  0.000  0.000  0.000  0.000  0.000               6137301               3655036           0           0       0.000       0.000      91.102        3547399877   1170      0     29          44   1170
     GPU 0  0.000  0.000  0.000  0.000  0.000  0.000  0.000  0.000               7188413               4721873           0           0       0.000       0.000      91.102        3547399877   1170      0     29          43   1170
     GPU 0  0.000  0.000  0.000  0.000  0.000  0.000  0.000  0.000               9414830               6132939           0           0       0.000       0.000      91.102        3547399877   1170      0     29          43   1170
     GPU 0  0.000  0.000  0.000  0.000  0.000  0.000  0.000  0.000               9091485               6038929           0           0       0.000       0.000      91.102        3547399877   1170      0     29          45   1170
     GPU 0  0.000  0.000  0.000  0.000  0.000  0.000  0.000  0.000               6327094               4357252           0           0       0.000       0.000      90.860        3547409015   1170      0     29          43   1170
     GPU 0  0.000  0.000  0.000  0.000  0.000  0.000  0.000  0.000               6327094               4357252           0           0       0.000       0.000      90.860        3547409015   1170      0     29          43   1170
     GPU 0  0.000  0.000  0.000  0.000  0.000  0.000  0.000  0.000               6918574               4207600           0           0       0.000       0.000      90.860        3547409015   1170      0     29          43   1170
     GPU 0  0.000  0.000  0.000  0.000  0.000  0.000  0.000  0.000               3301196                275099           0           0       0.000       0.000      90.860        3547409015   1170      0     29          43   1170
     GPU 0  0.000  0.000  0.000  0.000  0.000  0.000  0.000  0.000               2960141                204755           0           0       0.000       0.000      90.860        3547409015   1170      0     29          43   1170
     GPU 0  0.000  0.000  0.000  0.000  0.000  0.000  0.000  0.000               8123504               3082473           0           0       0.000       0.000      91.102        3547409015   1170      0     29          43   1170
     GPU 0  0.000  0.000  0.000  0.000  0.000  0.000  0.000  0.000               8123504               3082473           0           0       0.000       0.000      91.102        3547418237   1170      0     29          43   1170
     GPU 0  0.000  0.000  0.000  0.000  0.000  0.000  0.000  0.000               6325571               2942447           0           0       0.000       0.000      91.102        3547418237   1170      0     29          43   1170
     GPU 0  0.000  0.000  0.000  0.000  0.000  0.000  0.000  0.000               6852453               4367993           0           0       0.000       0.000      91.102        3547418237   1170      0     29          43   1170
     GPU 0  0.000  0.000  0.000  0.000  0.000  0.000  0.000  0.000               8062393               5199849           0           0       0.000       0.000      91.102        3547418237   1170      0     29          44   1170

# Entity  GRACT  SMACT  SMOCC  TENSO  DRAMA  FP64A  FP32A  FP16A                 PCITX                 PCIRX       GPUTL       MCUTL       MUSAM       GUSAM       POWER             TOTEC  SACLK  PSTAT  TMPTR       MMTMP  SMCLK
      Id                                                                                                                                                               W                mJ                    C           C       
     GPU 0  0.000  0.000  0.000  0.000  0.000  0.000  0.000  0.000               5398941               3556954           0           0       0.000       0.000      91.102        3547427434   1170      0     29          43   1170
     GPU 0  0.000  0.000  0.000  0.000  0.000  0.000  0.000  0.000               5398941               3556954           0           0       0.000       0.000      91.102        3547427434   1170      0     29          44   1170
     GPU 0  0.000  0.000  0.000  0.000  0.000  0.000  0.000  0.000               8435282               5416502           0           0       0.000       0.000      91.102        3547427434   1170      0     29          44   1170
     GPU 0  0.000  0.000  0.000  0.000  0.000  0.000  0.000  0.000               3301970                 41894           0           0       0.000       0.000      91.102        3547427434   1170      0     29          45   1170
     GPU 0  0.000  0.000  0.000  0.000  0.000  0.000  0.000  0.000                921581                 83780           0           0       0.000       0.000      91.102        3547427434   1170      0     29          43   1170
     GPU 0  0.000  0.000  0.000  0.000  0.000  0.000  0.000  0.000               9346719               5833714           0           0       0.000       0.000      91.102        3547427434   1170      0     29          43   1170
     GPU 0  0.000  0.000  0.000  0.000  0.000  0.000  0.000  0.000               5798823               3016941           0           0       0.000       0.000      91.102        3547436671   1170      0     29          43   1170
     GPU 0  0.000  0.000  0.000  0.000  0.000  0.000  0.000  0.000               3423958                274855           0           0       0.000       0.000      91.102        3547436671   1170      0     29          43   1170
     GPU 0  0.000  0.000  0.000  0.000  0.000  0.000  0.000  0.000               3423958                274855           0           0       0.000       0.000      91.102        3547436671   1170      0     29          43   1170
     GPU 0  0.000  0.000  0.000  0.000  0.000  0.000  0.000  0.000               3145830                274569           0           0       0.000       0.000      91.102        3547436671   1170      0     29          43   1170
     GPU 0  0.000  0.000  0.000  0.000  0.000  0.000  0.000  0.000               3669727               1442382           0           0       0.000       0.000      91.102        3547445851   1170      0     29          43   1170
     GPU 0  0.000  0.000  0.000  0.000  0.000  0.000  0.000  0.000               5744586               2904990           0           0       0.000       0.000      91.102        3547445851   1170      0     29          43   1170
     GPU 0  0.000  0.000  0.000  0.000  0.000  0.000  0.000  0.000               5744586               2904990           0           0       0.000       0.000      91.102        3547445851   1170      0     29          43   1170
