# Entity  GRACT  SMACT  SMOCC  TENSO  DRAMA  FP64A  FP32A  FP16A                 PCITX                 PCIRX       GPUTL       MCUTL       MUSAM       GUSAM       POWER             TOTEC  SACLK  PSTAT  TMPTR       MMTMP  SMCLK
      Id                                                                                                                                                               W                mJ                    C           C       
     GPU 0  0.000  0.000  0.000  0.000  0.000  0.000  0.000  0.000             119160460                     0           0           0       0.000       0.000      77.020        1920791016   1290      0     27          43    210
     GPU 0  0.000  0.000  0.000  0.000  0.000  0.000  0.000  0.000               9000416               4879753           0           0       0.000       0.000      77.020        1920791016   1290      0     27          43    210
     GPU 0  0.000  0.000  0.000  0.000  0.000  0.000  0.000  0.000               9000416               4879753           0           0       0.000       0.000      77.020        1920791016   1290      0     27          43    210
     GPU 0  0.000  0.000  0.000  0.000  0.000  0.000  0.000  0.000               8677400               6019601           0           0       0.000       0.000      77.020        1920791016   1290      0     27          43    210
     GPU 0  0.000  0.000  0.000  0.000  0.000  0.000  0.000  0.000               5242603               2994991           0           0       0.000       0.000      78.632        1920798925   1290      0     27          43    210
     GPU 0  0.000  0.000  0.000  0.000  0.000  0.000  0.000  0.000              10132287               5873916           0           0       0.000       0.000      78.632        1920798925   1290      0     27          43    210
     GPU 0  0.000  0.000  0.000  0.000  0.000  0.000  0.000  0.000              10132287               5873916           0           0       0.000       0.000      78.632        1920798925   1290      0     27          43    210
     GPU 0  0.000  0.000  0.000  0.000  0.000  0.000  0.000  0.000               7895098               5179779           0           0       0.000       0.000      78.632        1920798925   1290      0     27          43    210
     GPU 0  0.000  0.000  0.000  0.000  0.000  0.000  0.000  0.000               2438970               1111658           0           0       0.000       0.000      78.632        1920798925   1290      0     27          43    210
     GPU 0  0.000  0.000  0.000  0.000  0.000  0.000  0.000  0.000               3066220                274941           0           0       0.000       0.000      78.632        1920806848   1290      0     27          44    210
     GPU 0  0.000  0.000  0.000  0.000  0.000  0.000  0.000  0.000               4868908               2246435           0           0       0.000       0.000      78.632        1920806848   1290      0     27          43    210
     GPU 0  0.000  0.000  0.000  0.000  0.000  0.000  0.000  0.000               6200656               3521280           0           0       0.000       0.000      78.632        1920806848   1290      0     27          43    210
     GPU 0  0.000  0.000  0.000  0.000  0.000  0.000  0.000  0.000               6200656               3521280           0           0       0.000       0.000      78.632        1920806848   1290      0     27          43    210
     GPU 0  0.000  0.000  0.000  0.000  0.000  0.000  0.000  0.000               8791645               5649921           0           0       0.000       0.000      78.632        1920806848   1290      0     27          43    210
     GPU 0  0.000  0.000  0.000  0.000  0.000  0.000  0.000  0.000               8670644               4845378           0           0       0.000       0.000      78.632        1920814806   1290      0     27          43    210

# Entity  GRACT  SMACT  SMOCC  TENSO  DRAMA  FP64A  FP32A  FP16A                 PCITX                 PCIRX       GPUTL       MCUTL       MUSAM       GUSAM       POWER             TOTEC  SACLK  PSTAT  TMPTR       MMTMP  SMCLK
      Id                                                                                                                                                               W                mJ                    C           C       
     GPU 0  0.000  0.000  0.000  0.000  0.000  0.000  0.000  0.000               8670644               4845378           0           0       0.000       0.000      78.632        1920814806   1290      0     27          43    210
     GPU 0  0.000  0.000  0.000  0.000  0.000  0.000  0.000  0.000               3065168                274842           0           0       0.000       0.000      78.632        1920814806   1290      0     27          43    210
     GPU 0  0.000  0.000  0.000  0.000  0.000  0.000  0.000  0.000               3186552                274445           0           0       0.000       0.000      78.632        1920814806   1290      0     27          43    210
     GPU 0  0.000  0.000  0.000  0.000  0.000  0.000  0.000  0.000               3757688               1598457           0           0       0.000       0.000      78.632        1920814806   1290      0     27          43    210
     GPU 0  0.000  0.000  0.000  0.000  0.000  0.000  0.000  0.000               6670799               3590895           0           0       0.000       0.000      78.632        1920822791   1290      0     27          43    210
     GPU 0  0.000  0.000  0.000  0.000  0.000  0.000  0.000  0.000               7943362               4423132           0           0       0.000       0.000      78.632        1920822791   1290      0     27          43    210
     GPU 0  0.000  0.000  0.000  0.000  0.000  0.000  0.000  0.000               7943362               4423132           0           0       0.000       0.000      78.632        1920822791   1290      0     27          43    210
     GPU 0  0.000  0.000  0.000  0.000  0.000  0.000  0.000  0.000               6650033               4850793           0           0       0.000       0.000      78.632        1920822791   1290      0     27          44    210
     GPU 0  0.000  0.000  0.000  0.000  0.000  0.000  0.000  0.000               7187973               4311846           0           0       0.000       0.000      78.632        1920822791   1290      0     27          43    210
     GPU 0  0.000  0.000  0.000  0.000  0.000  0.000  0.000  0.000                920588                 83689           0           0       0.000       0.000      78.632        1920830689   1290      0     27          43    210
     GPU 0  0.000  0.000  0.000  0.000  0.000  0.000  0.000  0.000               5178750               6598730           0           0       0.000       0.000      78.632        1920830689   1290      0     27          43    210
     GPU 0  0.000  0.000  0.000  0.000  0.000  0.000  0.000  0.000               5178750               6598730           0           0       0.000       0.000      78.632        1920830689   1290      0     27          43    210
     GPU 0  0.000  0.000  0.000  0.000  0.000  0.000  0.000  0.000               2076692               4402587           0           0       0.000       0.000      78.632        1920830689   1290      0     27          43    210
     GPU 0  0.000  0.000  0.000  0.000  0.000  0.000  0.000  0.000               3726003               4335712           0           0       0.000       0.000      78.632        1920838612   1290      0     27          43    210

# Entity  GRACT  SMACT  SMOCC  TENSO  DRAMA  FP64A  FP32A  FP16A                 PCITX                 PCIRX       GPUTL       MCUTL       MUSAM       GUSAM       POWER             TOTEC  SACLK  PSTAT  TMPTR       MMTMP  SMCLK
      Id                                                                                                                                                               W                mJ                    C           C       
     GPU 0  0.000  0.000  0.000  0.000  0.000  0.000  0.000  0.000               9275842              24017806           0           0       0.000       0.000      78.632        1920838612   1290      0     27          43    210
     GPU 0  0.000  0.000  0.000  0.000  0.000  0.000  0.000  0.000               3416826               9583782           0           0       0.000       0.000      78.632        1920838612   1290      0     27          43    210
     GPU 0  0.000  0.000  0.000  0.000  0.000  0.000  0.000  0.000               1585083               2586188           0           0       0.000       0.000      78.632        1920838612   1290      0     27          44    210
     GPU 0  0.000  0.000  0.000  0.000  0.000  0.000  0.000  0.000               1585083               2586188           0           0       0.000       0.000      78.632        1920838612   1290      0     27          43    210
     GPU 0  0.000  0.000  0.000  0.000  0.000  0.000  0.000  0.000               6825938               4477815           0           0       0.000       0.000      78.632        1920838612   1290      0     27          43    210
     GPU 0  0.000  0.000  0.000  0.000  0.000  0.000  0.000  0.000               1142015                571007           0           0       0.000       0.000      78.632        1920846571   1290      0     27          43    210
     GPU 0  0.000  0.000  0.000  0.000  0.000  0.000  0.000  0.000               1911033               2825005           0           0       0.000       0.000      78.632        1920846571   1290      0     27          43    210
     GPU 0  0.000  0.000  0.000  0.000  0.000  0.000  0.000  0.000               1911033               2825005           0           0       0.000       0.000      78.632        1920846571   1290      0     27          43    210
     GPU 0  0.000  0.000  0.000  0.000  0.000  0.000  0.000  0.000               9753428               6067093           0           0       0.000       0.000      78.632        1920846571   1290      0     27          43    210
     GPU 0  0.000  0.000  0.000  0.000  0.000  0.000  0.000  0.000              12651345               8205113           0           0       0.000       0.000      78.632        1920846571   1290      0     27          43    210
     GPU 0  0.000  0.000  0.000  0.000  0.000  0.000  0.000  0.000              12651345               8205113           0           0       0.000       0.000      78.632        1920854543   1290      0     27          43    210
     GPU 0  0.000  0.000  0.000  0.000  0.000  0.000  0.000  0.000              12651345               8205113           0           0       0.000       0.000      78.632        1920854543   1290      0     27          43    210
     GPU 0  0.000  0.000  0.000  0.000  0.000  0.000  0.000  0.000               5781144               4936707           0           0       0.000       0.000      78.632        1920854543   1290      0     27          43    210
     GPU 0  0.000  0.000  0.000  0.000  0.000  0.000  0.000  0.000               1083675                232216           0           0       0.000       0.000      78.632        1920854543   1290      0     27          44    210

# Entity  GRACT  SMACT  SMOCC  TENSO  DRAMA  FP64A  FP32A  FP16A                 PCITX                 PCIRX       GPUTL       MCUTL       MUSAM       GUSAM       POWER             TOTEC  SACLK  PSTAT  TMPTR       MMTMP  SMCLK
      Id                                                                                                                                                               W                mJ                    C           C       
     GPU 0  0.000  0.000  0.000  0.000  0.000  0.000  0.000  0.000                804064               1922761           0           0       0.000       0.000      78.632        1920854543   1290      0     27          43    210
     GPU 0  0.000  0.000  0.000  0.000  0.000  0.000  0.000  0.000                804064               1922761           0           0       0.000       0.000      78.923        1920862476   1290      0     27          43    210
     GPU 0  0.000  0.000  0.000  0.000  0.000  0.000  0.000  0.000              10306280              18250705           0           0       0.000       0.000      78.923        1920862476   1290      0     27          43    210
     GPU 0  0.000  0.000  0.000  0.000  0.000  0.000  0.000  0.000               5139390              17241825           0           0       0.000       0.000      78.923        1920862476   1290      0     27          43    210
     GPU 0  0.000  0.000  0.000  0.000  0.000  0.000  0.000  0.000               5147390              16770531           0           0       0.000       0.000      78.923        1920862476   1290      0     27          43    210
     GPU 0  0.183  0.000  0.000  0.000  0.000  0.000  0.000  0.000              19334892              25193950           0           0       0.000       0.000      78.923        1920862476   1290      0     27          43   1290
     GPU 0  0.082  0.000  0.000  0.000  0.000  0.000  0.000  0.000              17817106              41835645           0           0       0.000       0.000      93.828        1920870760   1290      0     27          43   1290
     GPU 0  0.016  0.000  0.000  0.000  0.002  0.000  0.000  0.000             430168418            3840477617           4           0       0.000       3.000      93.828        1920870760   1290      0     27          43   1290
     GPU 0  0.016  0.000  0.000  0.000  0.002  0.000  0.000  0.000             430168418            3840477617           4           0       0.000       3.000      93.828        1920870760   1290      0     27          43   1290
     GPU 0  0.561  0.000  0.000  0.000  0.002  0.000  0.000  0.000             414027844            3704483134           4           0       0.000       3.000      93.828        1920870760   1290      0     28          43   1290
     GPU 0  1.000  0.935  0.744  0.000  0.002  0.000  0.602  0.000               1952822               1498642           4           0       0.000       3.000      93.828        1920870760   1290      0     30          43   1290
     GPU 0  1.000  0.940  0.761  0.000  0.002  0.000  0.625  0.000               2263595               1614413           4           0       0.000       3.000     227.031        1920886279   1290      0     32          43   1290
     GPU 0  1.000  0.000  0.000  0.000  0.002  0.000  0.000  0.000               6053814               4020152           4           0       0.000       3.000     227.031        1920886279   1290      0     32          44   1290
     GPU 0  1.000  0.941  0.753  0.000  0.002  0.000  0.608  0.000               4689828               3664044           4           0       0.000       3.000     227.031        1920886279   1290      0     32          44   1290

# Entity  GRACT  SMACT  SMOCC  TENSO  DRAMA  FP64A  FP32A  FP16A                 PCITX                 PCIRX       GPUTL       MCUTL       MUSAM       GUSAM       POWER             TOTEC  SACLK  PSTAT  TMPTR       MMTMP  SMCLK
      Id                                                                                                                                                               W                mJ                    C           C       
     GPU 0  1.000  0.939  0.760  0.000  0.002  0.000  0.623  0.000               7704424               5715151           4           0       0.000       3.000     227.031        1920886279   1290      0     33          44   1290
     GPU 0  1.000  0.939  0.760  0.000  0.002  0.000  0.623  0.000               7704424               5715151           4           0       0.000       3.000     227.031        1920886279   1290      0     33          44   1290
     GPU 0  1.000  0.000  0.000  0.000  0.002  0.000  0.000  0.000              10630430               7963402           4           0       0.000       3.000     229.220        1920909322   1290      0     34          44   1290
     GPU 0  1.000  0.000  0.000  0.000  0.002  0.000  0.000  0.000              10630430               7963402           4           0       0.000       3.000     229.220        1920909322   1290      0     34          44   1290
     GPU 0  1.000  0.000  0.000  0.000  0.002  0.000  0.000  0.000              10630430               7963402           4           0       0.000       3.000     229.220        1920909322   1290      0     34          44   1290
     GPU 0  1.000  0.000  0.000  0.000  0.002  0.000  0.000  0.000              10630430               7963402          90           0       0.000       3.000     229.220        1920909322   1290      0     34          44   1290
     GPU 0  1.000  0.942  0.755  0.000  0.002  0.000  0.608  0.000              10319692               7896768          90           0       0.000      89.000     229.220        1920909322   1290      0     34          44   1290
     GPU 0  1.000  0.932  0.730  0.000  0.002  0.000  0.596  0.000              10513374               7709355          90           0       0.000      89.000     231.360        1920932988   1290      0     35          44   1290
     GPU 0  1.000  0.000  0.000  0.000  0.002  0.000  0.000  0.000              14453493              10155325          90           0       0.000      89.000     231.360        1920932988   1290      0     35          44   1290
     GPU 0  1.000  0.937  0.761  0.000  0.002  0.000  0.622  0.000              13255205               9209916          90           0       0.000      89.000     231.360        1920932988   1290      0     35          44   1290
     GPU 0  1.000  0.939  0.749  0.000  0.002  0.000  0.605  0.000               8549937               6677679          90           0       0.000      89.000     231.360        1920932988   1290      0     35          44   1290
     GPU 0  1.000  0.000  0.000  0.000  0.002  0.000  0.000  0.000               8062206               5962529          90           0       0.000      89.000     231.360        1920932988   1290      0     35          44   1290
     GPU 0  1.000  0.939  0.745  0.000  0.002  0.000  0.620  0.000              10481557               7742024          90           0       0.000      89.000     230.290        1920932988   1290      0     35          44   1290
     GPU 0  1.000  0.939  0.745  0.000  0.002  0.000  0.620  0.000              10481557               7742024         100           0       0.000      99.000     230.290        1920956241   1290      0     35          44   1290

# Entity  GRACT  SMACT  SMOCC  TENSO  DRAMA  FP64A  FP32A  FP16A                 PCITX                 PCIRX       GPUTL       MCUTL       MUSAM       GUSAM       POWER             TOTEC  SACLK  PSTAT  TMPTR       MMTMP  SMCLK
      Id                                                                                                                                                               W                mJ                    C           C       
     GPU 0  1.000  0.942  0.742  0.000  0.002  0.000  0.606  0.000              10105213               7488023         100           0       0.000      99.000     230.290        1920956241   1290      0     36          44   1290
     GPU 0  1.000  0.000  0.000  0.000  0.002  0.000  0.000  0.000              11706889               8619127         100           0       0.000      99.000     230.290        1920956241   1290      0     36          44   1290
     GPU 0  1.000  0.935  0.730  0.000  0.002  0.000  0.616  0.000               8992638               7278372         100           0       0.000      99.000     230.290        1920956241   1290      0     36          44   1290
     GPU 0  1.000  0.946  0.736  0.000  0.001  0.000  0.626  0.000               7226201               4846244         100           0       0.000      99.000     231.650        1920979670   1290      0     36          44   1290
     GPU 0  1.000  0.000  0.000  0.000  0.001  0.000  0.000  0.000              10300572               6392416         100           0       0.000      99.000     231.650        1920979670   1290      0     36          44   1290
     GPU 0  1.000  0.000  0.000  0.000  0.001  0.000  0.000  0.000              10300572               6392416         100           0       0.000      99.000     231.650        1920979670   1290      0     36          44   1290
     GPU 0  1.000  0.942  0.758  0.000  0.001  0.000  0.624  0.000               7117008               5915168         100           0       0.000      99.000     231.650        1920979670   1290      0     36          44   1290
     GPU 0  1.000  0.931  0.731  0.000  0.002  0.000  0.614  0.000              10898489               8468333         100           0       0.000      99.000     231.650        1920979670   1290      0     36          44   1290
     GPU 0  1.000  0.000  0.000  0.000  0.002  0.000  0.000  0.000              10492538               7012510         100           0       0.000      99.000     231.360        1920979670   1290      0     36          44   1290
     GPU 0  1.000  0.000  0.000  0.000  0.002  0.000  0.000  0.000              10492538               7012510         100           0       0.000      99.000     231.360        1920979670   1290      0     36          44   1290
     GPU 0  1.000  0.000  0.000  0.000  0.002  0.000  0.000  0.000              10492538               7012510         100           0       0.000      99.000     231.360        1920979670   1290      0     36          44   1290
     GPU 0  1.000  0.940  0.750  0.000  0.002  0.000  0.607  0.000               1423651               1674884         100           0       0.000      99.000     231.360        1921003412   1290      0     37          44   1290
     GPU 0  1.000  0.000  0.000  0.000  0.002  0.000  0.000  0.000              11137604               7890153         100           0       0.000      99.000     231.360        1921003412   1290      0     37          44   1290
     GPU 0  1.000  0.000  0.000  0.000  0.002  0.000  0.000  0.000              11137604               7890153         100           0       0.000      99.000     233.252        1921026737   1290      0     37          44   1290

# Entity  GRACT  SMACT  SMOCC  TENSO  DRAMA  FP64A  FP32A  FP16A                 PCITX                 PCIRX       GPUTL       MCUTL       MUSAM       GUSAM       POWER             TOTEC  SACLK  PSTAT  TMPTR       MMTMP  SMCLK
      Id                                                                                                                                                               W                mJ                    C           C       
     GPU 0  1.000  0.939  0.743  0.000  0.002  0.000  0.619  0.000              13688653               9459316         100           0       0.000      99.000     233.252        1921026737   1290      0     37          44   1290
     GPU 0  1.000  0.929  0.745  0.000  0.001  0.000  0.613  0.000              10970154               8732987         100           0       0.000      99.000     233.252        1921026737   1290      0     37          44   1290
     GPU 0  1.000  0.000  0.000  0.000  0.002  0.000  0.000  0.000               9949760               7699508         100           0       0.000      99.000     233.252        1921026737   1290      0     37          44   1290
     GPU 0  1.000  0.935  0.735  0.000  0.001  0.000  0.619  0.000              12150814               8380167         100           0       0.000      99.000     233.252        1921026737   1290      0     37          44   1290
     GPU 0  1.000  0.939  0.757  0.000  0.001  0.000  0.622  0.000              11327565               8623340         100           0       0.000      99.000     231.111        1921050200   1290      0     37          44   1290
     GPU 0  1.000  0.000  0.000  0.000  0.001  0.000  0.000  0.000               7321287               5285196         100           0       0.000      99.000     231.111        1921050200   1290      0     37          44   1290
     GPU 0  1.000  0.940  0.760  0.000  0.001  0.000  0.623  0.000               7046358               5662243         100           0       0.000      99.000     231.111        1921050200   1290      0     37          44   1290
     GPU 0  1.000  0.933  0.733  0.000  0.001  0.000  0.614  0.000              10185657               7743448         100           0       0.000      99.000     231.111        1921050200   1290      0     37          44   1290
     GPU 0  1.000  0.000  0.000  0.000  0.002  0.000  0.000  0.000               9603159               7017128         100           0       0.000      99.000     231.111        1921050200   1290      0     37          44   1290
     GPU 0  1.000  0.000  0.000  0.000  0.002  0.000  0.000  0.000               9603159               7017128         100           0       0.000      99.000     233.542        1921073545   1290      0     37          44   1290
     GPU 0  1.000  0.941  0.761  0.000  0.002  0.000  0.625  0.000               9514963               7157582         100           0       0.000      99.000     233.542        1921073545   1290      0     37          44   1290
     GPU 0  1.000  0.946  0.762  0.000  0.002  0.000  0.623  0.000               8640240               6616495         100           0       0.000      99.000     233.542        1921073545   1290      0     37          45   1290
     GPU 0  1.000  0.000  0.000  0.000  0.002  0.000  0.000  0.000               8662555               6277591         100           0       0.000      99.000     233.542        1921073545   1290      0     38          44   1290
     GPU 0  1.000  0.000  0.000  0.000  0.002  0.000  0.000  0.000               8662555               6277591         100           0       0.000      99.000     233.542        1921073545   1290      0     38          45   1290

# Entity  GRACT  SMACT  SMOCC  TENSO  DRAMA  FP64A  FP32A  FP16A                 PCITX                 PCIRX       GPUTL       MCUTL       MUSAM       GUSAM       POWER             TOTEC  SACLK  PSTAT  TMPTR       MMTMP  SMCLK
      Id                                                                                                                                                               W                mJ                    C           C       
     GPU 0  1.000  0.935  0.731  0.000  0.002  0.000  0.598  0.000               8208928               5502452         100           0       0.000      99.000     233.010        1921097174   1290      0     38          45   1290
     GPU 0  1.000  0.937  0.749  0.000  0.002  0.000  0.620  0.000              10985712               7498950         100           0       0.000      99.000     233.010        1921097174   1290      0     38          45   1290
     GPU 0  1.000  0.000  0.000  0.000  0.002  0.000  0.000  0.000               2377384               1811157         100           0       0.000      99.000     233.010        1921097174   1290      0     38          44   1290
     GPU 0  1.000  0.948  0.762  0.000  0.002  0.000  0.625  0.000               2335308               1483622         100           0       0.000      99.000     233.010        1921097174   1290      0     38          45   1290
     GPU 0  1.000  0.945  0.753  0.000  0.002  0.000  0.626  0.000               5326515               3618271         100           0       0.000      99.000     233.010        1921097174   1290      0     38          45   1290
     GPU 0  1.000  0.000  0.000  0.000  0.002  0.000  0.000  0.000               6217579               4139422         100           0       0.000      99.000     233.010        1921120501   1290      0     38          45   1290
     GPU 0  1.000  0.000  0.000  0.000  0.002  0.000  0.000  0.000               6217579               4139422         100           0       0.000      99.000     233.010        1921120501   1290      0     38          45   1290
     GPU 0  1.000  0.949  0.761  0.000  0.002  0.000  0.630  0.000               8629682               6441684         100           0       0.000      99.000     233.010        1921120501   1290      0     38          45   1290
     GPU 0  1.000  0.935  0.757  0.000  0.002  0.000  0.602  0.000              10081584               8060634         100           0       0.000      99.000     233.010        1921120501   1290      0     38          45   1290
     GPU 0  1.000  0.000  0.000  0.000  0.002  0.000  0.000  0.000               4885670               3654136         100           0       0.000      99.000     233.010        1921120501   1290      0     38          45   1290
     GPU 0  1.000  0.939  0.751  0.000  0.002  0.000  0.622  0.000               7094119               5065540         100           0       0.000      99.000     233.010        1921144391   1290      0     38          45   1290
     GPU 0  1.000  0.939  0.751  0.000  0.002  0.000  0.622  0.000               7094119               5065540         100           0       0.000      99.000     233.010        1921144391   1290      0     38          45   1290
     GPU 0  1.000  0.945  0.755  0.000  0.002  0.000  0.617  0.000              10425370               7257716         100           0       0.000      99.000     233.010        1921144391   1290      0     38          45   1290
     GPU 0  1.000  0.000  0.000  0.000  0.002  0.000  0.000  0.000               5006086               4319572         100           0       0.000      99.000     233.010        1921144391   1290      0     38          45   1290

# Entity  GRACT  SMACT  SMOCC  TENSO  DRAMA  FP64A  FP32A  FP16A                 PCITX                 PCIRX       GPUTL       MCUTL       MUSAM       GUSAM       POWER             TOTEC  SACLK  PSTAT  TMPTR       MMTMP  SMCLK
      Id                                                                                                                                                               W                mJ                    C           C       
     GPU 0  1.000  0.935  0.733  0.000  0.002  0.000  0.598  0.000              11096228               8652393         100           0       0.000      99.000     233.010        1921144391   1290      0     38          45   1290
     GPU 0  1.000  0.940  0.760  0.000  0.002  0.000  0.624  0.000               9787568               7613204         100           0       0.000      99.000     231.650        1921167613   1290      0     38          45   1290
     GPU 0  1.000  0.940  0.760  0.000  0.002  0.000  0.624  0.000               9787568               7613204         100           0       0.000      99.000     231.650        1921167613   1290      0     38          45   1290
     GPU 0  1.000  0.000  0.000  0.000  0.002  0.000  0.000  0.000               3704780               1579003         100           0       0.000      99.000     231.650        1921167613   1290      0     38          45   1290
     GPU 0  1.000  0.941  0.750  0.000  0.002  0.000  0.607  0.000               3693160               1576829         100           0       0.000      99.000     231.650        1921167613   1290      0     38          45   1290
     GPU 0  1.000  0.945  0.766  0.000  0.002  0.000  0.626  0.000               4417487               3160488         100           0       0.000      99.000     231.650        1921167613   1290      0     38          45   1290
     GPU 0  1.000  0.000  0.000  0.000  0.002  0.000  0.000  0.000               7079660               5068137         100           0       0.000      99.000     231.650        1921191108   1290      0     38          45   1290
     GPU 0  1.000  0.939  0.749  0.000  0.002  0.000  0.622  0.000              10239969               6365729         100           0       0.000      99.000     233.542        1921191108   1290      0     38          45   1290
     GPU 0  1.000  0.939  0.749  0.000  0.002  0.000  0.622  0.000              10239969               6365729         100           0       0.000      99.000     233.542        1921191108   1290      0     38          45   1290
     GPU 0  1.000  0.929  0.731  0.000  0.002  0.000  0.609  0.000               8363177               6368408         100           0       0.000      99.000     233.542        1921191108   1290      0     38          45   1290
     GPU 0  1.000  0.000  0.000  0.000  0.002  0.000  0.000  0.000              10579786               8071203         100           0       0.000      99.000     233.542        1921191108   1290      0     39          45   1290
     GPU 0  1.000  0.933  0.735  0.000  0.001  0.000  0.615  0.000              10935455               8383266         100           0       0.000      99.000     233.252        1921214612   1290      0     39          45   1290
     GPU 0  1.000  0.936  0.750  0.000  0.001  0.000  0.617  0.000              10386807               7831894         100           0       0.000      99.000     233.252        1921214612   1290      0     39          45   1290
     GPU 0  1.000  0.936  0.750  0.000  0.001  0.000  0.617  0.000              10386807               7831894         100           0       0.000      99.000     233.252        1921214612   1290      0     39          45   1290

# Entity  GRACT  SMACT  SMOCC  TENSO  DRAMA  FP64A  FP32A  FP16A                 PCITX                 PCIRX       GPUTL       MCUTL       MUSAM       GUSAM       POWER             TOTEC  SACLK  PSTAT  TMPTR       MMTMP  SMCLK
      Id                                                                                                                                                               W                mJ                    C           C       
     GPU 0  1.000  0.000  0.000  0.000  0.002  0.000  0.000  0.000              10523500               7290044         100           0       0.000      99.000     233.252        1921214612   1290      0     39          45   1290
     GPU 0  1.000  0.941  0.762  0.000  0.002  0.000  0.624  0.000               9674713               7604766         100           0       0.000      99.000     233.252        1921214612   1290      0     39          45   1290
     GPU 0  1.000  0.938  0.749  0.000  0.002  0.000  0.610  0.000              10500157               8143885         100           0       0.000      99.000     233.252        1921214612   1290      0     39          45   1290
     GPU 0  1.000  0.938  0.749  0.000  0.002  0.000  0.610  0.000              10500157               8143885         100           0       0.000      99.000     233.252        1921238086   1290      0     39          45   1290
     GPU 0  1.000  0.938  0.749  0.000  0.002  0.000  0.610  0.000              10500157               8143885         100           0       0.000      99.000     233.252        1921238086   1290      0     39          45   1290
     GPU 0  1.000  0.938  0.749  0.000  0.002  0.000  0.610  0.000              10500157               8143885         100           0       0.000      99.000     233.252        1921238086   1290      0     39          45   1290
     GPU 0  1.000  0.000  0.000  0.000  0.001  0.000  0.000  0.000              10790585               6522427         100           0       0.000      99.000     233.252        1921238086   1290      0     39          45   1290
     GPU 0  1.000  0.939  0.736  0.000  0.002  0.000  0.620  0.000               8322404               5605909         100           0       0.000      99.000     233.252        1921261960   1290      0     39          45   1290
     GPU 0  1.000  0.944  0.753  0.000  0.002  0.000  0.605  0.000               7537086               5975059         100           0       0.000      99.000     229.220        1921261960   1290      0     39          45   1290
     GPU 0  1.000  0.944  0.753  0.000  0.002  0.000  0.605  0.000               7537086               5975059         100           0       0.000      99.000     229.220        1921261960   1290      0     39          45   1290
     GPU 0  1.000  0.000  0.000  0.000  0.002  0.000  0.000  0.000              10427200               7705016         100           0       0.000      99.000     229.220        1921261960   1290      0     39          45   1290
     GPU 0  1.000  0.952  0.761  0.000  0.001  0.000  0.632  0.000               3875227               2100778         100           0       0.000      99.000     229.220        1921261960   1290      0     39          45   1290
     GPU 0  1.000  0.959  0.758  0.000  0.001  0.000  0.639  0.000               3541352               1598922         100           0       0.000      99.000     229.220        1921284775   1290      0     39          45   1290
     GPU 0  1.000  0.000  0.000  0.000  0.002  0.000  0.000  0.000               6653816               3415699         100           0       0.000      99.000     225.671        1921284775   1290      0     39          45   1290

# Entity  GRACT  SMACT  SMOCC  TENSO  DRAMA  FP64A  FP32A  FP16A                 PCITX                 PCIRX       GPUTL       MCUTL       MUSAM       GUSAM       POWER             TOTEC  SACLK  PSTAT  TMPTR       MMTMP  SMCLK
      Id                                                                                                                                                               W                mJ                    C           C       
     GPU 0  1.000  0.940  0.754  0.000  0.001  0.000  0.620  0.000               6364353               4953360         100           0       0.000      99.000     225.671        1921284775   1290      0     39          45   1290
     GPU 0  1.000  0.940  0.754  0.000  0.001  0.000  0.620  0.000               6364353               4953360         100           0       0.000      99.000     225.671        1921284775   1290      0     39          45   1290
     GPU 0  1.000  0.942  0.754  0.000  0.001  0.000  0.625  0.000               6222841               5095382         100           0       0.000      99.000     225.671        1921284775   1290      0     39          45   1290
     GPU 0  1.000  0.000  0.000  0.000  0.002  0.000  0.000  0.000               7615200               6653183         100           0       0.000      99.000     228.930        1921307694   1290      0     39          45   1290
     GPU 0  1.000  0.948  0.763  0.000  0.002  0.000  0.612  0.000               5983676               4532497         100           0       0.000      99.000     228.930        1921307694   1290      0     39          45   1290
     GPU 0  1.000  0.948  0.763  0.000  0.002  0.000  0.612  0.000               5983676               4532497         100           0       0.000      99.000     228.930        1921307694   1290      0     39          45   1290
     GPU 0  1.000  0.931  0.717  0.000  0.002  0.000  0.607  0.000               5484161               4869341         100           0       0.000      99.000     228.930        1921307694   1290      0     39          45   1290
     GPU 0  1.000  0.000  0.000  0.000  0.002  0.000  0.000  0.000               3699312               2151998         100           0       0.000      99.000     228.930        1921307694   1290      0     39          45   1290
     GPU 0  1.000  0.937  0.746  0.000  0.002  0.000  0.621  0.000               6984039               3967704         100           0       0.000      99.000     228.391        1921330820   1290      0     39          45   1290
     GPU 0  1.000  0.903  0.669  0.000  0.002  0.000  0.579  0.000               6345709               3175789         100           0       0.000      99.000     228.391        1921330820   1290      0     39          45   1290
     GPU 0  1.000  0.000  0.000  0.000  0.002  0.000  0.000  0.000               8214869               5793085         100           0       0.000      99.000     228.391        1921330820   1290      0     39          45   1290
     GPU 0  1.000  0.937  0.749  0.000  0.002  0.000  0.620  0.000               9832236               7640571         100           0       0.000      99.000     228.391        1921330820   1290      0     39          45   1290
     GPU 0  1.000  0.937  0.749  0.000  0.002  0.000  0.620  0.000               9832236               7640571         100           0       0.000      99.000     228.391        1921330820   1290      0     39          45   1290
     GPU 0  1.000  0.940  0.760  0.000  0.002  0.000  0.605  0.000              10328219               8129983         100           0       0.000      99.000     227.563        1921353818   1290      0     39          45   1290

# Entity  GRACT  SMACT  SMOCC  TENSO  DRAMA  FP64A  FP32A  FP16A                 PCITX                 PCIRX       GPUTL       MCUTL       MUSAM       GUSAM       POWER             TOTEC  SACLK  PSTAT  TMPTR       MMTMP  SMCLK
      Id                                                                                                                                                               W                mJ                    C           C       
     GPU 0  1.000  0.000  0.000  0.000  0.002  0.000  0.000  0.000              11845594               8376282         100           0       0.000      99.000     227.563        1921353818   1290      0     39          45   1290
     GPU 0  1.000  0.939  0.765  0.000  0.002  0.000  0.624  0.000              10894721               8279958         100           0       0.000      99.000     227.563        1921353818   1290      0     39          45   1290
     GPU 0  1.000  0.945  0.766  0.000  0.002  0.000  0.610  0.000               9474898               7399496         100           0       0.000      99.000     227.563        1921353818   1290      0     39          45   1290
     GPU 0  1.000  0.945  0.766  0.000  0.002  0.000  0.610  0.000               9474898               7399496         100           0       0.000      99.000     227.563        1921353818   1290      0     39          45   1290
     GPU 0  1.000  0.000  0.000  0.000  0.002  0.000  0.000  0.000               9812525               6348177         100           0       0.000      99.000     226.789        1921376754   1290      0     39          45   1290
     GPU 0  1.000  0.939  0.748  0.000  0.002  0.000  0.605  0.000              11248206               7450552         100           0       0.000      99.000     226.789        1921376754   1290      0     39          45   1290
     GPU 0  1.000  0.935  0.761  0.000  0.002  0.000  0.619  0.000               2376124               1768443         100           0       0.000      99.000     226.789        1921376754   1290      0     39          45   1290
     GPU 0  1.000  0.000  0.000  0.000  0.002  0.000  0.000  0.000               4638408               3218156         100           0       0.000      99.000     226.789        1921376754   1290      0     39          45   1290
     GPU 0  1.000  0.939  0.744  0.000  0.002  0.000  0.609  0.000               6634242               4731581         100           0       0.000      99.000     226.789        1921376754   1290      0     39          45   1290
     GPU 0  1.000  0.939  0.744  0.000  0.002  0.000  0.609  0.000               6634242               4731581         100           0       0.000      99.000     228.681        1921399711   1290      0     39          45   1290
     GPU 0  1.000  0.939  0.752  0.000  0.002  0.000  0.622  0.000               9002860               6023417         100           0       0.000      99.000     228.681        1921399711   1290      0     39          45   1290
     GPU 0  1.000  0.000  0.000  0.000  0.002  0.000  0.000  0.000              10783404               7980790         100           0       0.000      99.000     228.681        1921399711   1290      0     39          45   1290
     GPU 0  1.000  0.932  0.734  0.000  0.001  0.000  0.613  0.000               9739454               7482842         100           0       0.000      99.000     228.681        1921399711   1290      0     39          45   1290
     GPU 0  1.000  0.932  0.734  0.000  0.001  0.000  0.613  0.000               9739454               7482842         100           0       0.000      99.000     228.681        1921399711   1290      0     39          45   1290

# Entity  GRACT  SMACT  SMOCC  TENSO  DRAMA  FP64A  FP32A  FP16A                 PCITX                 PCIRX       GPUTL       MCUTL       MUSAM       GUSAM       POWER             TOTEC  SACLK  PSTAT  TMPTR       MMTMP  SMCLK
      Id                                                                                                                                                               W                mJ                    C           C       
     GPU 0  1.000  0.938  0.738  0.000  0.002  0.000  0.605  0.000               9864693               6435707         100           0       0.000      99.000     227.031        1921422814   1290      0     39          45   1290
     GPU 0  1.000  0.000  0.000  0.000  0.002  0.000  0.000  0.000              11499171               7564405         100           0       0.000      99.000     227.031        1921422814   1290      0     39          45   1290
     GPU 0  1.000  0.946  0.738  0.000  0.001  0.000  0.622  0.000               3546841               1368557         100           0       0.000      99.000     227.031        1921422814   1290      0     39          45   1290
     GPU 0  1.000  0.949  0.775  0.000  0.002  0.000  0.631  0.000               2339765               1402047         100           0       0.000      99.000     227.031        1921422814   1290      0     39          45   1290
     GPU 0  1.000  0.000  0.000  0.000  0.002  0.000  0.000  0.000               4936349               3576744         100           0       0.000      99.000     227.031        1921422814   1290      0     39          45   1290
     GPU 0  1.000  0.000  0.000  0.000  0.002  0.000  0.000  0.000               4936349               3576744         100           0       0.000      99.000     225.671        1921445628   1290      0     39          45   1290
     GPU 0  1.000  0.949  0.752  0.000  0.002  0.000  0.611  0.000               7508264               5191565         100           0       0.000      99.000     225.671        1921445628   1290      0     39          46   1290
     GPU 0  1.000  0.945  0.751  0.000  0.002  0.000  0.622  0.000               9716980               7400981         100           0       0.000      99.000     225.671        1921445628   1290      0     39          45   1290
     GPU 0  1.000  0.000  0.000  0.000  0.002  0.000  0.000  0.000               9807816               7523121         100           0       0.000      99.000     225.671        1921445628   1290      0     39          45   1290
     GPU 0  1.000  0.000  0.000  0.000  0.002  0.000  0.000  0.000               9807816               7523121         100           0       0.000      99.000     225.671        1921445628   1290      0     39          45   1290
     GPU 0  1.000  0.944  0.765  0.000  0.002  0.000  0.626  0.000               9624146               6333606         100           0       0.000      99.000     225.671        1921468468   1290      0     39          46   1290
     GPU 0  1.000  0.946  0.750  0.000  0.002  0.000  0.614  0.000              11595868               7776392         100           0       0.000      99.000     226.251        1921468468   1290      0     39          45   1290
     GPU 0  1.000  0.000  0.000  0.000  0.001  0.000  0.000  0.000               3597623               1370486         100           0       0.000      99.000     226.251        1921468468   1290      0     39          45   1290
     GPU 0  1.000  0.936  0.737  0.000  0.001  0.000  0.617  0.000               4244819               3012708         100           0       0.000      99.000     226.251        1921468468   1290      0     39          46   1290

# Entity  GRACT  SMACT  SMOCC  TENSO  DRAMA  FP64A  FP32A  FP16A                 PCITX                 PCIRX       GPUTL       MCUTL       MUSAM       GUSAM       POWER             TOTEC  SACLK  PSTAT  TMPTR       MMTMP  SMCLK
      Id                                                                                                                                                               W                mJ                    C           C       
     GPU 0  1.000  0.936  0.737  0.000  0.001  0.000  0.617  0.000               4244819               3012708         100           0       0.000      99.000     226.251        1921468468   1290      0     39          45   1290
     GPU 0  1.000  0.933  0.755  0.000  0.001  0.000  0.618  0.000               7281979               5112881         100           0       0.000      99.000     227.563        1921491407   1290      0     39          46   1290
     GPU 0  1.000  0.000  0.000  0.000  0.002  0.000  0.000  0.000              10142167               6957367         100           0       0.000      99.000     227.563        1921491407   1290      0     39          46   1290
     GPU 0  1.000  0.933  0.736  0.000  0.002  0.000  0.608  0.000              10849520               8359590         100           0       0.000      99.000     227.563        1921491407   1290      0     39          45   1290
     GPU 0  1.000  0.932  0.750  0.000  0.002  0.000  0.616  0.000              11864797               8521843         100           0       0.000      99.000     227.563        1921491407   1290      0     39          45   1290
     GPU 0  1.000  0.932  0.750  0.000  0.002  0.000  0.616  0.000              11864797               8521843         100           0       0.000      99.000     227.563        1921491407   1290      0     39          45   1290
     GPU 0  1.000  0.000  0.000  0.000  0.001  0.000  0.000  0.000               9697427               6248723         100           0       0.000      99.000     225.671        1921514371   1290      0     39          46   1290
     GPU 0  1.000  0.939  0.737  0.000  0.002  0.000  0.621  0.000              11704560               7650409         100           0       0.000      99.000     225.671        1921514371   1290      0     39          46   1290
     GPU 0  1.000  0.957  0.792  0.000  0.002  0.000  0.637  0.000               2339113               1360009         100           0       0.000      99.000     225.671        1921514371   1290      0     39          45   1290
     GPU 0  1.000  0.000  0.000  0.000  0.002  0.000  0.000  0.000               4689465               2996964         100           0       0.000      99.000     225.671        1921514371   1290      0     39          45   1290
     GPU 0  0.500  0.947  0.749  0.000  0.001  0.000  0.625  0.000            1337430939               3909005         100           0       0.000      99.000     225.671        1921514371   1290      0     39          46   1290
     GPU 0  0.500  0.947  0.749  0.000  0.001  0.000  0.625  0.000            1337430939               3909005         100           0       0.000      99.000     151.186        1921536225   1290      0     38          46   1290
     GPU 0  0.000  0.000  0.000  0.000  0.001  0.000  0.000  0.000             116187104               4868260         100           0       0.000      99.000     151.186        1921536225   1290      0     38          45   1290
     GPU 0  0.000  0.000  0.000  0.000  0.000  0.000  0.000  0.000              10035485               5840535         100           0       0.000      99.000     151.186        1921536225   1290      0     36          45   1290

# Entity  GRACT  SMACT  SMOCC  TENSO  DRAMA  FP64A  FP32A  FP16A                 PCITX                 PCIRX       GPUTL       MCUTL       MUSAM       GUSAM       POWER             TOTEC  SACLK  PSTAT  TMPTR       MMTMP  SMCLK
      Id                                                                                                                                                               W                mJ                    C           C       
     GPU 0  0.000  0.000  0.000  0.000  0.000  0.000  0.000  0.000               9768936               5394728         100           0       0.000      99.000     151.186        1921536225   1290      0     35          46   1290
     GPU 0  0.000  0.000  0.000  0.000  0.000  0.000  0.000  0.000              11319102               6800454         100           0       0.000      99.000     151.186        1921536225   1290      0     34          45   1290
     GPU 0  0.000  0.000  0.000  0.000  0.000  0.000  0.000  0.000              10306578               5484948         100           0       0.000      99.000      98.700        1921546701   1290      0     34          45   1290
     GPU 0  0.000  0.000  0.000  0.000  0.000  0.000  0.000  0.000              10306578               5484948          38           0       0.000      99.000      98.700        1921546701   1290      0     34          45   1290
     GPU 0  0.000  0.000  0.000  0.000  0.000  0.000  0.000  0.000               4509920               2883764          38           0       0.000      38.000      98.700        1921546701   1290      0     34          45   1290
     GPU 0  0.000  0.000  0.000  0.000  0.000  0.000  0.000  0.000              10043706               6628956          38           0       0.000      38.000      98.700        1921546701   1290      0     34          46   1290
     GPU 0  0.000  0.000  0.000  0.000  0.000  0.000  0.000  0.000               9779857               6413442          38           0       0.000      38.000      98.700        1921546701   1290      0     33          45   1290
     GPU 0  0.000  0.000  0.000  0.000  0.000  0.000  0.000  0.000              10635600               6103914          38           0       0.000      38.000      98.167        1921546701   1290      0     33          45   1290
     GPU 0  0.000  0.000  0.000  0.000  0.000  0.000  0.000  0.000               2143080               1100159          38           0       0.000      38.000      98.167        1921556646   1290      0     33          45   1290
     GPU 0  0.000  0.000  0.000  0.000  0.000  0.000  0.000  0.000               2143080               1100159          38           0       0.000      38.000      98.167        1921556646   1290      0     33          45   1290
     GPU 0  0.000  0.000  0.000  0.000  0.000  0.000  0.000  0.000               3304671                 41921          38           0       0.000      38.000      98.167        1921556646   1290      0     33          45   1290
     GPU 0  0.000  0.000  0.000  0.000  0.000  0.000  0.000  0.000               5962723               3249320          38           0       0.000      38.000      98.167        1921556646   1290      0     33          45   1290
     GPU 0  0.000  0.000  0.000  0.000  0.000  0.000  0.000  0.000               5843489               3760046          38           0       0.000      38.000      97.918        1921566513   1290      0     32          45   1290
     GPU 0  0.000  0.000  0.000  0.000  0.000  0.000  0.000  0.000               5843489               3760046          38           0       0.000      38.000      97.918        1921566513   1290      0     32          45   1290

# Entity  GRACT  SMACT  SMOCC  TENSO  DRAMA  FP64A  FP32A  FP16A                 PCITX                 PCIRX       GPUTL       MCUTL       MUSAM       GUSAM       POWER             TOTEC  SACLK  PSTAT  TMPTR       MMTMP  SMCLK
      Id                                                                                                                                                               W                mJ                    C           C       
     GPU 0  0.000  0.000  0.000  0.000  0.000  0.000  0.000  0.000               5843489               3760046          38           0       0.000      38.000      97.918        1921566513   1290      0     32          45   1290
     GPU 0  0.000  0.000  0.000  0.000  0.000  0.000  0.000  0.000               5843489               3760046           0           0       0.000      38.000      97.918        1921566513   1290      0     32          45   1290
     GPU 0  0.000  0.000  0.000  0.000  0.000  0.000  0.000  0.000               9115996               4837059           0           0       0.000       0.000      97.918        1921566513   1290      0     32          45   1290
     GPU 0  0.000  0.000  0.000  0.000  0.000  0.000  0.000  0.000               6251878               3956225           0           0       0.000       0.000      97.918        1921576553   1290      0     32          45   1290
     GPU 0  0.000  0.000  0.000  0.000  0.000  0.000  0.000  0.000               6111852               3175254           0           0       0.000       0.000      98.700        1921576553   1290      0     32          45   1290
     GPU 0  0.000  0.000  0.000  0.000  0.000  0.000  0.000  0.000               6366934               4045435           0           0       0.000       0.000      98.700        1921576553   1290      0     32          45   1290
     GPU 0  0.000  0.000  0.000  0.000  0.000  0.000  0.000  0.000               6366934               4045435           0           0       0.000       0.000      98.700        1921576553   1290      0     32          45   1290
     GPU 0  0.000  0.000  0.000  0.000  0.000  0.000  0.000  0.000               9672670               5861968           0           0       0.000       0.000      98.700        1921576553   1290      0     32          45   1290
     GPU 0  0.000  0.000  0.000  0.000  0.000  0.000  0.000  0.000               7808226               5310763           0           0       0.000       0.000      98.700        1921586493   1290      0     32          45   1290
     GPU 0  0.000  0.000  0.000  0.000  0.000  0.000  0.000  0.000               7808226               5310763           0           0       0.000       0.000      98.700        1921586493   1290      0     31          45   1290
     GPU 0  0.000  0.000  0.000  0.000  0.000  0.000  0.000  0.000               3296634                274719           0           0       0.000       0.000      98.700        1921586493   1290      0     31          45   1290
     GPU 0  0.000  0.000  0.000  0.000  0.000  0.000  0.000  0.000               3296634                274719           0           0       0.000       0.000      98.700        1921586493   1290      0     31          45   1290
     GPU 0  0.000  0.000  0.000  0.000  0.000  0.000  0.000  0.000               7012454              14943206           0           0       0.000       0.000      98.700        1921586493   1290      0     31          45   1290
     GPU 0  0.000  0.000  0.000  0.000  0.000  0.000  0.000  0.000               7012454              14943206           0           0       0.000       0.000      99.530        1921586493   1290      0     31          45   1290

# Entity  GRACT  SMACT  SMOCC  TENSO  DRAMA  FP64A  FP32A  FP16A                 PCITX                 PCIRX       GPUTL       MCUTL       MUSAM       GUSAM       POWER             TOTEC  SACLK  PSTAT  TMPTR       MMTMP  SMCLK
      Id                                                                                                                                                               W                mJ                    C           C       
     GPU 0  0.000  0.000  0.000  0.000  0.016  0.000  0.000  0.000               7834317               6321483           0           0       0.000       0.000      99.530        1921596465   1290      0     31          45   1290
     GPU 0  0.000  0.000  0.000  0.000  0.000  0.000  0.000  0.000              13051177              13464189           0           0       0.000       0.000      99.530        1921596465   1290      0     31          45   1290
     GPU 0  0.000  0.000  0.000  0.000  0.000  0.000  0.000  0.000              13051177              13464189           0           0       0.000       0.000      99.530        1921596465   1290      0     31          45   1290
     GPU 0  0.000  0.000  0.000  0.000  0.000  0.000  0.000  0.000              11531847               8993666           0           0       0.000       0.000      99.530        1921596465   1290      0     31          45   1290
     GPU 0  0.000  0.000  0.000  0.000  0.000  0.000  0.000  0.000              11531847               8993666           0           0       0.000       0.000      99.530        1921596465   1290      0     31          45   1290
     GPU 0  0.000  0.000  0.000  0.000  0.000  0.000  0.000  0.000               9961814               7074571           6           0       0.000       0.000      98.700        1921606638   1290      0     31          45   1290
     GPU 0  0.000  0.000  0.000  0.000  0.000  0.000  0.000  0.000              11076707               8856348           6           0       0.000       0.000      98.700        1921606638   1290      0     31          45   1290
     GPU 0  0.000  0.000  0.000  0.000  0.000  0.000  0.000  0.000              10192527               6321677           6           0       0.000       0.000      98.700        1921606638   1290      0     31          45   1290
     GPU 0  0.000  0.000  0.000  0.000  0.000  0.000  0.000  0.000              10192527               6321677           6           0       0.000       0.000      98.700        1921606638   1290      0     31          45   1290
     GPU 0  0.000  0.000  0.000  0.000  0.000  0.000  0.000  0.000              10763185               6815617           6           0       0.000       0.000      98.458        1921616437   1290      0     31          45   1290
     GPU 0  0.000  0.000  0.000  0.000  0.000  0.000  0.000  0.000               9391953               6122202           6           0       0.000       0.000      98.458        1921616437   1290      0     31          45   1290
     GPU 0  0.000  0.000  0.000  0.000  0.000  0.000  0.000  0.000               5454529               4333352           6           0       0.000       0.000      98.458        1921616437   1290      0     31          45   1290
     GPU 0  0.000  0.000  0.000  0.000  0.000  0.000  0.000  0.000               3298046                274837           6           0       0.000       0.000      98.458        1921616437   1290      0     31          45   1290
     GPU 0  0.000  0.000  0.000  0.000  0.000  0.000  0.000  0.000               2086694                163434           6           0       0.000       0.000      98.458        1921616437   1290      0     31          45   1290

# Entity  GRACT  SMACT  SMOCC  TENSO  DRAMA  FP64A  FP32A  FP16A                 PCITX                 PCIRX       GPUTL       MCUTL       MUSAM       GUSAM       POWER             TOTEC  SACLK  PSTAT  TMPTR       MMTMP  SMCLK
      Id                                                                                                                                                               W                mJ                    C           C       
     GPU 0  0.000  0.000  0.000  0.000  0.000  0.000  0.000  0.000               3197805                359220           6           0       0.000       0.000      98.458        1921616437   1290      0     31          45   1290
     GPU 0  0.000  0.000  0.000  0.000  0.000  0.000  0.000  0.000               7034736               2906428           0           0       0.000       0.000      98.458        1921626418   1290      0     31          45   1290
     GPU 0  0.000  0.000  0.000  0.000  0.000  0.000  0.000  0.000               7034736               2906428           0           0       0.000       0.000      98.458        1921626418   1290      0     31          45   1290
     GPU 0  0.000  0.000  0.000  0.000  0.000  0.000  0.000  0.000               4585918               2080185           0           0       0.000       0.000      98.458        1921626418   1290      0     31          45   1290
     GPU 0  0.000  0.000  0.000  0.000  0.000  0.000  0.000  0.000               7498976               4456820           0           0       0.000       0.000      98.458        1921626418   1290      0     31          45   1290
     GPU 0  0.000  0.000  0.000  0.000  0.000  0.000  0.000  0.000               9609817               6429443           0           0       0.000       0.000      98.458        1921636317   1290      0     31          45   1290
     GPU 0  0.000  0.000  0.000  0.000  0.000  0.000  0.000  0.000               9609817               6429443           0           0       0.000       0.000      98.458        1921636317   1290      0     30          45   1290
     GPU 0  0.000  0.000  0.000  0.000  0.000  0.000  0.000  0.000               8999084               5943102           0           0       0.000       0.000      98.458        1921636317   1290      0     30          45   1290
     GPU 0  0.000  0.000  0.000  0.000  0.000  0.000  0.000  0.000               7190223               4010938           0           0       0.000       0.000      98.458        1921636317   1290      0     30          45   1290
     GPU 0  0.000  0.000  0.000  0.000  0.000  0.000  0.000  0.000               6704674               4567949           0           0       0.000       0.000      98.458        1921636317   1290      0     30          45   1290
     GPU 0  0.000  0.000  0.000  0.000  0.000  0.000  0.000  0.000               3192181                274977           0           0       0.000       0.000      98.458        1921636317   1290      0     30          45   1290
     GPU 0  0.000  0.000  0.000  0.000  0.000  0.000  0.000  0.000               3192831                275017           0           0       0.000       0.000      98.458        1921646302   1290      0     30          45   1290
     GPU 0  0.000  0.000  0.000  0.000  0.000  0.000  0.000  0.000               3192831                275017           0           0       0.000       0.000      98.458        1921646302   1290      0     30          45   1290
     GPU 0  0.000  0.000  0.000  0.000  0.000  0.000  0.000  0.000               1845779                163990           0           0       0.000       0.000      98.458        1921646302   1290      0     30          45   1290

# Entity  GRACT  SMACT  SMOCC  TENSO  DRAMA  FP64A  FP32A  FP16A                 PCITX                 PCIRX       GPUTL       MCUTL       MUSAM       GUSAM       POWER             TOTEC  SACLK  PSTAT  TMPTR       MMTMP  SMCLK
      Id                                                                                                                                                               W                mJ                    C           C       
     GPU 0  0.000  0.000  0.000  0.000  0.000  0.000  0.000  0.000               4534514               2063879           0           0       0.000       0.000      98.458        1921646302   1290      0     30          45   1290
     GPU 0  0.000  0.000  0.000  0.000  0.000  0.000  0.000  0.000               5574549               3496537           0           0       0.000       0.000      98.458        1921656231   1290      0     30          45   1290
     GPU 0  0.000  0.000  0.000  0.000  0.000  0.000  0.000  0.000               5574549               3496537           0           0       0.000       0.000      98.458        1921656231   1290      0     30          45   1290
     GPU 0  0.000  0.000  0.000  0.000  0.000  0.000  0.000  0.000               9030014               5586194           0           0       0.000       0.000      98.458        1921656231   1290      0     30          45   1290
     GPU 0  0.000  0.000  0.000  0.000  0.000  0.000  0.000  0.000               6632148               3693384           0           0       0.000       0.000      98.458        1921656231   1290      0     30          45   1290
     GPU 0  0.000  0.000  0.000  0.000  0.000  0.000  0.000  0.000               9739263               6430934           0           0       0.000       0.000      98.458        1921656231   1290      0     30          45   1290
     GPU 0  0.000  0.000  0.000  0.000  0.000  0.000  0.000  0.000              11230481               7346911           0           0       0.000       0.000      98.458        1921656231   1290      0     30          45   1290
     GPU 0  0.000  0.000  0.000  0.000  0.000  0.000  0.000  0.000               8536316               5774380           0           0       0.000       0.000      98.458        1921666252   1290      0     30          45   1290
     GPU 0  0.000  0.000  0.000  0.000  0.000  0.000  0.000  0.000               2027515                162179           0           0       0.000       0.000      98.458        1921666252   1290      0     30          45   1290
     GPU 0  0.000  0.000  0.000  0.000  0.000  0.000  0.000  0.000               2027515                162179           0           0       0.000       0.000      98.458        1921666252   1290      0     30          45   1290
     GPU 0  0.000  0.000  0.000  0.000  0.000  0.000  0.000  0.000               3027119                     0           0           0       0.000       0.000      98.458        1921666252   1290      0     30          45   1290
     GPU 0  0.000  0.000  0.000  0.000  0.000  0.000  0.000  0.000               3300096                275008           0           0       0.000       0.000      98.458        1921676125   1290      0     30          45   1290
     GPU 0  0.000  0.000  0.000  0.000  0.000  0.000  0.000  0.000               4580554               1880340           0           0       0.000       0.000      98.458        1921676125   1290      0     30          45   1290
     GPU 0  0.000  0.000  0.000  0.000  0.000  0.000  0.000  0.000               7876509               4253714           0           0       0.000       0.000      98.458        1921676125   1290      0     30          45   1290

# Entity  GRACT  SMACT  SMOCC  TENSO  DRAMA  FP64A  FP32A  FP16A                 PCITX                 PCIRX       GPUTL       MCUTL       MUSAM       GUSAM       POWER             TOTEC  SACLK  PSTAT  TMPTR       MMTMP  SMCLK
      Id                                                                                                                                                               W                mJ                    C           C       
     GPU 0  0.000  0.000  0.000  0.000  0.000  0.000  0.000  0.000               8894091               5691271           0           0       0.000       0.000      98.458        1921676125   1290      0     30          45   1290
     GPU 0  0.000  0.000  0.000  0.000  0.000  0.000  0.000  0.000               8894091               5691271           0           0       0.000       0.000      98.458        1921676125   1290      0     30          45   1290
     GPU 0  0.000  0.000  0.000  0.000  0.000  0.000  0.000  0.000              12319612               8212609           0           0       0.000       0.000      98.458        1921686076   1290      0     30          45   1290
     GPU 0  0.000  0.000  0.000  0.000  0.000  0.000  0.000  0.000               6909047               4000258           0           0       0.000       0.000      98.458        1921686076   1290      0     30          45   1290
     GPU 0  0.000  0.000  0.000  0.000  0.000  0.000  0.000  0.000               8052179               5381009           0           0       0.000       0.000      98.458        1921686076   1290      0     30          45   1290
     GPU 0  0.000  0.000  0.000  0.000  0.000  0.000  0.000  0.000               8052179               5381009           0           0       0.000       0.000      98.458        1921686076   1290      0     30          45   1290
     GPU 0  0.000  0.000  0.000  0.000  0.000  0.000  0.000  0.000               7852701               4693815           0           0       0.000       0.000      98.458        1921686076   1290      0     30          45   1290
     GPU 0  0.000  0.000  0.000  0.000  0.000  0.000  0.000  0.000              11843764               7426794           0           0       0.000       0.000      98.458        1921695990   1290      0     30          45   1290
     GPU 0  0.000  0.000  0.000  0.000  0.000  0.000  0.000  0.000               5820411               3320810           0           0       0.000       0.000      98.458        1921695990   1290      0     30          45   1290
     GPU 0  0.000  0.000  0.000  0.000  0.000  0.000  0.000  0.000               3383090                274949           0           0       0.000       0.000      98.458        1921695990   1290      0     30          45   1290
     GPU 0  0.000  0.000  0.000  0.000  0.000  0.000  0.000  0.000               2127489                124396           0           0       0.000       0.000      98.458        1921695990   1290      0     30          45   1290
     GPU 0  0.000  0.000  0.000  0.000  0.000  0.000  0.000  0.000               2127489                124396           0           0       0.000       0.000      98.458        1921695990   1290      0     30          45   1290
     GPU 0  0.000  0.000  0.000  0.000  0.000  0.000  0.000  0.000               4885412               2284753           0           0       0.000       0.000      98.167        1921695990   1290      0     30          45   1290
     GPU 0  0.000  0.000  0.000  0.000  0.000  0.000  0.000  0.000               8484733               4512632           0           0       0.000       0.000      98.167        1921706004   1290      0     30          45   1290

# Entity  GRACT  SMACT  SMOCC  TENSO  DRAMA  FP64A  FP32A  FP16A                 PCITX                 PCIRX       GPUTL       MCUTL       MUSAM       GUSAM       POWER             TOTEC  SACLK  PSTAT  TMPTR       MMTMP  SMCLK
      Id                                                                                                                                                               W                mJ                    C           C       
     GPU 0  0.000  0.000  0.000  0.000  0.000  0.000  0.000  0.000               8484733               4512632           0           0       0.000       0.000      98.167        1921706004   1290      0     30          45   1290
     GPU 0  0.000  0.000  0.000  0.000  0.000  0.000  0.000  0.000               8484733               4512632           0           0       0.000       0.000      98.167        1921706004   1290      0     30          45   1290
     GPU 0  0.000  0.000  0.000  0.000  0.000  0.000  0.000  0.000              21073386              10973124           0           0       0.000       0.000      98.167        1921706004   1290      0     30          45   1290
     GPU 0  0.000  0.000  0.000  0.000  0.000  0.000  0.000  0.000              21073386              10973124           0           0       0.000       0.000      98.458        1921716032   1290      0     30          45   1290
     GPU 0  0.000  0.000  0.000  0.000  0.000  0.000  0.000  0.000               7818537               3957613           0           0       0.000       0.000      98.458        1921716032   1290      0     30          45   1290
     GPU 0  0.000  0.000  0.000  0.000  0.000  0.000  0.000  0.000               5950289               3855252           0           0       0.000       0.000      98.458        1921716032   1290      0     30          45   1290
     GPU 0  0.000  0.000  0.000  0.000  0.000  0.000  0.000  0.000              10465172               7158252           0           0       0.000       0.000      98.458        1921716032   1290      0     30          45   1290
     GPU 0  0.000  0.000  0.000  0.000  0.000  0.000  0.000  0.000              10465172               7158252           0           0       0.000       0.000      98.458        1921716032   1290      0     30          45   1290
