# Entity  GRACT  SMACT  SMOCC  TENSO  DRAMA  FP64A  FP32A  FP16A                 PCITX                 PCIRX       GPUTL       MCUTL       MUSAM       GUSAM       POWER             TOTEC  SACLK  PSTAT  TMPTR       MMTMP  SMCLK
      Id                                                                                                                                                               W                mJ                    C           C       
     GPU 0  0.000  0.000  0.000  0.000  0.000  0.000  0.000  0.000             109902690               9158557           0           0       0.000       0.000      77.020        7909567844    855      0     26          43    210
     GPU 0  0.000  0.000  0.000  0.000  0.000  0.000  0.000  0.000               8547587               4674852           0           0       0.000       0.000      77.020        7909567844    855      0     26          43    210
     GPU 0  0.000  0.000  0.000  0.000  0.000  0.000  0.000  0.000               8547587               4674852           0           0       0.000       0.000      77.020        7909567844    855      0     26          43    210
     GPU 0  0.000  0.000  0.000  0.000  0.000  0.000  0.000  0.000               8832898               6154512           0           0       0.000       0.000      77.020        7909567844    855      0     26          43    210
     GPU 0  0.000  0.000  0.000  0.000  0.000  0.000  0.000  0.000               4885428               2702482           0           0       0.000       0.000      77.020        7909567844    855      0     26          43    210
     GPU 0  0.000  0.000  0.000  0.000  0.000  0.000  0.000  0.000               7619594               4625634           0           0       0.000       0.000      78.632        7909575796    855      0     26          43    210
     GPU 0  0.000  0.000  0.000  0.000  0.000  0.000  0.000  0.000               7619594               4625634           0           0       0.000       0.000      78.632        7909575796    855      0     26          43    210
     GPU 0  0.000  0.000  0.000  0.000  0.000  0.000  0.000  0.000               3055726               1531562           0           0       0.000       0.000      78.632        7909575796    855      0     26          43    210
     GPU 0  0.000  0.000  0.000  0.000  0.000  0.000  0.000  0.000               3011877                273807           0           0       0.000       0.000      78.632        7909575796    855      0     26          43    210
     GPU 0  0.000  0.000  0.000  0.000  0.000  0.000  0.000  0.000               4688932               1946935           0           0       0.000       0.000      78.632        7909583725    855      0     26          43    210
     GPU 0  0.000  0.000  0.000  0.000  0.000  0.000  0.000  0.000               7652681               4052616           0           0       0.000       0.000      78.632        7909583725    855      0     26          43    210
     GPU 0  0.000  0.000  0.000  0.000  0.000  0.000  0.000  0.000               7652681               4052616           0           0       0.000       0.000      78.632        7909583725    855      0     26          43    210
     GPU 0  0.000  0.000  0.000  0.000  0.000  0.000  0.000  0.000               6345220               4757569           0           0       0.000       0.000      78.632        7909583725    855      0     26          43    210
     GPU 0  0.000  0.000  0.000  0.000  0.000  0.000  0.000  0.000               6045155               3554839           0           0       0.000       0.000      78.632        7909583725    855      0     26          43    210
     GPU 0  0.000  0.000  0.000  0.000  0.000  0.000  0.000  0.000               9513180               6393855           0           0       0.000       0.000      78.632        7909583725    855      0     26          43    210

# Entity  GRACT  SMACT  SMOCC  TENSO  DRAMA  FP64A  FP32A  FP16A                 PCITX                 PCIRX       GPUTL       MCUTL       MUSAM       GUSAM       POWER             TOTEC  SACLK  PSTAT  TMPTR       MMTMP  SMCLK
      Id                                                                                                                                                               W                mJ                    C           C       
     GPU 0  0.000  0.000  0.000  0.000  0.000  0.000  0.000  0.000               9513180               6393855           0           0       0.000       0.000      78.632        7909591649    855      0     26          43    210
     GPU 0  0.000  0.000  0.000  0.000  0.000  0.000  0.000  0.000               9497234               5174101           0           0       0.000       0.000      78.632        7909591649    855      0     26          43    210
     GPU 0  0.000  0.000  0.000  0.000  0.000  0.000  0.000  0.000               3760544                274593           0           0       0.000       0.000      78.632        7909591649    855      0     26          43    210
     GPU 0  0.000  0.000  0.000  0.000  0.000  0.000  0.000  0.000               8736761               4846229           0           0       0.000       0.000      78.632        7909591649    855      0     26          43    210
     GPU 0  0.000  0.000  0.000  0.000  0.000  0.000  0.000  0.000               8135194               4709795           0           0       0.000       0.000      78.632        7909599607    855      0     26          43    210
     GPU 0  0.000  0.000  0.000  0.000  0.000  0.000  0.000  0.000              10264456               6394940           0           0       0.000       0.000      78.632        7909599607    855      0     26          43    210
     GPU 0  0.000  0.000  0.000  0.000  0.000  0.000  0.000  0.000              10264456               6394940           0           0       0.000       0.000      78.632        7909599607    855      0     26          43    210
     GPU 0  0.000  0.000  0.000  0.000  0.000  0.000  0.000  0.000               9613713               8928238           0           0       0.000       0.000      78.632        7909599607    855      0     26          43    210
     GPU 0  0.000  0.000  0.000  0.000  0.000  0.000  0.000  0.000               1996672               3993344           0           0       0.000       0.000      78.632        7909599607    855      0     26          43    210
     GPU 0  0.000  0.000  0.000  0.000  0.000  0.000  0.000  0.000               1996672               3993344           0           0       0.000       0.000      78.632        7909607552    855      0     26          43    210
     GPU 0  0.000  0.000  0.000  0.000  0.000  0.000  0.000  0.000               1281646               2162779           0           0       0.000       0.000      78.632        7909607552    855      0     26          43    210
     GPU 0  0.000  0.000  0.000  0.000  0.000  0.000  0.000  0.000              11145883              19336225           0           0       0.000       0.000      78.632        7909607552    855      0     26          43    210
     GPU 0  0.000  0.000  0.000  0.000  0.000  0.000  0.000  0.000              11145883              19336225           0           0       0.000       0.000      78.632        7909607552    855      0     26          43    210
     GPU 0  0.000  0.000  0.000  0.000  0.000  0.000  0.000  0.000               9132180               7456551           0           0       0.000       0.000      78.632        7909607552    855      0     26          43    210

# Entity  GRACT  SMACT  SMOCC  TENSO  DRAMA  FP64A  FP32A  FP16A                 PCITX                 PCIRX       GPUTL       MCUTL       MUSAM       GUSAM       POWER             TOTEC  SACLK  PSTAT  TMPTR       MMTMP  SMCLK
      Id                                                                                                                                                               W                mJ                    C           C       
     GPU 0  0.000  0.000  0.000  0.000  0.000  0.000  0.000  0.000               9132180               7456551           0           0       0.000       0.000      78.632        7909607552    855      0     26          43    210
     GPU 0  0.000  0.000  0.000  0.000  0.000  0.000  0.000  0.000               9182139               6888206           0           0       0.000       0.000      78.632        7909615493    855      0     26          43    210
     GPU 0  0.000  0.000  0.000  0.000  0.000  0.000  0.000  0.000               7552528               4973616           0           0       0.000       0.000      78.632        7909615493    855      0     26          43    210
     GPU 0  0.000  0.000  0.000  0.000  0.000  0.000  0.000  0.000               4086702               2799111           0           0       0.000       0.000      78.632        7909615493    855      0     26          43    210
     GPU 0  0.000  0.000  0.000  0.000  0.000  0.000  0.000  0.000               6859748               5144811           0           0       0.000       0.000      78.632        7909615493    855      0     26          43    210
     GPU 0  0.000  0.000  0.000  0.000  0.000  0.000  0.000  0.000               6859748               5144811           0           0       0.000       0.000      78.632        7909615493    855      0     26          43    210
     GPU 0  0.000  0.000  0.000  0.000  0.000  0.000  0.000  0.000               9736460               5841876           0           0       0.000       0.000      78.632        7909623463    855      0     26          43    210
     GPU 0  0.000  0.000  0.000  0.000  0.000  0.000  0.000  0.000               4615479               3186878           0           0       0.000       0.000      78.632        7909623463    855      0     26          43    210
     GPU 0  0.000  0.000  0.000  0.000  0.000  0.000  0.000  0.000               4615479               3186878           0           0       0.000       0.000      78.632        7909623463    855      0     26          43    210
     GPU 0  0.000  0.000  0.000  0.000  0.000  0.000  0.000  0.000               4615479               3186878           0           0       0.000       0.000      78.632        7909623463    855      0     26          43    210
     GPU 0  0.000  0.000  0.000  0.000  0.000  0.000  0.000  0.000               4615479               3186878           0           0       0.000       0.000      78.632        7909631382    855      0     26          43    210
     GPU 0  0.000  0.000  0.000  0.000  0.000  0.000  0.000  0.000               9897357               6859817           0           0       0.000       0.000      78.632        7909631382    855      0     26          43    210
     GPU 0  0.000  0.000  0.000  0.000  0.000  0.000  0.000  0.000               9177788              14995851           0           0       0.000       0.000      78.632        7909631382    855      0     26          43    210
     GPU 0  0.000  0.000  0.000  0.000  0.000  0.000  0.000  0.000               9177788              14995851           0           0       0.000       0.000      78.632        7909631382    855      0     26          43    210

# Entity  GRACT  SMACT  SMOCC  TENSO  DRAMA  FP64A  FP32A  FP16A                 PCITX                 PCIRX       GPUTL       MCUTL       MUSAM       GUSAM       POWER             TOTEC  SACLK  PSTAT  TMPTR       MMTMP  SMCLK
      Id                                                                                                                                                               W                mJ                    C           C       
     GPU 0  0.000  0.000  0.000  0.000  0.000  0.000  0.000  0.000               5914633              21492611           0           0       0.000       0.000      78.632        7909631382    855      0     26          43    210
     GPU 0  0.000  0.000  0.000  0.000  0.000  0.000  0.000  0.000               5439188              19078998           0           0       0.000       0.000      78.632        7909639337    855      0     26          43    210
     GPU 0  0.000  0.000  0.000  0.000  0.000  0.000  0.000  0.000               5745361              20400197           0           0       0.000       0.000      78.632        7909639337    855      0     26          43    210
     GPU 0  0.165  0.000  0.000  0.000  0.000  0.000  0.000  0.000              48039324             312781563           0           0       0.000       0.000      78.632        7909639337    855      0     27          43    855
     GPU 0  0.018  0.000  0.000  0.000  0.001  0.000  0.000  0.000             220309283            1911477834           0           0       0.000       0.000      78.632        7909639337    855      0     27          43    855
     GPU 0  0.018  0.000  0.000  0.000  0.001  0.000  0.000  0.000             220309283            1911477834           0           0       0.000       0.000      78.632        7909639337    855      0     27          43    855
     GPU 0  0.500  0.000  0.000  0.000  0.000  0.000  0.000  0.000               7757171               9635831           0           0       0.000       0.000      78.632        7909639337    855      0     27          43    855
     GPU 0  1.000  0.948  0.767  0.000  0.001  0.000  0.629  0.000               9138697               6536440           0           0       0.000      29.000     141.703        7909648982    855      0     28          43    855
     GPU 0  1.000  0.000  0.000  0.000  0.001  0.000  0.000  0.000               8121583               5216997          30           0       0.000      29.000     141.703        7909648982    855      0     28          43    855
     GPU 0  1.000  0.947  0.737  0.000  0.001  0.000  0.626  0.000               8849601               6207520          30           0       0.000      29.000     141.703        7909648982    855      0     29          43    855
     GPU 0  1.000  0.941  0.760  0.000  0.001  0.000  0.624  0.000               8427865               5924751          30           0       0.000      29.000     141.703        7909648982    855      0     29          43    855
     GPU 0  1.000  0.000  0.000  0.000  0.001  0.000  0.000  0.000               9446361               7205852          30           0       0.000      29.000     152.797        7909648982    855      0     29          43    855
     GPU 0  1.000  0.000  0.000  0.000  0.001  0.000  0.000  0.000               9446361               7205852          30           0       0.000      29.000     152.797        7909664442    855      0     30          43    855
     GPU 0  1.000  0.940  0.737  0.000  0.001  0.000  0.620  0.000              11053471               7177929          30           0       0.000      29.000     152.797        7909664442    855      0     30          43    855

# Entity  GRACT  SMACT  SMOCC  TENSO  DRAMA  FP64A  FP32A  FP16A                 PCITX                 PCIRX       GPUTL       MCUTL       MUSAM       GUSAM       POWER             TOTEC  SACLK  PSTAT  TMPTR       MMTMP  SMCLK
      Id                                                                                                                                                               W                mJ                    C           C       
     GPU 0  1.000  0.942  0.755  0.000  0.001  0.000  0.605  0.000               8387549               5378772          30           0       0.000      29.000     152.797        7909664442    855      0     30          43    855
     GPU 0  1.000  0.000  0.000  0.000  0.001  0.000  0.000  0.000               3153414                694312          30           0       0.000      29.000     152.797        7909664442    855      0     30          43    855
     GPU 0  1.000  0.953  0.760  0.000  0.001  0.000  0.608  0.000               2050526               1276739          30           0       0.000      29.000     152.797        7909664442    855      0     30          43    855
     GPU 0  1.000  0.953  0.760  0.000  0.001  0.000  0.608  0.000               2050526               1276739          30           0       0.000      29.000     153.087        7909679747    855      0     30          43    855
     GPU 0  1.000  0.910  0.677  0.000  0.001  0.000  0.594  0.000               3290070               1334077         100           0       0.000      99.000     153.087        7909679747    855      0     30          43    855
     GPU 0  1.000  0.000  0.000  0.000  0.001  0.000  0.000  0.000               4315676               2822673         100           0       0.000      99.000     153.087        7909679747    855      0     31          43    855
     GPU 0  1.000  0.944  0.760  0.000  0.001  0.000  0.620  0.000               6538387               4290238         100           0       0.000      99.000     153.087        7909679747    855      0     31          43    855
     GPU 0  1.000  0.942  0.729  0.000  0.001  0.000  0.619  0.000               7152634               4784342         100           0       0.000      99.000     153.087        7909679747    855      0     31          43    855
     GPU 0  1.000  0.000  0.000  0.000  0.001  0.000  0.000  0.000              10462560               7339596         100           0       0.000      99.000     153.329        7909695479    855      0     31          43    855
     GPU 0  1.000  0.000  0.000  0.000  0.001  0.000  0.000  0.000              10462560               7339596         100           0       0.000      99.000     153.329        7909695479    855      0     31          43    855
     GPU 0  1.000  0.940  0.727  0.000  0.001  0.000  0.617  0.000               5865482               4818194         100           0       0.000      99.000     153.329        7909695479    855      0     31          43    855
     GPU 0  1.000  0.942  0.719  0.000  0.001  0.000  0.618  0.000              12588728               9785664         100           0       0.000      99.000     153.329        7909695479    855      0     31          43    855
     GPU 0  1.000  0.000  0.000  0.000  0.001  0.000  0.000  0.000               3345888               1119332         100           0       0.000      99.000     153.329        7909695479    855      0     31          44    855
     GPU 0  1.000  0.947  0.757  0.000  0.001  0.000  0.628  0.000               3098829               1555513         100           0       0.000      99.000     153.329        7909710703    855      0     31          43    855

# Entity  GRACT  SMACT  SMOCC  TENSO  DRAMA  FP64A  FP32A  FP16A                 PCITX                 PCIRX       GPUTL       MCUTL       MUSAM       GUSAM       POWER             TOTEC  SACLK  PSTAT  TMPTR       MMTMP  SMCLK
      Id                                                                                                                                                               W                mJ                    C           C       
     GPU 0  1.000  0.947  0.757  0.000  0.001  0.000  0.628  0.000               3098829               1555513         100           0       0.000      99.000     153.329        7909710703    855      0     31          44    855
     GPU 0  1.000  0.952  0.814  0.000  0.001  0.000  0.639  0.000               2176916                827123         100           0       0.000      99.000     153.329        7909710703    855      0     31          43    855
     GPU 0  1.000  0.000  0.000  0.000  0.001  0.000  0.000  0.000               4511986               2764286         100           0       0.000      99.000     153.329        7909710703    855      0     31          44    855
     GPU 0  1.000  0.935  0.747  0.000  0.001  0.000  0.619  0.000               6641840               4546539         100           0       0.000      99.000     153.329        7909710703    855      0     31          43    855
     GPU 0  1.000  0.935  0.753  0.000  0.001  0.000  0.618  0.000               9014530               6189546         100           0       0.000      99.000     152.797        7909726172    855      0     31          44    855
     GPU 0  1.000  0.000  0.000  0.000  0.001  0.000  0.000  0.000               7958421               6408572         100           0       0.000      99.000     152.797        7909726172    855      0     31          44    855
     GPU 0  1.000  0.000  0.000  0.000  0.001  0.000  0.000  0.000               7958421               6408572         100           0       0.000      99.000     152.797        7909726172    855      0     31          44    855
     GPU 0  1.000  0.944  0.730  0.000  0.001  0.000  0.621  0.000               4354009               3768023         100           0       0.000      99.000     152.797        7909726172    855      0     31          43    855
     GPU 0  1.000  0.944  0.733  0.000  0.001  0.000  0.616  0.000               3593710               3022066         100           0       0.000      99.000     152.797        7909726172    855      0     31          43    855
     GPU 0  1.000  0.000  0.000  0.000  0.001  0.000  0.000  0.000               3993269               3700877         100           0       0.000      99.000     153.868        7909741637    855      0     31          43    855
     GPU 0  1.000  0.947  0.763  0.000  0.001  0.000  0.601  0.000               2218591               1242014         100           0       0.000      99.000     153.868        7909741637    855      0     31          43    855
     GPU 0  1.000  0.947  0.763  0.000  0.001  0.000  0.601  0.000               2218591               1242014         100           0       0.000      99.000     153.868        7909741637    855      0     32          43    855
     GPU 0  1.000  0.936  0.755  0.000  0.001  0.000  0.609  0.000               4458481               2728793         100           0       0.000      99.000     153.868        7909741637    855      0     32          43    855
     GPU 0  1.000  0.000  0.000  0.000  0.001  0.000  0.000  0.000               5067746               3046545         100           0       0.000      99.000     153.868        7909741637    855      0     32          43    855

# Entity  GRACT  SMACT  SMOCC  TENSO  DRAMA  FP64A  FP32A  FP16A                 PCITX                 PCIRX       GPUTL       MCUTL       MUSAM       GUSAM       POWER             TOTEC  SACLK  PSTAT  TMPTR       MMTMP  SMCLK
      Id                                                                                                                                                               W                mJ                    C           C       
     GPU 0  1.000  0.944  0.759  0.000  0.001  0.000  0.618  0.000               7834791               5215618         100           0       0.000      99.000     152.797        7909757198    855      0     32          43    855
     GPU 0  1.000  0.948  0.765  0.000  0.001  0.000  0.629  0.000              10067891               6671748         100           0       0.000      99.000     152.797        7909757198    855      0     32          43    855
     GPU 0  1.000  0.948  0.765  0.000  0.001  0.000  0.629  0.000              10067891               6671748         100           0       0.000      99.000     152.797        7909757198    855      0     32          43    855
     GPU 0  1.000  0.000  0.000  0.000  0.001  0.000  0.000  0.000              11210935               8099356         100           0       0.000      99.000     152.797        7909757198    855      0     32          43    855
     GPU 0  1.000  0.942  0.757  0.000  0.001  0.000  0.624  0.000               6799337               5656631         100           0       0.000      99.000     152.797        7909757198    855      0     32          43    855
     GPU 0  1.000  0.907  0.688  0.000  0.001  0.000  0.588  0.000               3348303               2533083         100           0       0.000      99.000     153.868        7909772619    855      0     32          43    855
     GPU 0  1.000  0.000  0.000  0.000  0.001  0.000  0.000  0.000               2175995                948529         100           0       0.000      99.000     153.868        7909772619    855      0     32          43    855
     GPU 0  1.000  0.000  0.000  0.000  0.001  0.000  0.000  0.000               2175995                948529         100           0       0.000      99.000     153.868        7909772619    855      0     32          44    855
     GPU 0  1.000  0.935  0.739  0.000  0.001  0.000  0.616  0.000               4528874               3046767         100           0       0.000      99.000     153.868        7909772619    855      0     32          44    855
     GPU 0  1.000  0.932  0.766  0.000  0.001  0.000  0.618  0.000               6561205               4495561         100           0       0.000      99.000     153.868        7909772619    855      0     32          44    855
     GPU 0  1.000  0.000  0.000  0.000  0.001  0.000  0.000  0.000               8070554               5548997         100           0       0.000      99.000     153.087        7909788151    855      0     32          44    855
     GPU 0  1.000  0.939  0.740  0.000  0.001  0.000  0.620  0.000              10486090               6448420         100           0       0.000      99.000     153.087        7909788151    855      0     32          44    855
     GPU 0  1.000  0.932  0.737  0.000  0.001  0.000  0.612  0.000               8539908               6112376         100           0       0.000      99.000     153.087        7909788151    855      0     32          44    855
     GPU 0  1.000  0.932  0.737  0.000  0.001  0.000  0.612  0.000               8539908               6112376         100           0       0.000      99.000     153.087        7909788151    855      0     32          43    855

# Entity  GRACT  SMACT  SMOCC  TENSO  DRAMA  FP64A  FP32A  FP16A                 PCITX                 PCIRX       GPUTL       MCUTL       MUSAM       GUSAM       POWER             TOTEC  SACLK  PSTAT  TMPTR       MMTMP  SMCLK
      Id                                                                                                                                                               W                mJ                    C           C       
     GPU 0  1.000  0.000  0.000  0.000  0.001  0.000  0.000  0.000              10951679               7905438         100           0       0.000      99.000     153.087        7909788151    855      0     32          44    855
     GPU 0  1.000  0.950  0.747  0.000  0.001  0.000  0.628  0.000               7581483               5938328         100           0       0.000      99.000     153.868        7909803682    855      0     32          44    855
     GPU 0  1.000  0.940  0.738  0.000  0.001  0.000  0.614  0.000              10198875               7523956         100           0       0.000      99.000     153.868        7909803682    855      0     32          44    855
     GPU 0  1.000  0.000  0.000  0.000  0.001  0.000  0.000  0.000               9529355               7251723         100           0       0.000      99.000     153.868        7909803682    855      0     32          44    855
     GPU 0  1.000  0.942  0.756  0.000  0.001  0.000  0.616  0.000               4329112               4203356         100           0       0.000      99.000     153.868        7909803682    855      0     32          44    855
     GPU 0  1.000  0.942  0.756  0.000  0.001  0.000  0.616  0.000               4329112               4203356         100           0       0.000      99.000     153.868        7909803682    855      0     32          44    855
     GPU 0  1.000  0.936  0.723  0.000  0.001  0.000  0.575  0.000               2298427               1395067         100           0       0.000      99.000     153.329        7909819276    855      0     32          44    855
     GPU 0  1.000  0.000  0.000  0.000  0.001  0.000  0.000  0.000               1089804                838310         100           0       0.000      99.000     153.329        7909819276    855      0     32          44    855
     GPU 0  1.000  0.939  0.740  0.000  0.001  0.000  0.619  0.000               7016852               5414140         100           0       0.000      99.000     153.329        7909819276    855      0     32          44    855
     GPU 0  1.000  0.000  0.000  0.000  0.001  0.000  0.000  0.000               3383423               1159858         100           0       0.000      99.000     153.329        7909819276    855      0     32          44    855
     GPU 0  1.000  0.948  0.769  0.000  0.001  0.000  0.629  0.000               3148767               1159408         100           0       0.000      99.000     153.329        7909819276    855      0     32          44    855
     GPU 0  1.000  0.948  0.769  0.000  0.001  0.000  0.629  0.000               3148767               1159408         100           0       0.000      99.000     153.619        7909834790    855      0     32          44    855
     GPU 0  1.000  0.949  0.774  0.000  0.001  0.000  0.631  0.000               6160783               3885378         100           0       0.000      99.000     153.619        7909834790    855      0     32          44    855
     GPU 0  1.000  0.000  0.000  0.000  0.001  0.000  0.000  0.000              10971846               8169314         100           0       0.000      99.000     153.619        7909834790    855      0     32          44    855

# Entity  GRACT  SMACT  SMOCC  TENSO  DRAMA  FP64A  FP32A  FP16A                 PCITX                 PCIRX       GPUTL       MCUTL       MUSAM       GUSAM       POWER             TOTEC  SACLK  PSTAT  TMPTR       MMTMP  SMCLK
      Id                                                                                                                                                               W                mJ                    C           C       
     GPU 0  1.000  0.944  0.764  0.000  0.001  0.000  0.626  0.000               6090395               5042100         100           0       0.000      99.000     153.619        7909834790    855      0     32          44    855
     GPU 0  1.000  0.944  0.764  0.000  0.001  0.000  0.626  0.000               6090395               5042100         100           0       0.000      99.000     153.619        7909834790    855      0     32          44    855
     GPU 0  1.000  0.940  0.734  0.000  0.001  0.000  0.618  0.000               9277152               7059402         100           0       0.000      99.000     154.158        7909850307    855      0     32          44    855
     GPU 0  1.000  0.000  0.000  0.000  0.001  0.000  0.000  0.000               8307695               6405574         100           0       0.000      99.000     154.158        7909850307    855      0     32          44    855
     GPU 0  1.000  0.953  0.742  0.000  0.001  0.000  0.630  0.000               3490781               1577813         100           0       0.000      99.000     154.158        7909850307    855      0     32          44    855
     GPU 0  1.000  0.000  0.000  0.000  0.001  0.000  0.000  0.000               1005231               1005231         100           0       0.000      99.000     154.158        7909850307    855      0     32          44    855
     GPU 0  1.000  0.934  0.732  0.000  0.001  0.000  0.613  0.000               8708530               6326869         100           0       0.000      99.000     154.158        7909850307    855      0     32          44    855
     GPU 0  1.000  0.949  0.752  0.000  0.001  0.000  0.629  0.000              10847754               8226832         100           0       0.000      99.000     153.868        7909865824    855      0     32          44    855
     GPU 0  1.000  0.949  0.752  0.000  0.001  0.000  0.629  0.000              10847754               8226832         100           0       0.000      99.000     153.868        7909865824    855      0     32          44    855
     GPU 0  1.000  0.000  0.000  0.000  0.001  0.000  0.000  0.000               9759899               7288246         100           0       0.000      99.000     153.868        7909865824    855      0     32          44    855
     GPU 0  1.000  0.944  0.753  0.000  0.001  0.000  0.626  0.000               3703798               3327830         100           0       0.000      99.000     153.868        7909865824    855      0     32          44    855
     GPU 0  1.000  0.928  0.701  0.000  0.001  0.000  0.602  0.000               2162763               1313634         100           0       0.000      99.000     153.868        7909865824    855      0     32          44    855
     GPU 0  1.000  0.000  0.000  0.000  0.001  0.000  0.000  0.000               6202326               2514740         100           0       0.000      99.000     153.619        7909881653    855      0     32          44    855
     GPU 0  1.000  0.000  0.000  0.000  0.001  0.000  0.000  0.000               6202326               2514740         100           0       0.000      99.000     153.619        7909881653    855      0     32          44    855

# Entity  GRACT  SMACT  SMOCC  TENSO  DRAMA  FP64A  FP32A  FP16A                 PCITX                 PCIRX       GPUTL       MCUTL       MUSAM       GUSAM       POWER             TOTEC  SACLK  PSTAT  TMPTR       MMTMP  SMCLK
      Id                                                                                                                                                               W                mJ                    C           C       
     GPU 0  1.000  0.950  0.762  0.000  0.001  0.000  0.631  0.000               7820035               4681592         100           0       0.000      99.000     153.619        7909881653    855      0     32          44    855
     GPU 0  1.000  0.938  0.727  0.000  0.001  0.000  0.616  0.000               7767389               5370346         100           0       0.000      99.000     153.619        7909881653    855      0     32          44    855
     GPU 0  1.000  0.000  0.000  0.000  0.001  0.000  0.000  0.000               6445650               5021201         100           0       0.000      99.000     153.619        7909881653    855      0     32          44    855
     GPU 0  1.000  0.000  0.000  0.000  0.001  0.000  0.000  0.000               6445650               5021201         100           0       0.000      99.000     153.619        7909896973    855      0     32          44    855
     GPU 0  1.000  0.946  0.766  0.000  0.001  0.000  0.627  0.000               6517916               5264350         100           0       0.000      99.000     153.329        7909896973    855      0     33          44    855
     GPU 0  1.000  0.946  0.755  0.000  0.001  0.000  0.621  0.000               6057007               4312985         100           0       0.000      99.000     153.329        7909896973    855      0     33          44    855
     GPU 0  1.000  0.000  0.000  0.000  0.001  0.000  0.000  0.000               1088737                921239         100           0       0.000      99.000     153.329        7909896973    855      0     33          44    855
     GPU 0  1.000  0.930  0.741  0.000  0.001  0.000  0.614  0.000               8899217               5791483         100           0       0.000      99.000     153.329        7909896973    855      0     33          44    855
     GPU 0  1.000  0.000  0.000  0.000  0.001  0.000  0.000  0.000               3380992               1117389         100           0       0.000      99.000     153.619        7909912414    855      0     33          44    855
     GPU 0  1.000  0.941  0.736  0.000  0.001  0.000  0.620  0.000               6403765               3388244         100           0       0.000      99.000     153.619        7909912414    855      0     33          44    855
     GPU 0  1.000  0.941  0.736  0.000  0.001  0.000  0.620  0.000               6403765               3388244         100           0       0.000      99.000     153.619        7909912414    855      0     33          44    855
     GPU 0  1.000  0.934  0.756  0.000  0.001  0.000  0.617  0.000               6629608               4418124         100           0       0.000      99.000     153.619        7909912414    855      0     33          44    855
     GPU 0  1.000  0.000  0.000  0.000  0.001  0.000  0.000  0.000               6679076               5322783         100           0       0.000      99.000     153.619        7909912414    855      0     33          44    855
     GPU 0  1.000  0.936  0.733  0.000  0.001  0.000  0.615  0.000               8284745               6197929         100           0       0.000      99.000     153.868        7909927940    855      0     33          44    855

# Entity  GRACT  SMACT  SMOCC  TENSO  DRAMA  FP64A  FP32A  FP16A                 PCITX                 PCIRX       GPUTL       MCUTL       MUSAM       GUSAM       POWER             TOTEC  SACLK  PSTAT  TMPTR       MMTMP  SMCLK
      Id                                                                                                                                                               W                mJ                    C           C       
     GPU 0  1.000  0.936  0.733  0.000  0.001  0.000  0.615  0.000               8284745               6197929         100           0       0.000      99.000     153.868        7909927940    855      0     33          44    855
     GPU 0  1.000  0.945  0.766  0.000  0.001  0.000  0.628  0.000               8247054               5395946         100           0       0.000      99.000     153.868        7909927940    855      0     33          44    855
     GPU 0  1.000  0.000  0.000  0.000  0.001  0.000  0.000  0.000               6473070               5044824         100           0       0.000      99.000     153.868        7909927940    855      0     33          44    855
     GPU 0  1.000  0.926  0.722  0.000  0.001  0.000  0.607  0.000               4082435               1285069         100           0       0.000      99.000     153.868        7909927940    855      0     33          44    855
     GPU 0  1.000  0.935  0.780  0.000  0.001  0.000  0.609  0.000               3385882               1202199         100           0       0.000      99.000     154.158        7909943463    855      0     33          44    855
     GPU 0  1.000  0.000  0.000  0.000  0.001  0.000  0.000  0.000               6276367               3189063         100           0       0.000      99.000     154.158        7909943463    855      0     33          44    855
     GPU 0  1.000  0.000  0.000  0.000  0.001  0.000  0.000  0.000               6276367               3189063         100           0       0.000      99.000     154.158        7909943463    855      0     33          44    855
     GPU 0  1.000  0.944  0.760  0.000  0.001  0.000  0.626  0.000               6695106               3519948         100           0       0.000      99.000     154.158        7909943463    855      0     33          44    855
     GPU 0  1.000  0.941  0.750  0.000  0.001  0.000  0.620  0.000               5516699               3886901         100           0       0.000      99.000     154.158        7909943463    855      0     33          44    855
     GPU 0  1.000  0.000  0.000  0.000  0.001  0.000  0.000  0.000               7135641               5576017         100           0       0.000      99.000     154.158        7909958981    855      0     33          44    855
     GPU 0  1.000  0.000  0.000  0.000  0.001  0.000  0.000  0.000               7135641               5576017         100           0       0.000      99.000     153.868        7909958981    855      0     33          44    855
     GPU 0  1.000  0.935  0.728  0.000  0.001  0.000  0.596  0.000               8251028               5489449         100           0       0.000      99.000     153.868        7909958981    855      0     33          44    855
     GPU 0  1.000  0.949  0.774  0.000  0.001  0.000  0.630  0.000               6323376               5150851         100           0       0.000      99.000     153.868        7909958981    855      0     33          44    855
     GPU 0  1.000  0.000  0.000  0.000  0.001  0.000  0.000  0.000               1171842                920733         100           0       0.000      99.000     153.868        7909958981    855      0     33          44    855

# Entity  GRACT  SMACT  SMOCC  TENSO  DRAMA  FP64A  FP32A  FP16A                 PCITX                 PCIRX       GPUTL       MCUTL       MUSAM       GUSAM       POWER             TOTEC  SACLK  PSTAT  TMPTR       MMTMP  SMCLK
      Id                                                                                                                                                               W                mJ                    C           C       
     GPU 0  1.000  0.947  0.764  0.000  0.001  0.000  0.630  0.000               8781634               6462894         100           0       0.000      99.000     154.691        7909974515    855      0     33          44    855
     GPU 0  1.000  0.000  0.000  0.000  0.001  0.000  0.000  0.000              11499667               7398255         100           0       0.000      99.000     154.691        7909974515    855      0     33          44    855
     GPU 0  1.000  0.952  0.773  0.000  0.001  0.000  0.631  0.000               1171842                920733         100           0       0.000      99.000     154.691        7909974515    855      0     33          44    855
     GPU 0  1.000  0.000  0.000  0.000  0.001  0.000  0.000  0.000               6900806               5604420         100           0       0.000      99.000     154.691        7909974515    855      0     33          44    855
     GPU 0  1.000  0.000  0.000  0.000  0.001  0.000  0.000  0.000               6900806               5604420         100           0       0.000      99.000     154.691        7909974515    855      0     33          44    855
     GPU 0  1.000  0.944  0.750  0.000  0.001  0.000  0.626  0.000               6931966               4939900         100           0       0.000      99.000     154.691        7909990096    855      0     33          44    855
     GPU 0  1.000  0.000  0.000  0.000  0.001  0.000  0.000  0.000               3347700               2594467         100           0       0.000      99.000     153.619        7909990096    855      0     33          44    855
     GPU 0  1.000  0.949  0.763  0.000  0.001  0.000  0.603  0.000               8935371               6951349         100           0       0.000      99.000     153.619        7909990096    855      0     33          44    855
     GPU 0  1.000  0.944  0.751  0.000  0.001  0.000  0.603  0.000               9272666               7125746         100           0       0.000      99.000     153.619        7909990096    855      0     33          44    855
     GPU 0  1.000  0.000  0.000  0.000  0.001  0.000  0.000  0.000               6699310               4982516         100           0       0.000      99.000     153.619        7909990096    855      0     33          44    855
     GPU 0  1.000  0.940  0.754  0.000  0.001  0.000  0.595  0.000               3423753               1410111         100           0       0.000      99.000     153.329        7910005664    855      0     33          44    855
     GPU 0  1.000  0.940  0.754  0.000  0.001  0.000  0.595  0.000               3423753               1410111         100           0       0.000      99.000     153.329        7910005664    855      0     33          44    855
     GPU 0  1.000  0.904  0.790  0.000  0.001  0.000  0.591  0.000               6084979               2988359         100           0       0.000      99.000     153.329        7910005664    855      0     33          44    855
     GPU 0  1.000  0.000  0.000  0.000  0.001  0.000  0.000  0.000               7481233               4497056         100           0       0.000      99.000     153.329        7910005664    855      0     33          44    855

# Entity  GRACT  SMACT  SMOCC  TENSO  DRAMA  FP64A  FP32A  FP16A                 PCITX                 PCIRX       GPUTL       MCUTL       MUSAM       GUSAM       POWER             TOTEC  SACLK  PSTAT  TMPTR       MMTMP  SMCLK
      Id                                                                                                                                                               W                mJ                    C           C       
     GPU 0  1.000  0.947  0.769  0.000  0.001  0.000  0.628  0.000               6913983               4751770         100           0       0.000      99.000     153.329        7910005664    855      0     33          44    855
     GPU 0  1.000  0.949  0.766  0.000  0.001  0.000  0.629  0.000               9061157               6520020         100           0       0.000      99.000     154.400        7910021204    855      0     33          44    855
     GPU 0  1.000  0.949  0.766  0.000  0.001  0.000  0.629  0.000               9061157               6520020         100           0       0.000      99.000     154.400        7910021204    855      0     33          44    855
     GPU 0  1.000  0.000  0.000  0.000  0.001  0.000  0.000  0.000              12522022               7952038         100           0       0.000      99.000     154.400        7910021204    855      0     33          44    855
     GPU 0  1.000  0.946  0.764  0.000  0.001  0.000  0.628  0.000               4520188               3993084         100           0       0.000      99.000     154.400        7910021204    855      0     33          44    855
     GPU 0  1.000  0.920  0.671  0.000  0.001  0.000  0.597  0.000               3380210               1116982         100           0       0.000      99.000     154.400        7910021204    855      0     33          44    855
     GPU 0  1.000  0.000  0.000  0.000  0.001  0.000  0.000  0.000               7119243               4950099         100           0       0.000      99.000     153.868        7910036768    855      0     33          44    855
     GPU 0  1.000  0.911  0.719  0.000  0.002  0.000  0.512  0.000               3716769               2067562         100           0       0.000      99.000     153.868        7910036768    855      0     33          44    855
     GPU 0  1.000  0.000  0.000  0.000  0.001  0.000  0.000  0.000               8262198               5189063         100           0       0.000      99.000     153.868        7910036768    855      0     33          44    855
     GPU 0  1.000  0.000  0.000  0.000  0.001  0.000  0.000  0.000               8262198               5189063         100           0       0.000      99.000     153.868        7910036768    855      0     33          44    855
     GPU 0  1.000  0.945  0.760  0.000  0.001  0.000  0.624  0.000               4362781               4196448         100           0       0.000      99.000     153.868        7910036768    855      0     33          44    855
     GPU 0  1.000  0.000  0.000  0.000  0.001  0.000  0.000  0.000               3507341               1517860         100           0       0.000      99.000     153.619        7910052314    855      0     33          44    855
     GPU 0  1.000  0.936  0.757  0.000  0.001  0.000  0.621  0.000               1422222                920261         100           0       0.000      99.000     153.619        7910052314    855      0     33          44    855
     GPU 0  1.000  0.000  0.000  0.000  0.001  0.000  0.000  0.000               5430425               4289842         100           0       0.000      99.000     153.619        7910052314    855      0     33          44    855

# Entity  GRACT  SMACT  SMOCC  TENSO  DRAMA  FP64A  FP32A  FP16A                 PCITX                 PCIRX       GPUTL       MCUTL       MUSAM       GUSAM       POWER             TOTEC  SACLK  PSTAT  TMPTR       MMTMP  SMCLK
      Id                                                                                                                                                               W                mJ                    C           C       
     GPU 0  1.000  0.935  0.758  0.000  0.001  0.000  0.618  0.000               7014104               4846791         100           0       0.000      99.000     153.619        7910052314    855      0     33          44    855
     GPU 0  1.000  0.935  0.758  0.000  0.001  0.000  0.618  0.000               7014104               4846791         100           0       0.000      99.000     153.619        7910052314    855      0     33          44    855
     GPU 0  1.000  0.942  0.744  0.000  0.001  0.000  0.624  0.000               9045162               6894181         100           0       0.000      99.000     153.619        7910067947    855      0     33          44    855
     GPU 0  1.000  0.000  0.000  0.000  0.001  0.000  0.000  0.000               6263548               4673505         100           0       0.000      99.000     153.619        7910067947    855      0     33          44    855
     GPU 0  1.000  0.947  0.763  0.000  0.001  0.000  0.603  0.000               1255860               1255860         100           0       0.000      99.000     153.619        7910067947    855      0     33          44    855
     GPU 0  1.000  0.947  0.763  0.000  0.001  0.000  0.603  0.000               1255860               1255860         100           0       0.000      99.000     153.619        7910067947    855      0     33          44    855
     GPU 0  1.000  0.000  0.000  0.000  0.001  0.000  0.000  0.000               8400309               6265487         100           0       0.000      99.000     153.619        7910067947    855      0     33          44    855
     GPU 0  1.000  0.931  0.728  0.000  0.001  0.000  0.610  0.000               7197466               6025795         100           0       0.000      99.000     153.329        7910083440    855      0     33          44    855
     GPU 0  1.000  0.000  0.000  0.000  0.002  0.000  0.000  0.000               1507166               1507166         100           0       0.000      99.000     153.329        7910083440    855      0     33          44    855
     GPU 0  1.000  0.945  0.764  0.000  0.001  0.000  0.626  0.000               3661953               3327978         100           0       0.000      99.000     153.329        7910083440    855      0     33          44    855
     GPU 0  1.000  0.922  0.723  0.000  0.001  0.000  0.597  0.000               4414586               2744227         100           0       0.000      99.000     153.329        7910083440    855      0     33          44    855
     GPU 0  1.000  0.000  0.000  0.000  0.001  0.000  0.000  0.000               6152123               4210150         100           0       0.000      99.000     153.329        7910083440    855      0     33          44    855
     GPU 0  1.000  0.000  0.000  0.000  0.001  0.000  0.000  0.000               6152123               4210150         100           0       0.000      99.000     154.400        7910099011    855      0     33          44    855
     GPU 0  1.000  0.942  0.750  0.000  0.001  0.000  0.623  0.000               8614512               5309155         100           0       0.000      99.000     154.400        7910099011    855      0     33          44    855

# Entity  GRACT  SMACT  SMOCC  TENSO  DRAMA  FP64A  FP32A  FP16A                 PCITX                 PCIRX       GPUTL       MCUTL       MUSAM       GUSAM       POWER             TOTEC  SACLK  PSTAT  TMPTR       MMTMP  SMCLK
      Id                                                                                                                                                               W                mJ                    C           C       
     GPU 0  1.000  0.939  0.739  0.000  0.001  0.000  0.615  0.000               9469517               5852288         100           0       0.000      99.000     154.400        7910099011    855      0     33          44    855
     GPU 0  1.000  0.939  0.739  0.000  0.001  0.000  0.615  0.000               9469517               5852288         100           0       0.000      99.000     154.400        7910099011    855      0     33          44    855
     GPU 0  1.000  0.000  0.000  0.000  0.001  0.000  0.000  0.000               7065417               4670695         100           0       0.000      99.000     154.400        7910099011    855      0     33          44    855
     GPU 0  1.000  0.944  0.731  0.000  0.001  0.000  0.620  0.000               4320089               4028179         100           0       0.000      99.000     154.158        7910114548    855      0     33          44    855
     GPU 0  1.000  0.000  0.000  0.000  0.001  0.000  0.000  0.000               1423517               1004835         100           0       0.000      99.000     154.158        7910114548    855      0     33          44    855
     GPU 0  1.000  0.945  0.735  0.000  0.002  0.000  0.624  0.000               4409431               3193194         100           0       0.000      99.000     154.158        7910114548    855      0     33          44    855
     GPU 0  1.000  0.953  0.758  0.000  0.001  0.000  0.640  0.000               4481544               2499779         100           0       0.000      99.000     154.158        7910114548    855      0     33          44    855
     GPU 0  1.000  0.953  0.758  0.000  0.001  0.000  0.640  0.000               4481544               2499779         100           0       0.000      99.000     154.158        7910114548    855      0     33          44    855
     GPU 0  1.000  0.000  0.000  0.000  0.001  0.000  0.000  0.000               5870843               4069466         100           0       0.000      99.000     154.158        7910130073    855      0     33          44    855
     GPU 0  1.000  0.949  0.776  0.000  0.001  0.000  0.631  0.000              13842447               9232826         100           0       0.000      99.000     153.868        7910130073    855      0     33          44    855
     GPU 0  1.000  0.938  0.742  0.000  0.001  0.000  0.615  0.000               4930025               4010942         100           0       0.000      99.000     153.868        7910130073    855      0     33          44    855
     GPU 0  1.000  0.938  0.742  0.000  0.001  0.000  0.615  0.000               4930025               4010942         100           0       0.000      99.000     153.868        7910130073    855      0     33          44    855
     GPU 0  1.000  0.000  0.000  0.000  0.001  0.000  0.000  0.000               5843706               4073932         100           0       0.000      99.000     153.868        7910130073    855      0     33          44    855
     GPU 0  1.000  0.949  0.761  0.000  0.001  0.000  0.622  0.000               3504042               1242086         100           0       0.000      99.000     153.868        7910145674    855      0     33          44    855

# Entity  GRACT  SMACT  SMOCC  TENSO  DRAMA  FP64A  FP32A  FP16A                 PCITX                 PCIRX       GPUTL       MCUTL       MUSAM       GUSAM       POWER             TOTEC  SACLK  PSTAT  TMPTR       MMTMP  SMCLK
      Id                                                                                                                                                               W                mJ                    C           C       
     GPU 0  1.000  0.000  0.000  0.000  0.001  0.000  0.000  0.000               1338310                836443         100           0       0.000      99.000     153.868        7910145674    855      0     33          44    855
     GPU 0  1.000  0.952  0.773  0.000  0.001  0.000  0.632  0.000               6190705               4400887         100           0       0.000      99.000     153.868        7910145674    855      0     33          44    855
     GPU 0  1.000  0.941  0.739  0.000  0.001  0.000  0.620  0.000               6659426               5102428         100           0       0.000      99.000     153.868        7910145674    855      0     33          44    855
     GPU 0  1.000  0.941  0.739  0.000  0.001  0.000  0.620  0.000               6659426               5102428         100           0       0.000      99.000     153.868        7910145674    855      0     33          44    855
     GPU 0  1.000  0.000  0.000  0.000  0.001  0.000  0.000  0.000               8180997               6236931         100           0       0.000      99.000     153.329        7910161218    855      0     33          44    855
     GPU 0  1.000  0.940  0.746  0.000  0.001  0.000  0.621  0.000               8961989               5550831         100           0       0.000      99.000     153.329        7910161218    855      0     33          44    855
     GPU 0  1.000  0.936  0.753  0.000  0.001  0.000  0.622  0.000              10243652               6390046         100           0       0.000      99.000     153.329        7910161218    855      0     33          44    855
     GPU 0  1.000  0.936  0.753  0.000  0.001  0.000  0.622  0.000              10243652               6390046         100           0       0.000      99.000     153.329        7910161218    855      0     33          44    855
     GPU 0  1.000  0.000  0.000  0.000  0.001  0.000  0.000  0.000               7885410               5559549         100           0       0.000      99.000     153.329        7910161218    855      0     33          44    855
     GPU 0  1.000  0.939  0.744  0.000  0.001  0.000  0.609  0.000               8672908               6419556         100           0       0.000      99.000     153.329        7910176770    855      0     33          44    855
     GPU 0  1.000  0.949  0.743  0.000  0.001  0.000  0.608  0.000              10445869               6181015         100           0       0.000      99.000     153.868        7910176770    855      0     33          44    855
     GPU 0  1.000  0.000  0.000  0.000  0.001  0.000  0.000  0.000               5077331               2827865         100           0       0.000      99.000     153.868        7910176770    855      0     33          44    855
     GPU 0  1.000  0.948  0.762  0.000  0.001  0.000  0.606  0.000               6081227               4243849         100           0       0.000      99.000     153.868        7910176770    855      0     33          44    855
     GPU 0  1.000  0.948  0.762  0.000  0.001  0.000  0.606  0.000               6081227               4243849         100           0       0.000      99.000     153.868        7910176770    855      0     33          44    855

# Entity  GRACT  SMACT  SMOCC  TENSO  DRAMA  FP64A  FP32A  FP16A                 PCITX                 PCIRX       GPUTL       MCUTL       MUSAM       GUSAM       POWER             TOTEC  SACLK  PSTAT  TMPTR       MMTMP  SMCLK
      Id                                                                                                                                                               W                mJ                    C           C       
     GPU 0  1.000  0.954  0.778  0.000  0.001  0.000  0.634  0.000               8642877               6267698         100           0       0.000      99.000     153.868        7910192316    855      0     33          44    855
     GPU 0  1.000  0.000  0.000  0.000  0.001  0.000  0.000  0.000               7535021               5679658         100           0       0.000      99.000     153.868        7910192316    855      0     33          44    855
     GPU 0  1.000  0.000  0.000  0.000  0.001  0.000  0.000  0.000               7535021               5679658         100           0       0.000      99.000     153.868        7910192316    855      0     33          44    855
     GPU 0  1.000  0.940  0.761  0.000  0.001  0.000  0.623  0.000               3380941               1116937         100           0       0.000      99.000     153.868        7910192316    855      0     33          44    855
     GPU 0  1.000  0.916  0.682  0.000  0.001  0.000  0.592  0.000               4987901               2788640         100           0       0.000      99.000     153.868        7910192316    855      0     33          44    855
     GPU 0  1.000  0.000  0.000  0.000  0.001  0.000  0.000  0.000               6463197               4305862         100           0       0.000      99.000     153.619        7910207875    855      0     33          44    855
     GPU 0  1.000  0.944  0.768  0.000  0.001  0.000  0.627  0.000               8979910               6089875         100           0       0.000      99.000     153.619        7910207875    855      0     33          44    855
     GPU 0  1.000  0.944  0.768  0.000  0.001  0.000  0.627  0.000               8979910               6089875         100           0       0.000      99.000     153.619        7910207875    855      0     33          44    855
     GPU 0  1.000  0.941  0.728  0.000  0.001  0.000  0.618  0.000               7096603               5718478         100           0       0.000      99.000     153.619        7910207875    855      0     33          44    855
     GPU 0  1.000  0.000  0.000  0.000  0.001  0.000  0.000  0.000               6908768               4643772         100           0       0.000      99.000     153.619        7910207875    855      0     33          44    855
     GPU 0  1.000  0.938  0.737  0.000  0.001  0.000  0.596  0.000               6895104               5288113         100           0       0.000      99.000     153.868        7910207875    855      0     33          44    855
     GPU 0  1.000  0.938  0.737  0.000  0.001  0.000  0.596  0.000               6895104               5288113         100           0       0.000      99.000     153.868        7910223537    855      0     33          44    855
     GPU 0  1.000  0.932  0.686  0.000  0.001  0.000  0.606  0.000               3713747               1367044         100           0       0.000      99.000     153.868        7910223537    855      0     33          44    855
     GPU 0  1.000  0.000  0.000  0.000  0.001  0.000  0.000  0.000               4812634               2848637         100           0       0.000      99.000     153.868        7910223537    855      0     33          44    855

# Entity  GRACT  SMACT  SMOCC  TENSO  DRAMA  FP64A  FP32A  FP16A                 PCITX                 PCIRX       GPUTL       MCUTL       MUSAM       GUSAM       POWER             TOTEC  SACLK  PSTAT  TMPTR       MMTMP  SMCLK
      Id                                                                                                                                                               W                mJ                    C           C       
     GPU 0  1.000  0.949  0.762  0.000  0.001  0.000  0.616  0.000               8009860               4857651         100           0       0.000      99.000     153.868        7910223537    855      0     33          44    855
     GPU 0  1.000  0.945  0.753  0.000  0.001  0.000  0.627  0.000               9587259               6269422         100           0       0.000      99.000     154.691        7910239019    855      0     33          44    855
     GPU 0  1.000  0.945  0.753  0.000  0.001  0.000  0.627  0.000               9587259               6269422         100           0       0.000      99.000     154.691        7910239019    855      0     33          44    855
     GPU 0  1.000  0.000  0.000  0.000  0.001  0.000  0.000  0.000               6316004               5062121         100           0       0.000      99.000     154.691        7910239019    855      0     33          44    855
     GPU 0  1.000  0.949  0.762  0.000  0.001  0.000  0.630  0.000               4876034               4482901         100           0       0.000      99.000     154.691        7910239019    855      0     33          44    855
     GPU 0  1.000  0.915  0.679  0.000  0.001  0.000  0.592  0.000               2290856               1026019         100           0       0.000      99.000     154.691        7910239019    855      0     33          44    855
     GPU 0  1.000  0.000  0.000  0.000  0.001  0.000  0.000  0.000               6640081               4068662         100           0       0.000      99.000     154.691        7910239019    855      0     33          44    855
     GPU 0  1.000  0.000  0.000  0.000  0.001  0.000  0.000  0.000               6640081               4068662         100           0       0.000      99.000     153.619        7910254815    855      0     33          44    855
     GPU 0  1.000  0.946  0.756  0.000  0.001  0.000  0.628  0.000               6758033               4532800         100           0       0.000      99.000     153.619        7910254815    855      0     33          44    855
     GPU 0  1.000  0.955  0.786  0.000  0.001  0.000  0.637  0.000               8423492               5692437         100           0       0.000      99.000     153.619        7910254815    855      0     33          44    855
     GPU 0  1.000  0.000  0.000  0.000  0.001  0.000  0.000  0.000               8895237               6501671         100           0       0.000      99.000     153.619        7910254815    855      0     33          44    855
     GPU 0  1.000  0.000  0.000  0.000  0.001  0.000  0.000  0.000               8895237               6501671         100           0       0.000      99.000     153.619        7910270174    855      0     33          44    855
     GPU 0  1.000  0.937  0.726  0.000  0.001  0.000  0.596  0.000               9164160               6225812         100           0       0.000      99.000     153.619        7910270174    855      0     33          44    855
     GPU 0  1.000  0.935  0.748  0.000  0.001  0.000  0.587  0.000               5134245               4891436         100           0       0.000      99.000     153.619        7910270174    855      0     33          44    855

# Entity  GRACT  SMACT  SMOCC  TENSO  DRAMA  FP64A  FP32A  FP16A                 PCITX                 PCIRX       GPUTL       MCUTL       MUSAM       GUSAM       POWER             TOTEC  SACLK  PSTAT  TMPTR       MMTMP  SMCLK
      Id                                                                                                                                                               W                mJ                    C           C       
     GPU 0  1.000  0.000  0.000  0.000  0.001  0.000  0.000  0.000               2250304               1026541         100           0       0.000      99.000     153.619        7910270174    855      0     33          44    855
     GPU 0  1.000  0.945  0.743  0.000  0.001  0.000  0.606  0.000               4468664               2783363         100           0       0.000      99.000     153.619        7910270174    855      0     33          45    855
     GPU 0  1.000  0.948  0.746  0.000  0.001  0.000  0.624  0.000               6068496               3912036         100           0       0.000      99.000     153.619        7910270174    855      0     33          44    855
     GPU 0  1.000  0.948  0.746  0.000  0.001  0.000  0.624  0.000               6068496               3912036         100           0       0.000      99.000     154.158        7910285869    855      0     33          44    855
     GPU 0  1.000  0.000  0.000  0.000  0.001  0.000  0.000  0.000               9439621               5136692         100           0       0.000      99.000     154.158        7910285869    855      0     33          44    855
     GPU 0  1.000  0.943  0.765  0.000  0.001  0.000  0.622  0.000               7124061               4705435         100           0       0.000      99.000     154.158        7910285869    855      0     33          44    855
     GPU 0  1.000  0.932  0.718  0.000  0.001  0.000  0.612  0.000              10057147               6225031         100           0       0.000      99.000     154.158        7910285869    855      0     33          44    855
     GPU 0  1.000  0.000  0.000  0.000  0.001  0.000  0.000  0.000              10339805               7995097         100           0       0.000      99.000     154.158        7910301304    855      0     33          44    855
     GPU 0  1.000  0.939  0.733  0.000  0.001  0.000  0.621  0.000               9849089               7007598         100           0       0.000      99.000     154.158        7910301304    855      0     33          45    855
     GPU 0  0.500  0.000  0.000  0.000  0.003  0.000  0.000  0.000            1728528378               5483335         100           0       0.000      99.000     154.158        7910301304    855      0     33          44    855
     GPU 0  0.000  0.000  0.000  0.000  0.000  0.000  0.000  0.000               7281605               5188228         100           0       0.000      99.000     154.158        7910301304    855      0     33          44    855
     GPU 0  0.000  0.000  0.000  0.000  0.000  0.000  0.000  0.000               7281605               5188228         100           0       0.000      99.000     154.158        7910301304    855      0     32          44    855
     GPU 0  0.000  0.000  0.000  0.000  0.000  0.000  0.000  0.000               7223134               5140105         100           0       0.000      99.000      86.521        7910313274    855      0     32          44    855
     GPU 0  0.000  0.000  0.000  0.000  0.000  0.000  0.000  0.000               6863195               3890613         100           0       0.000      99.000      86.521        7910313274    855      0     31          44    855

# Entity  GRACT  SMACT  SMOCC  TENSO  DRAMA  FP64A  FP32A  FP16A                 PCITX                 PCIRX       GPUTL       MCUTL       MUSAM       GUSAM       POWER             TOTEC  SACLK  PSTAT  TMPTR       MMTMP  SMCLK
      Id                                                                                                                                                               W                mJ                    C           C       
     GPU 0  0.000  0.000  0.000  0.000  0.000  0.000  0.000  0.000               8137403               4708660         100           0       0.000      99.000      86.521        7910313274    855      0     31          44    855
     GPU 0  0.000  0.000  0.000  0.000  0.000  0.000  0.000  0.000               8137403               4708660         100           0       0.000      99.000      86.521        7910313274    855      0     31          44    855
     GPU 0  0.000  0.000  0.000  0.000  0.000  0.000  0.000  0.000              11153300               7520508         100           0       0.000      99.000      86.521        7910313274    855      0     30          44    855
     GPU 0  0.000  0.000  0.000  0.000  0.000  0.000  0.000  0.000               8478145               5524830         100           0       0.000      99.000      85.400        7910321915    855      0     30          44    855
     GPU 0  0.000  0.000  0.000  0.000  0.000  0.000  0.000  0.000               8241595               5347629          15           0       0.000      15.000      85.400        7910321915    855      0     30          44    855
     GPU 0  0.000  0.000  0.000  0.000  0.000  0.000  0.000  0.000               5209742               3177308          15           0       0.000      15.000      85.400        7910321915    855      0     30          44    855
     GPU 0  0.000  0.000  0.000  0.000  0.000  0.000  0.000  0.000               7220559               4111720          15           0       0.000      15.000      85.400        7910321915    855      0     30          44    855
     GPU 0  0.000  0.000  0.000  0.000  0.000  0.000  0.000  0.000               7220559               4111720          15           0       0.000      15.000      85.400        7910321915    855      0     30          44    855
     GPU 0  0.000  0.000  0.000  0.000  0.000  0.000  0.000  0.000               8313084               5448508          15           0       0.000      15.000      85.400        7910330519    855      0     30          44    855
     GPU 0  0.000  0.000  0.000  0.000  0.000  0.000  0.000  0.000               6716094               4173704          15           0       0.000      15.000      85.400        7910330519    855      0     30          44    855
     GPU 0  0.000  0.000  0.000  0.000  0.000  0.000  0.000  0.000               7798380               5128058          15           0       0.000      15.000      85.400        7910330519    855      0     30          44    855
     GPU 0  0.000  0.000  0.000  0.000  0.000  0.000  0.000  0.000               7798380               5128058          15           0       0.000      15.000      85.400        7910330519    855      0     30          44    855
     GPU 0  0.000  0.000  0.000  0.000  0.000  0.000  0.000  0.000               8124509               4741455          15           0       0.000      15.000      85.400        7910330519    855      0     30          44    855
     GPU 0  0.000  0.000  0.000  0.000  0.000  0.000  0.000  0.000               8402986               5592632          15           0       0.000      15.000      85.400        7910339130    855      0     30          44    855

# Entity  GRACT  SMACT  SMOCC  TENSO  DRAMA  FP64A  FP32A  FP16A                 PCITX                 PCIRX       GPUTL       MCUTL       MUSAM       GUSAM       POWER             TOTEC  SACLK  PSTAT  TMPTR       MMTMP  SMCLK
      Id                                                                                                                                                               W                mJ                    C           C       
     GPU 0  0.000  0.000  0.000  0.000  0.000  0.000  0.000  0.000               8950255               5325246          15           0       0.000      15.000      85.400        7910339130    855      0     29          44    855
     GPU 0  0.000  0.000  0.000  0.000  0.000  0.000  0.000  0.000               3145610                274537           0           0       0.000       0.000      85.400        7910339130    855      0     29          44    855
     GPU 0  0.000  0.000  0.000  0.000  0.000  0.000  0.000  0.000               4612016               1673933           0           0       0.000       0.000      85.400        7910339130    855      0     29          44    855
     GPU 0  0.000  0.000  0.000  0.000  0.000  0.000  0.000  0.000               4612016               1673933           0           0       0.000       0.000      85.400        7910339130    855      0     29          44    855
     GPU 0  0.000  0.000  0.000  0.000  0.000  0.000  0.000  0.000               4970542               2687556           0           0       0.000       0.000      85.158        7910339130    855      0     29          44    855
     GPU 0  0.000  0.000  0.000  0.000  0.000  0.000  0.000  0.000               7286159               4743948           0           0       0.000       0.000      85.158        7910347831    855      0     29          44    855
     GPU 0  0.000  0.000  0.000  0.000  0.000  0.000  0.000  0.000               8729906               5741142           0           0       0.000       0.000      85.158        7910347831    855      0     29          44    855
     GPU 0  0.000  0.000  0.000  0.000  0.000  0.000  0.000  0.000               7994727               5189725           0           0       0.000       0.000      85.158        7910347831    855      0     29          44    855
     GPU 0  0.000  0.000  0.000  0.000  0.000  0.000  0.000  0.000               7994727               5189725           0           0       0.000       0.000      85.158        7910347831    855      0     29          44    855
     GPU 0  0.000  0.000  0.000  0.000  0.000  0.000  0.000  0.000               8459138               5276492           0           0       0.000       0.000      85.158        7910347831    855      0     29          44    855
     GPU 0  0.000  0.000  0.000  0.000  0.000  0.000  0.000  0.000               8459138               5276492           0           0       0.000       0.000      85.158        7910356352    855      0     29          44    855
     GPU 0  0.000  0.000  0.000  0.000  0.000  0.000  0.000  0.000              13797427               9887190           0           0       0.000       0.000      85.158        7910356352    855      0     29          44    855
     GPU 0  0.000  0.000  0.000  0.000  0.000  0.000  0.000  0.000              13797427               9887190           0           0       0.000       0.000      85.158        7910356352    855      0     29          44    855
     GPU 0  0.000  0.000  0.000  0.000  0.011  0.000  0.000  0.000              17337328              11772260           0           0       0.000       0.000      85.158        7910356352    855      0     29          44    855

# Entity  GRACT  SMACT  SMOCC  TENSO  DRAMA  FP64A  FP32A  FP16A                 PCITX                 PCIRX       GPUTL       MCUTL       MUSAM       GUSAM       POWER             TOTEC  SACLK  PSTAT  TMPTR       MMTMP  SMCLK
      Id                                                                                                                                                               W                mJ                    C           C       
     GPU 0  0.000  0.000  0.000  0.000  0.011  0.000  0.000  0.000              17337328              11772260           0           0       0.000       0.000      85.158        7910356352    855      0     29          44    855
     GPU 0  0.000  0.000  0.000  0.000  0.000  0.000  0.000  0.000               8537665              26607676           0           0       0.000       0.000      85.158        7910365047    855      0     29          44    855
     GPU 0  0.000  0.000  0.000  0.000  0.000  0.000  0.000  0.000               8537665              26607676           0           0       0.000       0.000      85.158        7910365047    855      0     29          44    855
     GPU 0  0.000  0.000  0.000  0.000  0.000  0.000  0.000  0.000              13134419               9589795           0           0       0.000       0.000      85.158        7910365047    855      0     29          44    855
     GPU 0  0.000  0.000  0.000  0.000  0.000  0.000  0.000  0.000               1623900               1107205           0           0       0.000       0.000      85.158        7910365047    855      0     29          44    855
     GPU 0  0.000  0.000  0.000  0.000  0.000  0.000  0.000  0.000               7170667               6914572           0           0       0.000       0.000      85.158        7910365047    855      0     29          44    855
     GPU 0  0.000  0.000  0.000  0.000  0.000  0.000  0.000  0.000               7363705               7427186           9           0       0.000       0.000      85.158        7910373595    855      0     29          44    855
     GPU 0  0.000  0.000  0.000  0.000  0.000  0.000  0.000  0.000               7950601               5035166           9           0       0.000       0.000      85.158        7910373595    855      0     29          44    855
     GPU 0  0.000  0.000  0.000  0.000  0.000  0.000  0.000  0.000               7950601               5035166           9           0       0.000       0.000      85.158        7910373595    855      0     29          44    855
     GPU 0  0.000  0.000  0.000  0.000  0.000  0.000  0.000  0.000               5233535               4239027           9           0       0.000       0.000      85.158        7910373595    855      0     29          44    855
     GPU 0  0.000  0.000  0.000  0.000  0.000  0.000  0.000  0.000               3028960                275360           9           0       0.000       0.000      85.158        7910382227    855      0     29          44    855
     GPU 0  0.000  0.000  0.000  0.000  0.000  0.000  0.000  0.000               3150317                274975           9           0       0.000       0.000      85.158        7910382227    855      0     29          44    855
     GPU 0  0.000  0.000  0.000  0.000  0.000  0.000  0.000  0.000               2084745                 41882           9           0       0.000       0.000      85.158        7910382227    855      0     29          44    855
     GPU 0  0.000  0.000  0.000  0.000  0.000  0.000  0.000  0.000               4127727               1942955           9           0       0.000       0.000      85.158        7910382227    855      0     29          44    855

# Entity  GRACT  SMACT  SMOCC  TENSO  DRAMA  FP64A  FP32A  FP16A                 PCITX                 PCIRX       GPUTL       MCUTL       MUSAM       GUSAM       POWER             TOTEC  SACLK  PSTAT  TMPTR       MMTMP  SMCLK
      Id                                                                                                                                                               W                mJ                    C           C       
     GPU 0  0.000  0.000  0.000  0.000  0.000  0.000  0.000  0.000               4127727               1942955           9           0       0.000       0.000      85.158        7910382227    855      0     29          44    855
     GPU 0  0.000  0.000  0.000  0.000  0.000  0.000  0.000  0.000               6632731               3672552           9           0       0.000       0.000      85.158        7910382227    855      0     29          44    855
     GPU 0  0.000  0.000  0.000  0.000  0.000  0.000  0.000  0.000               8225551               4968545           0           0       0.000       0.000      85.158        7910390958    855      0     29          44    855
     GPU 0  0.000  0.000  0.000  0.000  0.000  0.000  0.000  0.000              10894777               6997050           0           0       0.000       0.000      85.158        7910390958    855      0     29          44    855
     GPU 0  0.000  0.000  0.000  0.000  0.000  0.000  0.000  0.000               9998217               6525741           0           0       0.000       0.000      85.158        7910390958    855      0     29          44    855
     GPU 0  0.000  0.000  0.000  0.000  0.000  0.000  0.000  0.000               9998217               6525741           0           0       0.000       0.000      85.158        7910390958    855      0     29          44    855
     GPU 0  0.000  0.000  0.000  0.000  0.000  0.000  0.000  0.000               8628697               5699557           0           0       0.000       0.000      85.158        7910399433    855      0     29          44    855
     GPU 0  0.000  0.000  0.000  0.000  0.000  0.000  0.000  0.000               6852822               4117738           0           0       0.000       0.000      85.158        7910399433    855      0     28          44    855
     GPU 0  0.000  0.000  0.000  0.000  0.000  0.000  0.000  0.000               5767067               3294756           0           0       0.000       0.000      85.158        7910399433    855      0     28          44    855
     GPU 0  0.000  0.000  0.000  0.000  0.000  0.000  0.000  0.000               1922947                163398           0           0       0.000       0.000      85.158        7910399433    855      0     28          44    855
     GPU 0  0.000  0.000  0.000  0.000  0.000  0.000  0.000  0.000               2086401                163400           0           0       0.000       0.000      85.158        7910399433    855      0     29          44    855
     GPU 0  0.000  0.000  0.000  0.000  0.000  0.000  0.000  0.000               2086401                163400           0           0       0.000       0.000      85.158        7910399433    855      0     28          44    855
     GPU 0  0.000  0.000  0.000  0.000  0.000  0.000  0.000  0.000               4649203               2161995           0           0       0.000       0.000      85.158        7910408037    855      0     28          44    855
     GPU 0  0.000  0.000  0.000  0.000  0.000  0.000  0.000  0.000               8315826               3768010           0           0       0.000       0.000      85.158        7910408037    855      0     28          44    855

# Entity  GRACT  SMACT  SMOCC  TENSO  DRAMA  FP64A  FP32A  FP16A                 PCITX                 PCIRX       GPUTL       MCUTL       MUSAM       GUSAM       POWER             TOTEC  SACLK  PSTAT  TMPTR       MMTMP  SMCLK
      Id                                                                                                                                                               W                mJ                    C           C       
     GPU 0  0.000  0.000  0.000  0.000  0.000  0.000  0.000  0.000               6719310               3758876           0           0       0.000       0.000      85.158        7910408037    855      0     28          44    855
     GPU 0  0.000  0.000  0.000  0.000  0.000  0.000  0.000  0.000               8989425               4777129           0           0       0.000       0.000      85.158        7910408037    855      0     28          44    855
     GPU 0  0.000  0.000  0.000  0.000  0.000  0.000  0.000  0.000               8989425               4777129           0           0       0.000       0.000      85.158        7910416612    855      0     28          44    855
     GPU 0  0.000  0.000  0.000  0.000  0.000  0.000  0.000  0.000               2971129               2091798           0           0       0.000       0.000      85.158        7910416612    855      0     28          44    855
     GPU 0  0.000  0.000  0.000  0.000  0.000  0.000  0.000  0.000               7770396               5472002           0           0       0.000       0.000      85.158        7910416612    855      0     28          44    855
     GPU 0  0.000  0.000  0.000  0.000  0.000  0.000  0.000  0.000               2044985                163437           0           0       0.000       0.000      85.158        7910416612    855      0     28          44    855
     GPU 0  0.000  0.000  0.000  0.000  0.000  0.000  0.000  0.000               2166955                163766           0           0       0.000       0.000      85.158        7910416612    855      0     28          44    855
     GPU 0  0.000  0.000  0.000  0.000  0.000  0.000  0.000  0.000               2166955                163766           0           0       0.000       0.000      85.158        7910416612    855      0     28          44    855
     GPU 0  0.000  0.000  0.000  0.000  0.000  0.000  0.000  0.000               5697173               2053149           0           0       0.000       0.000      85.158        7910425207    855      0     28          44    855
     GPU 0  0.000  0.000  0.000  0.000  0.000  0.000  0.000  0.000               6815784               3674765           0           0       0.000       0.000      85.158        7910425207    855      0     28          44    855
     GPU 0  0.000  0.000  0.000  0.000  0.000  0.000  0.000  0.000               7631488               4498297           0           0       0.000       0.000      85.158        7910425207    855      0     28          44    855
     GPU 0  0.000  0.000  0.000  0.000  0.000  0.000  0.000  0.000               7631488               4498297           0           0       0.000       0.000      85.158        7910425207    855      0     28          44    855
     GPU 0  0.000  0.000  0.000  0.000  0.000  0.000  0.000  0.000               6823680               4497440           0           0       0.000       0.000      85.158        7910433789    855      0     28          44    855
     GPU 0  0.000  0.000  0.000  0.000  0.000  0.000  0.000  0.000               9143422               6267492           0           0       0.000       0.000      85.158        7910433789    855      0     28          44    855

# Entity  GRACT  SMACT  SMOCC  TENSO  DRAMA  FP64A  FP32A  FP16A                 PCITX                 PCIRX       GPUTL       MCUTL       MUSAM       GUSAM       POWER             TOTEC  SACLK  PSTAT  TMPTR       MMTMP  SMCLK
      Id                                                                                                                                                               W                mJ                    C           C       
     GPU 0  0.000  0.000  0.000  0.000  0.000  0.000  0.000  0.000               7323538               5231181           0           0       0.000       0.000      85.158        7910433789    855      0     28          44    855
     GPU 0  0.000  0.000  0.000  0.000  0.000  0.000  0.000  0.000               2518488               1357262           0           0       0.000       0.000      85.158        7910433789    855      0     28          44    855
     GPU 0  0.000  0.000  0.000  0.000  0.000  0.000  0.000  0.000               3423314                507867           0           0       0.000       0.000      85.158        7910433789    855      0     28          44    855
     GPU 0  0.000  0.000  0.000  0.000  0.000  0.000  0.000  0.000               3423314                507867           0           0       0.000       0.000      85.158        7910442363    855      0     28          44    855
     GPU 0  0.000  0.000  0.000  0.000  0.000  0.000  0.000  0.000               4935579               1935189           0           0       0.000       0.000      85.158        7910442363    855      0     28          44    855
     GPU 0  0.000  0.000  0.000  0.000  0.000  0.000  0.000  0.000              15062425               8066217           0           0       0.000       0.000      85.158        7910442363    855      0     28          44    855
     GPU 0  0.000  0.000  0.000  0.000  0.000  0.000  0.000  0.000               7460669               4442939           0           0       0.000       0.000      85.158        7910442363    855      0     28          44    855
     GPU 0  0.000  0.000  0.000  0.000  0.000  0.000  0.000  0.000               9394865               6596906           0           0       0.000       0.000      85.158        7910442363    855      0     28          44    855
     GPU 0  0.000  0.000  0.000  0.000  0.000  0.000  0.000  0.000               9310998               6332827           0           0       0.000       0.000      85.158        7910442363    855      0     28          44    855
     GPU 0  0.000  0.000  0.000  0.000  0.000  0.000  0.000  0.000               3213158                687965           0           0       0.000       0.000      85.158        7910450978    855      0     28          44    855
     GPU 0  0.000  0.000  0.000  0.000  0.000  0.000  0.000  0.000               3213158                687965           0           0       0.000       0.000      85.158        7910450978    855      0     28          44    855
     GPU 0  0.000  0.000  0.000  0.000  0.000  0.000  0.000  0.000               3067170                358831           0           0       0.000       0.000      85.158        7910450978    855      0     28          44    855
     GPU 0  0.000  0.000  0.000  0.000  0.000  0.000  0.000  0.000               3026552                275141           0           0       0.000       0.000      85.158        7910450978    855      0     28          44    855
     GPU 0  0.000  0.000  0.000  0.000  0.000  0.000  0.000  0.000               5568281               1958156           0           0       0.000       0.000      84.867        7910459560    855      0     28          44    855

# Entity  GRACT  SMACT  SMOCC  TENSO  DRAMA  FP64A  FP32A  FP16A                 PCITX                 PCIRX       GPUTL       MCUTL       MUSAM       GUSAM       POWER             TOTEC  SACLK  PSTAT  TMPTR       MMTMP  SMCLK
      Id                                                                                                                                                               W                mJ                    C           C       
     GPU 0  0.000  0.000  0.000  0.000  0.000  0.000  0.000  0.000               5939034               2652270           0           0       0.000       0.000      84.867        7910459560    855      0     28          44    855
     GPU 0  0.000  0.000  0.000  0.000  0.000  0.000  0.000  0.000               6707885               3573327           0           0       0.000       0.000      84.867        7910459560    855      0     28          44    240
     GPU 0  0.000  0.000  0.000  0.000  0.000  0.000  0.000  0.000               6707885               3573327           0           0       0.000       0.000      84.867        7910459560    855      0     28          44    240
     GPU 0  0.000  0.000  0.000  0.000  0.000  0.000  0.000  0.000               7626668               4943357           0           0       0.000       0.000      84.867        7910459560    855      0     28          44    240
     GPU 0  0.000  0.000  0.000  0.000  0.000  0.000  0.000  0.000               6513114               4841596           0           0       0.000       0.000      84.867        7910459560    855      0     28          44    240
     GPU 0  0.000  0.000  0.000  0.000  0.000  0.000  0.000  0.000               7434844               3955835           0           0       0.000       0.000      79.165        7910467813    855      0     28          44    240
     GPU 0  0.000  0.000  0.000  0.000  0.000  0.000  0.000  0.000                919472                 83588           0           0       0.000       0.000      79.165        7910467813    855      0     28          44    240
     GPU 0  0.000  0.000  0.000  0.000  0.000  0.000  0.000  0.000                919472                 83588           0           0       0.000       0.000      79.165        7910467813    855      0     28          44    240
     GPU 0  0.000  0.000  0.000  0.000  0.000  0.000  0.000  0.000               5633311               2943829           0           0       0.000       0.000      79.165        7910467813    855      0     28          44    240
