# Entity  GRACT  SMACT  SMOCC  TENSO  DRAMA  FP64A  FP32A  FP16A                 PCITX                 PCIRX       GPUTL       MCUTL       MUSAM       GUSAM       POWER             TOTEC  SACLK  PSTAT  TMPTR       MMTMP  SMCLK
      Id                                                                                                                                                               W                mJ                    C           C       
     GPU 0  0.000  0.000  0.000  0.000  0.000  0.000  0.000  0.000             113842173                     0           0           0       0.000       0.000      77.269        1197311577   1335      0     27          43    210
     GPU 0  0.000  0.000  0.000  0.000  0.000  0.000  0.000  0.000               8916455               4798249           0           0       0.000       0.000      77.269        1197311577   1335      0     27          44    210
     GPU 0  0.000  0.000  0.000  0.000  0.000  0.000  0.000  0.000               8916455               4798249           0           0       0.000       0.000      77.269        1197311577   1335      0     27          44    210
     GPU 0  0.000  0.000  0.000  0.000  0.000  0.000  0.000  0.000               5602290               4013865           0           0       0.000       0.000      77.269        1197311577   1335      0     27          44    210
     GPU 0  0.000  0.000  0.000  0.000  0.000  0.000  0.000  0.000               7470223               4206049           0           0       0.000       0.000      77.269        1197311577   1335      0     27          43    210
     GPU 0  0.000  0.000  0.000  0.000  0.000  0.000  0.000  0.000               7470223               4206049           0           0       0.000       0.000      78.383        1197319500   1335      0     27          43    210
     GPU 0  0.000  0.000  0.000  0.000  0.000  0.000  0.000  0.000               5160265               4118544           0           0       0.000       0.000      78.383        1197319500   1335      0     27          43    210
     GPU 0  0.000  0.000  0.000  0.000  0.000  0.000  0.000  0.000               3057081                274114           0           0       0.000       0.000      78.383        1197319500   1335      0     27          44    210
     GPU 0  0.000  0.000  0.000  0.000  0.000  0.000  0.000  0.000               4159222               1637500           0           0       0.000       0.000      78.383        1197319500   1335      0     27          44    210
     GPU 0  0.000  0.000  0.000  0.000  0.000  0.000  0.000  0.000               5630323               2994340           0           0       0.000       0.000      78.383        1197319500   1335      0     27          44    210
     GPU 0  0.000  0.000  0.000  0.000  0.000  0.000  0.000  0.000               7328721               4329091           0           0       0.000       0.000      78.632        1197319500   1335      0     27          43    210
     GPU 0  0.000  0.000  0.000  0.000  0.000  0.000  0.000  0.000               7328721               4329091           0           0       0.000       0.000      78.632        1197327504   1335      0     27          43    210
     GPU 0  0.000  0.000  0.000  0.000  0.000  0.000  0.000  0.000               6669429               4807990           0           0       0.000       0.000      78.632        1197327504   1335      0     27          43    210
     GPU 0  0.000  0.000  0.000  0.000  0.000  0.000  0.000  0.000               4903830               2522572           0           0       0.000       0.000      78.632        1197327504   1335      0     27          43    210
     GPU 0  0.000  0.000  0.000  0.000  0.000  0.000  0.000  0.000               4903830               2522572           0           0       0.000       0.000      78.632        1197327504   1335      0     27          44    210

# Entity  GRACT  SMACT  SMOCC  TENSO  DRAMA  FP64A  FP32A  FP16A                 PCITX                 PCIRX       GPUTL       MCUTL       MUSAM       GUSAM       POWER             TOTEC  SACLK  PSTAT  TMPTR       MMTMP  SMCLK
      Id                                                                                                                                                               W                mJ                    C           C       
     GPU 0  0.000  0.000  0.000  0.000  0.000  0.000  0.000  0.000              11441198               7383300           0           0       0.000       0.000      78.383        1197335369   1335      0     27          44    210
     GPU 0  0.000  0.000  0.000  0.000  0.000  0.000  0.000  0.000               8704814               5713059           0           0       0.000       0.000      78.383        1197335369   1335      0     27          43    210
     GPU 0  0.000  0.000  0.000  0.000  0.000  0.000  0.000  0.000               2047311                163630           0           0       0.000       0.000      78.383        1197335369   1335      0     27          43    210
     GPU 0  0.000  0.000  0.000  0.000  0.000  0.000  0.000  0.000               4037097               1707075           0           0       0.000       0.000      78.383        1197335369   1335      0     27          43    210
     GPU 0  0.000  0.000  0.000  0.000  0.000  0.000  0.000  0.000               5755536               3105851           0           0       0.000       0.000      78.383        1197335369   1335      0     27          43    210
     GPU 0  0.000  0.000  0.000  0.000  0.000  0.000  0.000  0.000               5755536               3105851           0           0       0.000       0.000      78.383        1197343256   1335      0     27          44    210
     GPU 0  0.000  0.000  0.000  0.000  0.000  0.000  0.000  0.000               7697090               4615182           0           0       0.000       0.000      78.383        1197343256   1335      0     27          42    210
     GPU 0  0.000  0.000  0.000  0.000  0.000  0.000  0.000  0.000               8499514               5937011           0           0       0.000       0.000      78.383        1197343256   1335      0     27          43    210
     GPU 0  0.000  0.000  0.000  0.000  0.000  0.000  0.000  0.000               8499514               5937011           0           0       0.000       0.000      78.383        1197343256   1335      0     27          44    210
     GPU 0  0.000  0.000  0.000  0.000  0.000  0.000  0.000  0.000               5967403               4006373           0           0       0.000       0.000      78.383        1197343256   1335      0     27          43    210
     GPU 0  0.000  0.000  0.000  0.000  0.000  0.000  0.000  0.000               3330991               6328883           0           0       0.000       0.000      78.383        1197351213   1335      0     27          43    210
     GPU 0  0.000  0.000  0.000  0.000  0.000  0.000  0.000  0.000               4595185               3663728           0           0       0.000       0.000      78.383        1197351213   1335      0     27          43    210
     GPU 0  0.000  0.000  0.000  0.000  0.000  0.000  0.000  0.000               2209066              27044327           0           0       0.000       0.000      78.383        1197351213   1335      0     27          43    210
     GPU 0  0.000  0.000  0.000  0.000  0.000  0.000  0.000  0.000               9167037              23817927           0           0       0.000       0.000      78.383        1197351213   1335      0     27          43    210

# Entity  GRACT  SMACT  SMOCC  TENSO  DRAMA  FP64A  FP32A  FP16A                 PCITX                 PCIRX       GPUTL       MCUTL       MUSAM       GUSAM       POWER             TOTEC  SACLK  PSTAT  TMPTR       MMTMP  SMCLK
      Id                                                                                                                                                               W                mJ                    C           C       
     GPU 0  0.000  0.000  0.000  0.000  0.000  0.000  0.000  0.000               9167037              23817927           0           0       0.000       0.000      78.383        1197351213   1335      0     27          43    210
     GPU 0  0.000  0.000  0.000  0.000  0.000  0.000  0.000  0.000               1220573               1794961           0           0       0.000       0.000      78.632        1197359138   1335      0     27          43    210
     GPU 0  0.000  0.000  0.000  0.000  0.000  0.000  0.000  0.000               5681343               4812432           0           0       0.000       0.000      78.632        1197359138   1335      0     27          43    210
     GPU 0  0.000  0.000  0.000  0.000  0.000  0.000  0.000  0.000               9445476               5959645           0           0       0.000       0.000      78.632        1197359138   1335      0     27          44    210
     GPU 0  0.000  0.000  0.000  0.000  0.000  0.000  0.000  0.000               6307950               4283176           0           0       0.000       0.000      78.632        1197359138   1335      0     27          43    210
     GPU 0  0.000  0.000  0.000  0.000  0.000  0.000  0.000  0.000               6307950               4283176           0           0       0.000       0.000      78.632        1197359138   1335      0     27          43    210
     GPU 0  0.000  0.000  0.000  0.000  0.000  0.000  0.000  0.000               8954912               5252123           0           0       0.000       0.000      78.383        1197359138   1335      0     27          43    210
     GPU 0  0.000  0.000  0.000  0.000  0.000  0.000  0.000  0.000              12093726               8658008           0           0       0.000       0.000      78.383        1197367035   1335      0     27          43    210
     GPU 0  0.000  0.000  0.000  0.000  0.000  0.000  0.000  0.000              12093726               8658008           0           0       0.000       0.000      78.383        1197367035   1335      0     27          43    210
     GPU 0  0.000  0.000  0.000  0.000  0.000  0.000  0.000  0.000               1224208               1224208           0           0       0.000       0.000      78.383        1197367035   1335      0     27          43    210
     GPU 0  0.000  0.000  0.000  0.000  0.000  0.000  0.000  0.000               1666814               2750243           0           0       0.000       0.000      78.383        1197367035   1335      0     27          43    210
     GPU 0  0.000  0.000  0.000  0.000  0.000  0.000  0.000  0.000               1666814               2750243           0           0       0.000       0.000      78.383        1197374935   1335      0     27          42    210
     GPU 0  0.000  0.000  0.000  0.000  0.000  0.000  0.000  0.000               8628936               5101779           0           0       0.000       0.000      78.383        1197374935   1335      0     27          43    210
     GPU 0  0.000  0.000  0.000  0.000  0.000  0.000  0.000  0.000               8628936               5101779           0           0       0.000       0.000      78.383        1197374935   1335      0     27          43    210

# Entity  GRACT  SMACT  SMOCC  TENSO  DRAMA  FP64A  FP32A  FP16A                 PCITX                 PCIRX       GPUTL       MCUTL       MUSAM       GUSAM       POWER             TOTEC  SACLK  PSTAT  TMPTR       MMTMP  SMCLK
      Id                                                                                                                                                               W                mJ                    C           C       
     GPU 0  0.000  0.000  0.000  0.000  0.000  0.000  0.000  0.000               2459511               5328942           0           0       0.000       0.000      78.383        1197374935   1335      0     27          44    210
     GPU 0  0.000  0.000  0.000  0.000  0.000  0.000  0.000  0.000               8573143              15534794           0           0       0.000       0.000      78.383        1197374935   1335      0     27          43    210
     GPU 0  0.000  0.000  0.000  0.000  0.000  0.000  0.000  0.000              11233827              15076978           0           0       0.000       0.000      78.383        1197382964   1335      0     27          42    210
     GPU 0  0.000  0.000  0.000  0.000  0.000  0.000  0.000  0.000              11233827              15076978           0           0       0.000       0.000      78.383        1197382964   1335      0     27          42    210
     GPU 0  0.000  0.000  0.000  0.000  0.000  0.000  0.000  0.000              10384790              15451274           0           0       0.000       0.000      78.383        1197382964   1335      0     27          44    210
     GPU 0  0.077  0.000  0.000  0.000  0.000  0.000  0.000  0.000              49195946             343555465           0           0       0.000       0.000      78.383        1197382964   1335      0     27          44   1335
     GPU 0  0.024  0.000  0.000  0.000  0.001  0.000  0.000  0.000             231977293            1993234217           0           0       0.000       0.000      78.383        1197382964   1335      0     27          43   1335
     GPU 0  0.500  0.000  0.000  0.000  0.002  0.000  0.000  0.000             350269723            3068289958           0           0       0.000       0.000     100.354        1197382964   1335      0     27          43   1335
     GPU 0  0.500  0.000  0.000  0.000  0.002  0.000  0.000  0.000             350269723            3068289958          17           0       0.000      16.000     100.354        1197391893   1335      0     30          43   1335
     GPU 0  1.000  0.951  0.782  0.000  0.002  0.000  0.632  0.000              12330613               7572667          17           0       0.000      16.000     100.354        1197391893   1335      0     31          43   1335
     GPU 0  1.000  0.000  0.000  0.000  0.002  0.000  0.000  0.000               9140046               6661978          17           0       0.000      16.000     100.354        1197391893   1335      0     32          43   1335
     GPU 0  1.000  0.945  0.749  0.000  0.002  0.000  0.617  0.000              11115677               8039087          17           0       0.000      16.000     100.354        1197391893   1335      0     33          43   1335
     GPU 0  1.000  0.937  0.736  0.000  0.002  0.000  0.618  0.000              12150027               8629751          17           0       0.000      16.000     249.241        1197414982   1335      0     33          43   1335
     GPU 0  1.000  0.937  0.736  0.000  0.002  0.000  0.618  0.000              12150027               8629751          17           0       0.000      16.000     249.241        1197414982   1335      0     34          43   1335

# Entity  GRACT  SMACT  SMOCC  TENSO  DRAMA  FP64A  FP32A  FP16A                 PCITX                 PCIRX       GPUTL       MCUTL       MUSAM       GUSAM       POWER             TOTEC  SACLK  PSTAT  TMPTR       MMTMP  SMCLK
      Id                                                                                                                                                               W                mJ                    C           C       
     GPU 0  1.000  0.000  0.000  0.000  0.002  0.000  0.000  0.000              12327358               8713861          17           0       0.000      16.000     249.241        1197414982   1335      0     34          43   1335
     GPU 0  1.000  0.943  0.747  0.000  0.002  0.000  0.622  0.000               5371582               4253966          17           0       0.000      16.000     249.241        1197414982   1335      0     34          43   1335
     GPU 0  1.000  0.945  0.750  0.000  0.002  0.000  0.607  0.000              11531250               8454016          17           0       0.000      16.000     249.241        1197414982   1335      0     35          43   1335
     GPU 0  1.000  0.000  0.000  0.000  0.002  0.000  0.000  0.000              14197160              10155499          17           0       0.000      16.000     248.171        1197440146   1335      0     35          43   1335
     GPU 0  1.000  0.948  0.771  0.000  0.002  0.000  0.629  0.000              10046221               7431992         100           0       0.000      99.000     248.171        1197440146   1335      0     35          43   1335
     GPU 0  1.000  0.941  0.771  0.000  0.002  0.000  0.625  0.000               5373155               4714505         100           0       0.000      99.000     248.171        1197440146   1335      0     35          44   1335
     GPU 0  1.000  0.941  0.771  0.000  0.002  0.000  0.625  0.000               5373155               4714505         100           0       0.000      99.000     248.171        1197440146   1335      0     36          44   1335
     GPU 0  1.000  0.000  0.000  0.000  0.001  0.000  0.000  0.000               3424055               1452298         100           0       0.000      99.000     248.171        1197440146   1335      0     36          44   1335
     GPU 0  1.000  0.946  0.751  0.000  0.002  0.000  0.622  0.000               3706287               2155504         100           0       0.000      99.000     248.171        1197465310   1335      0     36          43   1335
     GPU 0  1.000  0.000  0.000  0.000  0.002  0.000  0.000  0.000               1592698               1676524         100           0       0.000      99.000     250.070        1197465310   1335      0     36          43   1335
     GPU 0  1.000  0.949  0.754  0.000  0.002  0.000  0.624  0.000               4310290               4218165         100           0       0.000      99.000     250.070        1197465310   1335      0     36          43   1335
     GPU 0  1.000  0.937  0.716  0.000  0.002  0.000  0.619  0.000               2425301               1696684         100           0       0.000      99.000     250.070        1197465310   1335      0     36          43   1335
     GPU 0  1.000  0.000  0.000  0.000  0.002  0.000  0.000  0.000               2256874               1570578         100           0       0.000      99.000     250.070        1197465310   1335      0     36          43   1335
     GPU 0  1.000  0.949  0.755  0.000  0.002  0.000  0.615  0.000               5551700               3521957         100           0       0.000      99.000     251.382        1197490739   1335      0     37          43   1335

# Entity  GRACT  SMACT  SMOCC  TENSO  DRAMA  FP64A  FP32A  FP16A                 PCITX                 PCIRX       GPUTL       MCUTL       MUSAM       GUSAM       POWER             TOTEC  SACLK  PSTAT  TMPTR       MMTMP  SMCLK
      Id                                                                                                                                                               W                mJ                    C           C       
     GPU 0  1.000  0.949  0.755  0.000  0.002  0.000  0.615  0.000               5551700               3521957         100           0       0.000      99.000     251.382        1197490739   1335      0     37          43   1335
     GPU 0  1.000  0.949  0.755  0.000  0.002  0.000  0.615  0.000               5551700               3521957         100           0       0.000      99.000     251.382        1197490739   1335      0     37          43   1335
     GPU 0  1.000  0.949  0.755  0.000  0.002  0.000  0.615  0.000               5551700               3521957         100           0       0.000      99.000     251.382        1197490739   1335      0     37          43   1335
     GPU 0  1.000  0.000  0.000  0.000  0.002  0.000  0.000  0.000              13315825               8285402         100           0       0.000      99.000     251.382        1197490739   1335      0     37          43   1335
     GPU 0  1.000  0.944  0.762  0.000  0.002  0.000  0.623  0.000              10739375               7718525         100           0       0.000      99.000     245.693        1197516202   1335      0     37          43   1335
     GPU 0  1.000  0.942  0.758  0.000  0.002  0.000  0.616  0.000               5636001               4415466         100           0       0.000      99.000     245.693        1197516202   1335      0     37          43   1335
     GPU 0  1.000  0.000  0.000  0.000  0.002  0.000  0.000  0.000              12519277               9338429         100           0       0.000      99.000     245.693        1197516202   1335      0     37          44   1335
     GPU 0  1.000  0.000  0.000  0.000  0.002  0.000  0.000  0.000              12519277               9338429         100           0       0.000      99.000     245.693        1197516202   1335      0     37          43   1335
     GPU 0  1.000  0.954  0.774  0.000  0.002  0.000  0.634  0.000              10302757               7522173         100           0       0.000      99.000     245.693        1197516202   1335      0     38          43   1335
     GPU 0  1.000  0.950  0.762  0.000  0.002  0.000  0.631  0.000               4626986               4481607         100           0       0.000      99.000     245.693        1197541001   1335      0     38          43   1335
     GPU 0  1.000  0.000  0.000  0.000  0.002  0.000  0.000  0.000               1172995               1340566         100           0       0.000      99.000     246.811        1197541001   1335      0     38          43   1335
     GPU 0  1.000  0.945  0.744  0.000  0.002  0.000  0.609  0.000               9484380               7049672         100           0       0.000      99.000     246.811        1197541001   1335      0     38          43   1335
     GPU 0  1.000  0.000  0.000  0.000  0.002  0.000  0.000  0.000               6060711               5408267         100           0       0.000      99.000     246.811        1197541001   1335      0     38          43   1335
     GPU 0  1.000  0.948  0.746  0.000  0.002  0.000  0.626  0.000               2216805               1647845         100           0       0.000      99.000     246.811        1197541001   1335      0     38          44   1335

# Entity  GRACT  SMACT  SMOCC  TENSO  DRAMA  FP64A  FP32A  FP16A                 PCITX                 PCIRX       GPUTL       MCUTL       MUSAM       GUSAM       POWER             TOTEC  SACLK  PSTAT  TMPTR       MMTMP  SMCLK
      Id                                                                                                                                                               W                mJ                    C           C       
     GPU 0  1.000  0.948  0.746  0.000  0.002  0.000  0.626  0.000               2216805               1647845         100           0       0.000      99.000     246.811        1197565998   1335      0     38          43   1335
     GPU 0  1.000  0.956  0.785  0.000  0.002  0.000  0.635  0.000               5771000               4087746         100           0       0.000      99.000     243.262        1197565998   1335      0     38          44   1335
     GPU 0  1.000  0.000  0.000  0.000  0.002  0.000  0.000  0.000               9639677               7627926         100           0       0.000      99.000     243.262        1197565998   1335      0     38          45   1335
     GPU 0  1.000  0.952  0.763  0.000  0.002  0.000  0.624  0.000              11930819               8832740         100           0       0.000      99.000     243.262        1197565998   1335      0     38          43   1335
     GPU 0  1.000  0.943  0.730  0.000  0.002  0.000  0.618  0.000               4877808               3541720         100           0       0.000      99.000     243.262        1197565998   1335      0     38          43   1335
     GPU 0  1.000  0.000  0.000  0.000  0.002  0.000  0.000  0.000               5805148               4533950         100           0       0.000      99.000     243.262        1197565998   1335      0     38          44   1335
     GPU 0  1.000  0.000  0.000  0.000  0.002  0.000  0.000  0.000               5805148               4533950         100           0       0.000      99.000     247.060        1197590695   1335      0     38          44   1335
     GPU 0  1.000  0.000  0.000  0.000  0.002  0.000  0.000  0.000               5805148               4533950         100           0       0.000      99.000     247.060        1197590695   1335      0     38          44   1335
     GPU 0  1.000  0.000  0.000  0.000  0.002  0.000  0.000  0.000               5805148               4533950         100           0       0.000      99.000     247.060        1197590695   1335      0     38          44   1335
     GPU 0  1.000  0.951  0.762  0.000  0.002  0.000  0.630  0.000              18604250              11101301         100           0       0.000      99.000     247.060        1197590695   1335      0     38          44   1335
     GPU 0  1.000  0.000  0.000  0.000  0.002  0.000  0.000  0.000               8412127               5476513         100           0       0.000      99.000     247.060        1197615725   1335      0     39          45   1335
     GPU 0  1.000  0.947  0.752  0.000  0.002  0.000  0.626  0.000               5801735               3353143         100           0       0.000      99.000     245.693        1197615725   1335      0     39          45   1335
     GPU 0  1.000  0.947  0.752  0.000  0.002  0.000  0.626  0.000               5801735               3353143         100           0       0.000      99.000     245.693        1197615725   1335      0     39          44   1335
     GPU 0  1.000  0.944  0.745  0.000  0.002  0.000  0.622  0.000               9852738               7001668         100           0       0.000      99.000     245.693        1197615725   1335      0     39          45   1335

# Entity  GRACT  SMACT  SMOCC  TENSO  DRAMA  FP64A  FP32A  FP16A                 PCITX                 PCIRX       GPUTL       MCUTL       MUSAM       GUSAM       POWER             TOTEC  SACLK  PSTAT  TMPTR       MMTMP  SMCLK
      Id                                                                                                                                                               W                mJ                    C           C       
     GPU 0  1.000  0.000  0.000  0.000  0.002  0.000  0.000  0.000               6998771               5740948         100           0       0.000      99.000     245.693        1197615725   1335      0     39          44   1335
     GPU 0  1.000  0.954  0.756  0.000  0.002  0.000  0.616  0.000               3472689               2281263         100           0       0.000      99.000     245.693        1197640735   1335      0     39          44   1335
     GPU 0  1.000  0.000  0.000  0.000  0.002  0.000  0.000  0.000               7460904               5431538         100           0       0.000      99.000     245.161        1197640735   1335      0     39          44   1335
     GPU 0  1.000  0.947  0.754  0.000  0.002  0.000  0.607  0.000               2730108               2693980         100           0       0.000      99.000     245.161        1197640735   1335      0     39          44   1335
     GPU 0  1.000  0.964  0.744  0.000  0.002  0.000  0.639  0.000               4903307               3230880         100           0       0.000      99.000     245.161        1197640735   1335      0     39          44   1335
     GPU 0  1.000  0.964  0.744  0.000  0.002  0.000  0.639  0.000               4903307               3230880         100           0       0.000      99.000     245.161        1197640735   1335      0     39          44   1335
     GPU 0  1.000  0.000  0.000  0.000  0.002  0.000  0.000  0.000               4612433               3262140         100           0       0.000      99.000     244.919        1197640735   1335      0     39          44   1335
     GPU 0  1.000  0.948  0.753  0.000  0.002  0.000  0.627  0.000               6739864               5402240         100           0       0.000      99.000     244.919        1197665809   1335      0     39          44   1335
     GPU 0  1.000  0.942  0.744  0.000  0.002  0.000  0.604  0.000               9346182               7327402         100           0       0.000      99.000     244.919        1197665809   1335      0     39          44   1335
     GPU 0  1.000  0.000  0.000  0.000  0.002  0.000  0.000  0.000               9577441               7486400         100           0       0.000      99.000     244.919        1197665809   1335      0     39          44   1335
     GPU 0  1.000  0.947  0.759  0.000  0.002  0.000  0.627  0.000               9480416               7380456         100           0       0.000      99.000     244.919        1197665809   1335      0     39          44   1335
     GPU 0  1.000  0.947  0.759  0.000  0.002  0.000  0.627  0.000               9480416               7380456         100           0       0.000      99.000     247.881        1197690478   1335      0     39          44   1335
     GPU 0  1.000  0.945  0.761  0.000  0.002  0.000  0.617  0.000               5446191               4818466         100           0       0.000      99.000     247.881        1197690478   1335      0     39          44   1335
     GPU 0  1.000  0.000  0.000  0.000  0.002  0.000  0.000  0.000               3465226               1766683         100           0       0.000      99.000     247.881        1197690478   1335      0     39          44   1335

# Entity  GRACT  SMACT  SMOCC  TENSO  DRAMA  FP64A  FP32A  FP16A                 PCITX                 PCIRX       GPUTL       MCUTL       MUSAM       GUSAM       POWER             TOTEC  SACLK  PSTAT  TMPTR       MMTMP  SMCLK
      Id                                                                                                                                                               W                mJ                    C           C       
     GPU 0  1.000  0.947  0.754  0.000  0.002  0.000  0.622  0.000               2297703               1653375         100           0       0.000      99.000     247.881        1197690478   1335      0     39          44   1335
     GPU 0  1.000  0.948  0.783  0.000  0.002  0.000  0.593  0.000               2334910               1727192         100           0       0.000      99.000     247.881        1197690478   1335      0     39          44   1335
     GPU 0  1.000  0.948  0.783  0.000  0.002  0.000  0.593  0.000               2334910               1727192         100           0       0.000      99.000     247.881        1197690478   1335      0     39          44   1335
     GPU 0  1.000  0.000  0.000  0.000  0.002  0.000  0.000  0.000               5287663               3742433         100           0       0.000      99.000     244.919        1197715713   1335      0     39          44   1335
     GPU 0  1.000  0.944  0.750  0.000  0.002  0.000  0.623  0.000               8392459               6068426         100           0       0.000      99.000     244.919        1197715713   1335      0     39          44   1335
     GPU 0  1.000  0.957  0.776  0.000  0.002  0.000  0.619  0.000              10638542               8304991         100           0       0.000      99.000     244.919        1197715713   1335      0     39          44   1335
     GPU 0  1.000  0.000  0.000  0.000  0.002  0.000  0.000  0.000              10917378               8585989         100           0       0.000      99.000     244.919        1197715713   1335      0     39          44   1335
     GPU 0  1.000  0.944  0.753  0.000  0.002  0.000  0.625  0.000              10939303               8398019         100           0       0.000      99.000     247.350        1197740136   1335      0     40          44   1335
     GPU 0  1.000  0.944  0.753  0.000  0.002  0.000  0.625  0.000              10939303               8398019         100           0       0.000      99.000     247.350        1197740136   1335      0     40          44   1335
     GPU 0  1.000  0.942  0.741  0.000  0.002  0.000  0.621  0.000               6153754               5359009         100           0       0.000      99.000     247.350        1197740136   1335      0     40          44   1335
     GPU 0  1.000  0.000  0.000  0.000  0.002  0.000  0.000  0.000               6205293               6060562         100           0       0.000      99.000     247.350        1197740136   1335      0     40          44   1335
     GPU 0  1.000  0.944  0.746  0.000  0.002  0.000  0.623  0.000               3426396               2902022         100           0       0.000      99.000     247.350        1197740136   1335      0     40          44   1335
     GPU 0  1.000  0.938  0.726  0.000  0.002  0.000  0.598  0.000               3791028               2113859         100           0       0.000      99.000     247.350        1197740136   1335      0     40          44   1335
     GPU 0  1.000  0.938  0.726  0.000  0.002  0.000  0.598  0.000               3791028               2113859         100           0       0.000      99.000     246.279        1197765139   1335      0     40          44   1335

# Entity  GRACT  SMACT  SMOCC  TENSO  DRAMA  FP64A  FP32A  FP16A                 PCITX                 PCIRX       GPUTL       MCUTL       MUSAM       GUSAM       POWER             TOTEC  SACLK  PSTAT  TMPTR       MMTMP  SMCLK
      Id                                                                                                                                                               W                mJ                    C           C       
     GPU 0  1.000  0.000  0.000  0.000  0.002  0.000  0.000  0.000               5335075               3597004         100           0       0.000      99.000     246.279        1197765139   1335      0     40          44   1335
     GPU 0  1.000  0.947  0.748  0.000  0.002  0.000  0.626  0.000               5270997               3749978         100           0       0.000      99.000     246.279        1197765139   1335      0     40          44   1335
     GPU 0  1.000  0.948  0.764  0.000  0.002  0.000  0.627  0.000               7828845               5674651         100           0       0.000      99.000     246.279        1197765139   1335      0     40          44   1335
     GPU 0  1.000  0.000  0.000  0.000  0.002  0.000  0.000  0.000               9893477               7698604         100           0       0.000      99.000     248.951        1197789799   1335      0     40          44   1335
     GPU 0  1.000  0.000  0.000  0.000  0.002  0.000  0.000  0.000               9893477               7698604         100           0       0.000      99.000     248.951        1197789799   1335      0     40          44   1335
     GPU 0  1.000  0.948  0.753  0.000  0.002  0.000  0.624  0.000              11540178               8655133         100           0       0.000      99.000     248.951        1197789799   1335      0     40          44   1335
     GPU 0  1.000  0.950  0.747  0.000  0.002  0.000  0.626  0.000               3516079               3808760         100           0       0.000      99.000     248.951        1197789799   1335      0     40          44   1335
     GPU 0  1.000  0.000  0.000  0.000  0.002  0.000  0.000  0.000              10526821               8137250         100           0       0.000      99.000     248.951        1197789799   1335      0     40          44   1335
     GPU 0  1.000  0.949  0.764  0.000  0.002  0.000  0.631  0.000               9219923               7176189         100           0       0.000      99.000     245.693        1197789799   1335      0     40          44   1335
     GPU 0  1.000  0.949  0.764  0.000  0.002  0.000  0.631  0.000               9219923               7176189         100           0       0.000      99.000     245.693        1197814937   1335      0     40          44   1335
     GPU 0  1.000  0.947  0.761  0.000  0.002  0.000  0.616  0.000               7865112               6076694         100           0       0.000      99.000     245.693        1197814937   1335      0     40          44   1335
     GPU 0  1.000  0.000  0.000  0.000  0.002  0.000  0.000  0.000               2574326               1278341         100           0       0.000      99.000     245.693        1197814937   1335      0     40          44   1335
     GPU 0  1.000  0.949  0.760  0.000  0.002  0.000  0.628  0.000               4957566               3228891         100           0       0.000      99.000     245.693        1197814937   1335      0     40          44   1335
     GPU 0  1.000  0.942  0.753  0.000  0.002  0.000  0.619  0.000               5900429               4465928         100           0       0.000      99.000     245.693        1197839658   1335      0     40          45   1335

# Entity  GRACT  SMACT  SMOCC  TENSO  DRAMA  FP64A  FP32A  FP16A                 PCITX                 PCIRX       GPUTL       MCUTL       MUSAM       GUSAM       POWER             TOTEC  SACLK  PSTAT  TMPTR       MMTMP  SMCLK
      Id                                                                                                                                                               W                mJ                    C           C       
     GPU 0  1.000  0.942  0.753  0.000  0.002  0.000  0.619  0.000               5900429               4465928         100           0       0.000      99.000     247.591        1197839658   1335      0     40          45   1335
     GPU 0  1.000  0.000  0.000  0.000  0.002  0.000  0.000  0.000               8881316               6752095         100           0       0.000      99.000     247.591        1197839658   1335      0     40          44   1335
     GPU 0  1.000  0.943  0.757  0.000  0.002  0.000  0.622  0.000               7574050               6125842         100           0       0.000      99.000     247.591        1197839658   1335      0     40          44   1335
     GPU 0  1.000  0.950  0.756  0.000  0.002  0.000  0.612  0.000              10069622               8106166         100           0       0.000      99.000     247.591        1197839658   1335      0     40          44   1335
     GPU 0  1.000  0.000  0.000  0.000  0.002  0.000  0.000  0.000              10745905               8144449         100           0       0.000      99.000     247.591        1197839658   1335      0     40          45   1335
     GPU 0  1.000  0.941  0.747  0.000  0.002  0.000  0.620  0.000               5053671               4929040         100           0       0.000      99.000     246.279        1197864818   1335      0     40          45   1335
     GPU 0  1.000  0.941  0.747  0.000  0.002  0.000  0.620  0.000               5053671               4929040         100           0       0.000      99.000     246.279        1197864818   1335      0     40          45   1335
     GPU 0  1.000  0.948  0.781  0.000  0.002  0.000  0.630  0.000               2379241               1442435         100           0       0.000      99.000     246.279        1197864818   1335      0     40          45   1335
     GPU 0  1.000  0.000  0.000  0.000  0.002  0.000  0.000  0.000               2256986               1402611         100           0       0.000      99.000     246.279        1197864818   1335      0     40          45   1335
     GPU 0  1.000  0.949  0.756  0.000  0.002  0.000  0.615  0.000               5250520               3598415         100           0       0.000      99.000     247.881        1197889590   1335      0     40          45   1335
     GPU 0  1.000  0.946  0.724  0.000  0.002  0.000  0.622  0.000               7543400               5176043         100           0       0.000      99.000     247.881        1197889590   1335      0     40          45   1335
     GPU 0  1.000  0.000  0.000  0.000  0.002  0.000  0.000  0.000               9002175               6174406         100           0       0.000      99.000     247.881        1197889590   1335      0     40          46   1335
     GPU 0  1.000  0.000  0.000  0.000  0.002  0.000  0.000  0.000               9002175               6174406         100           0       0.000      99.000     247.881        1197889590   1335      0     40          45   1335
     GPU 0  1.000  0.948  0.750  0.000  0.002  0.000  0.625  0.000              10108531               7824314         100           0       0.000      99.000     247.881        1197889590   1335      0     40          46   1335

# Entity  GRACT  SMACT  SMOCC  TENSO  DRAMA  FP64A  FP32A  FP16A                 PCITX                 PCIRX       GPUTL       MCUTL       MUSAM       GUSAM       POWER             TOTEC  SACLK  PSTAT  TMPTR       MMTMP  SMCLK
      Id                                                                                                                                                               W                mJ                    C           C       
     GPU 0  1.000  0.947  0.749  0.000  0.002  0.000  0.624  0.000              10520325               8445246         100           0       0.000      99.000     249.241        1197889590   1335      0     40          45   1335
     GPU 0  1.000  0.000  0.000  0.000  0.002  0.000  0.000  0.000              10907100               8144462         100           0       0.000      99.000     249.241        1197914676   1335      0     40          45   1335
     GPU 0  1.000  0.942  0.751  0.000  0.002  0.000  0.623  0.000               6795720               5290412         100           0       0.000      99.000     249.241        1197914676   1335      0     41          45   1335
     GPU 0  1.000  0.952  0.757  0.000  0.002  0.000  0.626  0.000               9021081               7068304         100           0       0.000      99.000     249.241        1197914676   1335      0     41          45   1335
     GPU 0  1.000  0.952  0.757  0.000  0.002  0.000  0.626  0.000               9021081               7068304         100           0       0.000      99.000     249.241        1197914676   1335      0     41          46   1335
     GPU 0  1.000  0.000  0.000  0.000  0.002  0.000  0.000  0.000               5132645               4387453         100           0       0.000      99.000     249.241        1197939378   1335      0     41          46   1335
     GPU 0  1.000  0.948  0.744  0.000  0.002  0.000  0.617  0.000              11778646               8270279         100           0       0.000      99.000     247.060        1197939378   1335      0     41          45   1335
     GPU 0  1.000  0.946  0.751  0.000  0.002  0.000  0.625  0.000              13059691               9693175         100           0       0.000      99.000     247.060        1197939378   1335      0     41          45   1335
     GPU 0  1.000  0.000  0.000  0.000  0.002  0.000  0.000  0.000               7279679               6347985         100           0       0.000      99.000     247.060        1197939378   1335      0     41          46   1335
     GPU 0  1.000  0.948  0.758  0.000  0.002  0.000  0.608  0.000               2418373               1852152         100           0       0.000      99.000     247.060        1197939378   1335      0     41          45   1335
     GPU 0  1.000  0.948  0.758  0.000  0.002  0.000  0.608  0.000               2418373               1852152         100           0       0.000      99.000     247.591        1197939378   1335      0     41          46   1335
     GPU 0  1.000  0.959  0.786  0.000  0.002  0.000  0.637  0.000               3596148               1411884         100           0       0.000      99.000     247.591        1197964299   1335      0     41          45   1335
     GPU 0  1.000  0.000  0.000  0.000  0.002  0.000  0.000  0.000               7299164               5012458         100           0       0.000      99.000     247.591        1197964299   1335      0     41          45   1335
     GPU 0  1.000  0.946  0.750  0.000  0.002  0.000  0.624  0.000               8293604               6205875         100           0       0.000      99.000     247.591        1197964299   1335      0     41          45   1335

# Entity  GRACT  SMACT  SMOCC  TENSO  DRAMA  FP64A  FP32A  FP16A                 PCITX                 PCIRX       GPUTL       MCUTL       MUSAM       GUSAM       POWER             TOTEC  SACLK  PSTAT  TMPTR       MMTMP  SMCLK
      Id                                                                                                                                                               W                mJ                    C           C       
     GPU 0  1.000  0.955  0.762  0.000  0.002  0.000  0.617  0.000              10802618               8289962         100           0       0.000      99.000     247.591        1197964299   1335      0     41          45   1335
     GPU 0  1.000  0.000  0.000  0.000  0.002  0.000  0.000  0.000              11687849               9183127         100           0       0.000      99.000     247.591        1197989407   1335      0     41          45   1335
     GPU 0  1.000  0.945  0.755  0.000  0.002  0.000  0.626  0.000               8589401               6693224         100           0       0.000      99.000     245.451        1197989407   1335      0     41          46   1335
     GPU 0  1.000  0.945  0.755  0.000  0.002  0.000  0.626  0.000               8589401               6693224         100           0       0.000      99.000     245.451        1197989407   1335      0     41          45   1335
     GPU 0  1.000  0.944  0.754  0.000  0.002  0.000  0.623  0.000               7810481               6140618         100           0       0.000      99.000     245.451        1197989407   1335      0     41          46   1335
     GPU 0  1.000  0.000  0.000  0.000  0.002  0.000  0.000  0.000               6322952               4983094         100           0       0.000      99.000     245.451        1197989407   1335      0     41          45   1335
     GPU 0  1.000  0.945  0.741  0.000  0.002  0.000  0.606  0.000               6423133               5435975         100           0       0.000      99.000     248.171        1197989407   1335      0     41          45   1335
     GPU 0  1.000  0.945  0.741  0.000  0.002  0.000  0.606  0.000               6423133               5435975         100           0       0.000      99.000     248.171        1198014508   1335      0     41          45   1335
     GPU 0  1.000  0.943  0.749  0.000  0.002  0.000  0.620  0.000               7766421               5921253         100           0       0.000      99.000     248.171        1198014508   1335      0     41          45   1335
     GPU 0  1.000  0.000  0.000  0.000  0.002  0.000  0.000  0.000               2695115               1802168         100           0       0.000      99.000     248.171        1198014508   1335      0     41          45   1335
     GPU 0  1.000  0.943  0.755  0.000  0.002  0.000  0.624  0.000               4840408               3010032         100           0       0.000      99.000     248.171        1198014508   1335      0     41          45   1335
     GPU 0  1.000  0.956  0.766  0.000  0.002  0.000  0.636  0.000               5693963               4323343         100           0       0.000      99.000     248.171        1198039199   1335      0     41          45   1335
     GPU 0  1.000  0.000  0.000  0.000  0.002  0.000  0.000  0.000               9512171               5968806         100           0       0.000      99.000     245.704        1198039199   1335      0     41          45   1335
     GPU 0  1.000  0.000  0.000  0.000  0.002  0.000  0.000  0.000               9512171               5968806         100           0       0.000      99.000     245.704        1198039199   1335      0     41          45   1335

# Entity  GRACT  SMACT  SMOCC  TENSO  DRAMA  FP64A  FP32A  FP16A                 PCITX                 PCIRX       GPUTL       MCUTL       MUSAM       GUSAM       POWER             TOTEC  SACLK  PSTAT  TMPTR       MMTMP  SMCLK
      Id                                                                                                                                                               W                mJ                    C           C       
     GPU 0  1.000  0.942  0.747  0.000  0.002  0.000  0.621  0.000              10454043               6768209         100           0       0.000      99.000     245.704        1198039199   1335      0     41          45   1335
     GPU 0  1.000  0.941  0.739  0.000  0.002  0.000  0.611  0.000               8787967               7502613         100           0       0.000      99.000     245.704        1198039199   1335      0     41          45   1335
     GPU 0  1.000  0.000  0.000  0.000  0.002  0.000  0.000  0.000              11437552               8322469         100           0       0.000      99.000     248.171        1198039199   1335      0     41          45   1335
     GPU 0  1.000  0.000  0.000  0.000  0.002  0.000  0.000  0.000              11437552               8322469         100           0       0.000      99.000     248.171        1198064552   1335      0     41          45   1335
     GPU 0  0.500  0.942  0.741  0.000  0.001  0.000  0.622  0.000            1436819701               1829150         100           0       0.000      99.000     248.171        1198064552   1335      0     41          45   1335
     GPU 0  0.000  0.000  0.000  0.000  0.000  0.000  0.000  0.000               4890390               2110578         100           0       0.000      99.000     248.171        1198064552   1335      0     38          45   1335
     GPU 0  0.000  0.000  0.000  0.000  0.000  0.000  0.000  0.000               5252519               2482261         100           0       0.000      99.000     248.171        1198064552   1335      0     37          45   1335
     GPU 0  0.000  0.000  0.000  0.000  0.000  0.000  0.000  0.000               6742781               4144149         100           0       0.000      99.000     248.171        1198064552   1335      0     37          45   1335
     GPU 0  0.000  0.000  0.000  0.000  0.000  0.000  0.000  0.000               9107453               5102859          57           0       0.000      99.000     102.790        1198079618   1335      0     37          45   1335
     GPU 0  0.000  0.000  0.000  0.000  0.000  0.000  0.000  0.000               9107453               5102859          57           0       0.000      57.000     102.790        1198079618   1335      0     36          45   1335
     GPU 0  0.000  0.000  0.000  0.000  0.000  0.000  0.000  0.000               7723579               5302651          57           0       0.000      57.000     102.790        1198079618   1335      0     35          45   1335
     GPU 0  0.000  0.000  0.000  0.000  0.000  0.000  0.000  0.000              10353354               6849095          57           0       0.000      57.000     102.790        1198079618   1335      0     34          45   1335
     GPU 0  0.000  0.000  0.000  0.000  0.000  0.000  0.000  0.000              10530555               6846387          57           0       0.000      57.000     101.724        1198079618   1335      0     34          46   1335
     GPU 0  0.000  0.000  0.000  0.000  0.000  0.000  0.000  0.000               9573786               5049476          57           0       0.000      57.000     101.724        1198090052   1335      0     34          45   1335

# Entity  GRACT  SMACT  SMOCC  TENSO  DRAMA  FP64A  FP32A  FP16A                 PCITX                 PCIRX       GPUTL       MCUTL       MUSAM       GUSAM       POWER             TOTEC  SACLK  PSTAT  TMPTR       MMTMP  SMCLK
      Id                                                                                                                                                               W                mJ                    C           C       
     GPU 0  0.000  0.000  0.000  0.000  0.000  0.000  0.000  0.000               9251506               5441212          57           0       0.000      57.000     101.724        1198090052   1335      0     34          45   1335
     GPU 0  0.000  0.000  0.000  0.000  0.000  0.000  0.000  0.000               9239690               5569311          57           0       0.000      57.000     101.724        1198090052   1335      0     34          46   1335
     GPU 0  0.000  0.000  0.000  0.000  0.000  0.000  0.000  0.000              10101420               6621865          57           0       0.000      57.000     101.724        1198090052   1335      0     34          46   1335
     GPU 0  0.000  0.000  0.000  0.000  0.000  0.000  0.000  0.000              10101420               6621865          57           0       0.000      57.000     101.724        1198100168   1335      0     33          46   1335
     GPU 0  0.000  0.000  0.000  0.000  0.000  0.000  0.000  0.000              11025658               6738320          57           0       0.000      57.000     101.136        1198100168   1335      0     33          45   1335
     GPU 0  0.000  0.000  0.000  0.000  0.000  0.000  0.000  0.000               8162956               5550881           0           0       0.000       0.000     101.136        1198100168   1335      0     33          46   1335
     GPU 0  0.000  0.000  0.000  0.000  0.000  0.000  0.000  0.000               3015144                     0           0           0       0.000       0.000     101.136        1198100168   1335      0     33          45   1335
     GPU 0  0.000  0.000  0.000  0.000  0.000  0.000  0.000  0.000               1966705                163892           0           0       0.000       0.000     101.136        1198100168   1335      0     33          46   1335
     GPU 0  0.000  0.000  0.000  0.000  0.000  0.000  0.000  0.000               1966705                163892           0           0       0.000       0.000     101.136        1198100168   1335      0     33          45   1335
     GPU 0  0.000  0.000  0.000  0.000  0.000  0.000  0.000  0.000               3425325                274987           0           0       0.000       0.000     100.894        1198110459   1335      0     33          45   1335
     GPU 0  0.000  0.000  0.000  0.000  0.000  0.000  0.000  0.000               5988427               2559044           0           0       0.000       0.000     100.894        1198110459   1335      0     33          44   1335
     GPU 0  0.000  0.000  0.000  0.000  0.000  0.000  0.000  0.000               4895934               2338241           0           0       0.000       0.000     100.894        1198110459   1335      0     32          44   1335
     GPU 0  0.000  0.000  0.000  0.000  0.000  0.000  0.000  0.000               7556874               4258813           0           0       0.000       0.000     100.894        1198110459   1335      0     32          44   1335
     GPU 0  0.000  0.000  0.000  0.000  0.000  0.000  0.000  0.000              10912747               7107462           0           0       0.000       0.000     100.894        1198120558   1335      0     32          44   1335

# Entity  GRACT  SMACT  SMOCC  TENSO  DRAMA  FP64A  FP32A  FP16A                 PCITX                 PCIRX       GPUTL       MCUTL       MUSAM       GUSAM       POWER             TOTEC  SACLK  PSTAT  TMPTR       MMTMP  SMCLK
      Id                                                                                                                                                               W                mJ                    C           C       
     GPU 0  0.000  0.000  0.000  0.000  0.000  0.000  0.000  0.000              11472736               7263986           0           0       0.000       0.000     100.894        1198120558   1335      0     32          44   1335
     GPU 0  0.000  0.000  0.000  0.000  0.000  0.000  0.000  0.000              11472736               7263986           0           0       0.000       0.000     100.894        1198120558   1335      0     32          45   1335
     GPU 0  0.000  0.000  0.000  0.000  0.000  0.000  0.000  0.000               9517344               6247054           0           0       0.000       0.000     100.894        1198120558   1335      0     32          44   1335
     GPU 0  0.000  0.000  0.000  0.000  0.000  0.000  0.000  0.000               9517344               6247054           0           0       0.000       0.000     100.894        1198120558   1335      0     32          44   1335
     GPU 0  0.002  0.000  0.000  0.000  0.000  0.000  0.000  0.000               6049714               7644481           0           0       0.000       0.000     100.894        1198130750   1335      0     32          44   1335
     GPU 0  0.002  0.000  0.000  0.000  0.000  0.000  0.000  0.000               6049714               7644481           0           0       0.000       0.000     100.894        1198130750   1335      0     32          44   1335
     GPU 0  0.002  0.000  0.000  0.000  0.000  0.000  0.000  0.000               6049714               7644481           0           0       0.000       0.000     100.894        1198130750   1335      0     32          44   1335
     GPU 0  0.000  0.000  0.000  0.000  0.000  0.000  0.000  0.000               9700528               6558435           0           0       0.000       0.000     100.894        1198130750   1335      0     32          44   1335
     GPU 0  0.000  0.000  0.000  0.000  0.000  0.000  0.000  0.000               9700528               6558435           0           0       0.000       0.000     100.894        1198130750   1335      0     32          44   1335
     GPU 0  0.000  0.000  0.000  0.000  0.000  0.000  0.000  0.000               9700528               6558435           0           0       0.000       0.000     100.603        1198140918   1335      0     32          44   1335
     GPU 0  0.000  0.000  0.000  0.000  0.000  0.000  0.000  0.000               9940630               8782984           0           0       0.000       0.000     100.603        1198140918   1335      0     32          44   1335
     GPU 0  0.000  0.000  0.000  0.000  0.000  0.000  0.000  0.000               9940630               8782984           0           0       0.000       0.000     100.603        1198140918   1335      0     32          44   1335
     GPU 0  0.000  0.000  0.000  0.000  0.000  0.000  0.000  0.000               9940630               8782984           6           0       0.000       0.000     100.603        1198140918   1335      0     32          44   1335
     GPU 0  0.000  0.000  0.000  0.000  0.000  0.000  0.000  0.000               2620883               4177032           6           0       0.000       0.000     100.603        1198140918   1335      0     31          45   1335

# Entity  GRACT  SMACT  SMOCC  TENSO  DRAMA  FP64A  FP32A  FP16A                 PCITX                 PCIRX       GPUTL       MCUTL       MUSAM       GUSAM       POWER             TOTEC  SACLK  PSTAT  TMPTR       MMTMP  SMCLK
      Id                                                                                                                                                               W                mJ                    C           C       
     GPU 0  0.000  0.000  0.000  0.000  0.000  0.000  0.000  0.000               2620883               4177032           6           0       0.000       0.000     100.603        1198151178   1335      0     31          45   1335
     GPU 0  0.000  0.000  0.000  0.000  0.000  0.000  0.000  0.000              10697140               8522299           6           0       0.000       0.000     101.724        1198151178   1335      0     31          45   1335
     GPU 0  0.000  0.000  0.000  0.000  0.000  0.000  0.000  0.000              10697140               8522299           6           0       0.000       0.000     101.724        1198151178   1335      0     31          44   1335
     GPU 0  0.000  0.000  0.000  0.000  0.000  0.000  0.000  0.000              10808401               7890087           6           0       0.000       0.000     101.724        1198151178   1335      0     31          44   1335
     GPU 0  0.000  0.000  0.000  0.000  0.000  0.000  0.000  0.000               8297452               5657081           6           0       0.000       0.000     101.724        1198151178   1335      0     31          44   1335
     GPU 0  0.000  0.000  0.000  0.000  0.000  0.000  0.000  0.000              10758762               6721737           6           0       0.000       0.000     101.724        1198151178   1335      0     31          44   1335
     GPU 0  0.000  0.000  0.000  0.000  0.000  0.000  0.000  0.000              11997556               7193906           6           0       0.000       0.000     101.724        1198161483   1335      0     31          45   1335
     GPU 0  0.000  0.000  0.000  0.000  0.000  0.000  0.000  0.000               7658201               5398566           0           0       0.000       0.000     101.724        1198161483   1335      0     31          45   1335
     GPU 0  0.000  0.000  0.000  0.000  0.000  0.000  0.000  0.000               4811682               3165208           0           0       0.000       0.000     101.724        1198161483   1335      0     31          44   1335
     GPU 0  0.000  0.000  0.000  0.000  0.000  0.000  0.000  0.000               4811682               3165208           0           0       0.000       0.000     101.724        1198161483   1335      0     31          44   1335
     GPU 0  0.000  0.000  0.000  0.000  0.000  0.000  0.000  0.000               1928465                122057           0           0       0.000       0.000     101.724        1198171756   1335      0     31          45   1335
     GPU 0  0.000  0.000  0.000  0.000  0.000  0.000  0.000  0.000               4002794                275224           0           0       0.000       0.000     101.724        1198171756   1335      0     31          45   1335
     GPU 0  0.000  0.000  0.000  0.000  0.000  0.000  0.000  0.000               3627258                483438           0           0       0.000       0.000     101.724        1198171756   1335      0     31          44   1335
     GPU 0  0.000  0.000  0.000  0.000  0.000  0.000  0.000  0.000               5166350               2198470           0           0       0.000       0.000     101.724        1198171756   1335      0     31          45   1335

# Entity  GRACT  SMACT  SMOCC  TENSO  DRAMA  FP64A  FP32A  FP16A                 PCITX                 PCIRX       GPUTL       MCUTL       MUSAM       GUSAM       POWER             TOTEC  SACLK  PSTAT  TMPTR       MMTMP  SMCLK
      Id                                                                                                                                                               W                mJ                    C           C       
     GPU 0  0.000  0.000  0.000  0.000  0.000  0.000  0.000  0.000               7396202               3872937           0           0       0.000       0.000     101.724        1198171756   1335      0     31          45   1335
     GPU 0  0.000  0.000  0.000  0.000  0.000  0.000  0.000  0.000               7396202               3872937           0           0       0.000       0.000     101.724        1198171756   1335      0     31          44   1335
     GPU 0  0.000  0.000  0.000  0.000  0.000  0.000  0.000  0.000               9297433               5093074           0           0       0.000       0.000     101.724        1198182031   1335      0     31          44   1335
     GPU 0  0.000  0.000  0.000  0.000  0.000  0.000  0.000  0.000              13382324               8337067           0           0       0.000       0.000     101.724        1198182031   1335      0     31          44   1335
     GPU 0  0.000  0.000  0.000  0.000  0.000  0.000  0.000  0.000              11715694               7840317           0           0       0.000       0.000     101.724        1198182031   1335      0     31          44   1335
     GPU 0  0.000  0.000  0.000  0.000  0.000  0.000  0.000  0.000              10378829               6798585           0           0       0.000       0.000     101.724        1198182031   1335      0     31          44   1335
     GPU 0  0.000  0.000  0.000  0.000  0.000  0.000  0.000  0.000               5794170               3706168           0           0       0.000       0.000     101.724        1198192293   1335      0     31          44   1335
     GPU 0  0.000  0.000  0.000  0.000  0.000  0.000  0.000  0.000               8226188               5424268           0           0       0.000       0.000     101.724        1198192293   1335      0     31          44   1335
     GPU 0  0.000  0.000  0.000  0.000  0.000  0.000  0.000  0.000               8226188               5424268           0           0       0.000       0.000     101.724        1198192293   1335      0     31          44   1335
     GPU 0  0.000  0.000  0.000  0.000  0.000  0.000  0.000  0.000               7364236               4351026           0           0       0.000       0.000     101.724        1198192293   1335      0     31          45   1335
     GPU 0  0.000  0.000  0.000  0.000  0.000  0.000  0.000  0.000               9088375               5641825           0           0       0.000       0.000     101.724        1198192293   1335      0     31          44   1335
     GPU 0  0.000  0.000  0.000  0.000  0.000  0.000  0.000  0.000               3063935                     0           0           0       0.000       0.000     101.724        1198192293   1335      0     31          44   1335
     GPU 0  0.000  0.000  0.000  0.000  0.000  0.000  0.000  0.000               1255151                     0           0           0       0.000       0.000     101.426        1198202569   1335      0     31          44   1335
     GPU 0  0.000  0.000  0.000  0.000  0.000  0.000  0.000  0.000               1255151                     0           0           0       0.000       0.000     101.426        1198202569   1335      0     31          44   1335

# Entity  GRACT  SMACT  SMOCC  TENSO  DRAMA  FP64A  FP32A  FP16A                 PCITX                 PCIRX       GPUTL       MCUTL       MUSAM       GUSAM       POWER             TOTEC  SACLK  PSTAT  TMPTR       MMTMP  SMCLK
      Id                                                                                                                                                               W                mJ                    C           C       
     GPU 0  0.000  0.000  0.000  0.000  0.000  0.000  0.000  0.000               2522671               1195266           0           0       0.000       0.000     101.426        1198202569   1335      0     31          44   1335
     GPU 0  0.000  0.000  0.000  0.000  0.000  0.000  0.000  0.000               4247612               1941565           0           0       0.000       0.000     101.426        1198202569   1335      0     31          44   1335
     GPU 0  0.000  0.000  0.000  0.000  0.000  0.000  0.000  0.000               6377865               3511104           0           0       0.000       0.000     101.426        1198212808   1335      0     30          44   1335
     GPU 0  0.000  0.000  0.000  0.000  0.000  0.000  0.000  0.000               9163971               5938784           0           0       0.000       0.000     101.426        1198212808   1335      0     30          44   1335
     GPU 0  0.000  0.000  0.000  0.000  0.000  0.000  0.000  0.000               9163971               5938784           0           0       0.000       0.000     101.426        1198212808   1335      0     30          44   1335
     GPU 0  0.000  0.000  0.000  0.000  0.000  0.000  0.000  0.000               7155948               5188475           0           0       0.000       0.000     101.426        1198212808   1335      0     30          44   1335
     GPU 0  0.000  0.000  0.000  0.000  0.000  0.000  0.000  0.000               7658152               4435134           0           0       0.000       0.000     101.426        1198212808   1335      0     30          44   1335
     GPU 0  0.000  0.000  0.000  0.000  0.000  0.000  0.000  0.000               5833989               3287773           0           0       0.000       0.000     101.426        1198212808   1335      0     30          44   1335
     GPU 0  0.000  0.000  0.000  0.000  0.000  0.000  0.000  0.000               1004515                 83709           0           0       0.000       0.000     101.426        1198223059   1335      0     30          44   1335
     GPU 0  0.000  0.000  0.000  0.000  0.000  0.000  0.000  0.000               2480019               1278071           0           0       0.000       0.000     101.426        1198223059   1335      0     30          44   1335
     GPU 0  0.000  0.000  0.000  0.000  0.000  0.000  0.000  0.000               2480019               1278071           0           0       0.000       0.000     101.426        1198223059   1335      0     30          44   1335
     GPU 0  0.000  0.000  0.000  0.000  0.000  0.000  0.000  0.000               2214801                244002           0           0       0.000       0.000     101.426        1198223059   1335      0     30          44   1335
     GPU 0  0.000  0.000  0.000  0.000  0.000  0.000  0.000  0.000               4569271               1718199           0           0       0.000       0.000     101.426        1198233298   1335      0     30          44   1335
     GPU 0  0.000  0.000  0.000  0.000  0.000  0.000  0.000  0.000               6355733               2593877           0           0       0.000       0.000     101.426        1198233298   1335      0     30          44   1335

# Entity  GRACT  SMACT  SMOCC  TENSO  DRAMA  FP64A  FP32A  FP16A                 PCITX                 PCIRX       GPUTL       MCUTL       MUSAM       GUSAM       POWER             TOTEC  SACLK  PSTAT  TMPTR       MMTMP  SMCLK
      Id                                                                                                                                                               W                mJ                    C           C       
     GPU 0  0.000  0.000  0.000  0.000  0.000  0.000  0.000  0.000               4469271               2119915           0           0       0.000       0.000     101.426        1198233298   1335      0     30          44   1335
     GPU 0  0.000  0.000  0.000  0.000  0.000  0.000  0.000  0.000               7848392               4400460           0           0       0.000       0.000     101.426        1198233298   1335      0     30          44   1335
     GPU 0  0.000  0.000  0.000  0.000  0.000  0.000  0.000  0.000               7848392               4400460           0           0       0.000       0.000     101.426        1198233298   1335      0     30          44   1335
     GPU 0  0.000  0.000  0.000  0.000  0.000  0.000  0.000  0.000              10991721               6749814           0           0       0.000       0.000     101.426        1198233298   1335      0     30          44   1335
     GPU 0  0.000  0.000  0.000  0.000  0.000  0.000  0.000  0.000               6753357               3739168           0           0       0.000       0.000     101.426        1198243530   1335      0     30          44   1335
     GPU 0  0.000  0.000  0.000  0.000  0.000  0.000  0.000  0.000               3069448                275229           0           0       0.000       0.000     101.426        1198243530   1335      0     30          44   1335
     GPU 0  0.000  0.000  0.000  0.000  0.000  0.000  0.000  0.000               3069448                275229           0           0       0.000       0.000     101.426        1198243530   1335      0     30          44   1335
     GPU 0  0.000  0.000  0.000  0.000  0.000  0.000  0.000  0.000               1959891                163014           0           0       0.000       0.000     101.426        1198243530   1335      0     30          44   1335
     GPU 0  0.000  0.000  0.000  0.000  0.000  0.000  0.000  0.000               4636196               2042569           0           0       0.000       0.000     101.426        1198253765   1335      0     30          44   1335
     GPU 0  0.000  0.000  0.000  0.000  0.000  0.000  0.000  0.000               7746970               4060746           0           0       0.000       0.000     101.426        1198253765   1335      0     30          44   1335
     GPU 0  0.000  0.000  0.000  0.000  0.000  0.000  0.000  0.000               7746970               4060746           0           0       0.000       0.000     101.426        1198253765   1335      0     30          44   1335
     GPU 0  0.000  0.000  0.000  0.000  0.000  0.000  0.000  0.000               8614356               5422711           0           0       0.000       0.000     101.426        1198253765   1335      0     30          44   1335
     GPU 0  0.000  0.000  0.000  0.000  0.000  0.000  0.000  0.000               5937297               3489343           0           0       0.000       0.000     101.426        1198253765   1335      0     30          44   1335
     GPU 0  0.000  0.000  0.000  0.000  0.000  0.000  0.000  0.000              14101727              13923717           0           0       0.000       0.000     101.426        1198253765   1335      0     30          44   1335

# Entity  GRACT  SMACT  SMOCC  TENSO  DRAMA  FP64A  FP32A  FP16A                 PCITX                 PCIRX       GPUTL       MCUTL       MUSAM       GUSAM       POWER             TOTEC  SACLK  PSTAT  TMPTR       MMTMP  SMCLK
      Id                                                                                                                                                               W                mJ                    C           C       
     GPU 0  0.000  0.000  0.000  0.000  0.000  0.000  0.000  0.000              14101727              13923717           0           0       0.000       0.000     101.426        1198264046   1335      0     30          44    315
     GPU 0  0.000  0.000  0.000  0.000  0.000  0.000  0.000  0.000              11446948               5855144           0           0       0.000       0.000     101.426        1198264046   1335      0     30          44    315
     GPU 0  0.000  0.000  0.000  0.000  0.000  0.000  0.000  0.000               5127368               2819332           0           0       0.000       0.000     101.426        1198264046   1335      0     30          44    315
     GPU 0  0.000  0.000  0.000  0.000  0.000  0.000  0.000  0.000               6003999               3696987           0           0       0.000       0.000     101.426        1198264046   1335      0     30          44    315
     GPU 0  0.000  0.000  0.000  0.000  0.000  0.000  0.000  0.000               6003999               3696987           0           0       0.000       0.000      79.995        1198272921   1335      0     30          44    315
