# Entity  GRACT  SMACT  SMOCC  TENSO  DRAMA  FP64A  FP32A  FP16A                 PCITX                 PCIRX       GPUTL       MCUTL       MUSAM       GUSAM       POWER             TOTEC  SACLK  PSTAT  TMPTR       MMTMP  SMCLK
      Id                                                                                                                                                               W                mJ                    C           C       
     GPU 0  0.000  0.000  0.000  0.000  0.000  0.000  0.000  0.000             120054570              10914051           0           0       0.000       0.000      77.020        2775195360   1230      0     26          43    210
     GPU 0  0.000  0.000  0.000  0.000  0.000  0.000  0.000  0.000               8948721               4972925           0           0       0.000       0.000      77.020        2775195360   1230      0     26          43    210
     GPU 0  0.000  0.000  0.000  0.000  0.000  0.000  0.000  0.000               9214478               6452133           0           0       0.000       0.000      77.020        2775195360   1230      0     26          43    210
     GPU 0  0.000  0.000  0.000  0.000  0.000  0.000  0.000  0.000               9214478               6452133           0           0       0.000       0.000      77.020        2775195360   1230      0     27          43    210
     GPU 0  0.000  0.000  0.000  0.000  0.000  0.000  0.000  0.000               5245324               2853167           0           0       0.000       0.000      78.632        2775203281   1230      0     27          43    210
     GPU 0  0.000  0.000  0.000  0.000  0.000  0.000  0.000  0.000               6183198               3355002           0           0       0.000       0.000      78.632        2775203281   1230      0     27          43    210
     GPU 0  0.000  0.000  0.000  0.000  0.000  0.000  0.000  0.000               5921221               3645324           0           0       0.000       0.000      78.632        2775203281   1230      0     27          43    210
     GPU 0  0.000  0.000  0.000  0.000  0.000  0.000  0.000  0.000               5921221               3645324           0           0       0.000       0.000      78.632        2775203281   1230      0     27          43    210
     GPU 0  0.000  0.000  0.000  0.000  0.000  0.000  0.000  0.000               6377784               4494045           0           0       0.000       0.000      78.632        2775211205   1230      0     27          43    210
     GPU 0  0.000  0.000  0.000  0.000  0.000  0.000  0.000  0.000               3020184                274562           0           0       0.000       0.000      78.632        2775211205   1230      0     27          43    210
     GPU 0  0.000  0.000  0.000  0.000  0.000  0.000  0.000  0.000               5747896               1960213           0           0       0.000       0.000      78.632        2775211205   1230      0     27          43    210
     GPU 0  0.000  0.000  0.000  0.000  0.000  0.000  0.000  0.000               5915593               2770337           0           0       0.000       0.000      78.632        2775211205   1230      0     27          43    210
     GPU 0  0.000  0.000  0.000  0.000  0.000  0.000  0.000  0.000               6469667               3655955           0           0       0.000       0.000      78.632        2775211205   1230      0     27          43    210
     GPU 0  0.000  0.000  0.000  0.000  0.000  0.000  0.000  0.000               6469667               3655955           0           0       0.000       0.000      78.632        2775211205   1230      0     27          43    210
     GPU 0  0.000  0.000  0.000  0.000  0.000  0.000  0.000  0.000               8293327               5354356           0           0       0.000       0.000      78.632        2775219148   1230      0     27          43    210

# Entity  GRACT  SMACT  SMOCC  TENSO  DRAMA  FP64A  FP32A  FP16A                 PCITX                 PCIRX       GPUTL       MCUTL       MUSAM       GUSAM       POWER             TOTEC  SACLK  PSTAT  TMPTR       MMTMP  SMCLK
      Id                                                                                                                                                               W                mJ                    C           C       
     GPU 0  0.000  0.000  0.000  0.000  0.000  0.000  0.000  0.000               5810112               3904466           0           0       0.000       0.000      78.632        2775219148   1230      0     27          43    210
     GPU 0  0.000  0.000  0.000  0.000  0.000  0.000  0.000  0.000               5810112               3904466           0           0       0.000       0.000      78.632        2775219148   1230      0     27          43    210
     GPU 0  0.000  0.000  0.000  0.000  0.000  0.000  0.000  0.000               8877309               6199801           0           0       0.000       0.000      78.632        2775219148   1230      0     27          43    210
     GPU 0  0.000  0.000  0.000  0.000  0.000  0.000  0.000  0.000               7909147               5102981           0           0       0.000       0.000      78.632        2775227101   1230      0     27          43    210
     GPU 0  0.000  0.000  0.000  0.000  0.000  0.000  0.000  0.000               1005720                     0           0           0       0.000       0.000      78.632        2775227101   1230      0     27          43    210
     GPU 0  0.000  0.000  0.000  0.000  0.000  0.000  0.000  0.000               7340048               4833182           0           0       0.000       0.000      78.632        2775227101   1230      0     27          43    210
     GPU 0  0.000  0.000  0.000  0.000  0.000  0.000  0.000  0.000               5300922               4341441           0           0       0.000       0.000      78.632        2775227101   1230      0     27          43    210
     GPU 0  0.000  0.000  0.000  0.000  0.000  0.000  0.000  0.000               3383998                699259           0           0       0.000       0.000      78.632        2775227101   1230      0     27          43    210
     GPU 0  0.000  0.000  0.000  0.000  0.000  0.000  0.000  0.000               3383998                699259           0           0       0.000       0.000      78.632        2775227101   1230      0     27          43    210
     GPU 0  0.000  0.000  0.000  0.000  0.000  0.000  0.000  0.000               3155065               5978018           0           0       0.000       0.000      78.632        2775235044   1230      0     27          43    210
     GPU 0  0.000  0.000  0.000  0.000  0.000  0.000  0.000  0.000               4499526               3675669           0           0       0.000       0.000      78.632        2775235044   1230      0     27          43    210
     GPU 0  0.000  0.000  0.000  0.000  0.000  0.000  0.000  0.000               4955342              22424176           0           0       0.000       0.000      78.632        2775235044   1230      0     27          43    210
     GPU 0  0.000  0.000  0.000  0.000  0.000  0.000  0.000  0.000              11149455              18658272           0           0       0.000       0.000      78.632        2775235044   1230      0     27          43    210
     GPU 0  0.000  0.000  0.000  0.000  0.000  0.000  0.000  0.000               5352037              19484761           0           0       0.000       0.000      78.632        2775235044   1230      0     27          43    210

# Entity  GRACT  SMACT  SMOCC  TENSO  DRAMA  FP64A  FP32A  FP16A                 PCITX                 PCIRX       GPUTL       MCUTL       MUSAM       GUSAM       POWER             TOTEC  SACLK  PSTAT  TMPTR       MMTMP  SMCLK
      Id                                                                                                                                                               W                mJ                    C           C       
     GPU 0  0.000  0.000  0.000  0.000  0.000  0.000  0.000  0.000               5352037              19484761           0           0       0.000       0.000      78.632        2775242970   1230      0     27          43    210
     GPU 0  0.000  0.000  0.000  0.000  0.000  0.000  0.000  0.000               7728651               5355120           0           0       0.000       0.000      78.632        2775242970   1230      0     27          43    210
     GPU 0  0.000  0.000  0.000  0.000  0.000  0.000  0.000  0.000               6709540               4401458           0           0       0.000       0.000      78.632        2775242970   1230      0     27          43    210
     GPU 0  0.000  0.000  0.000  0.000  0.000  0.000  0.000  0.000                992375                610692           0           0       0.000       0.000      78.632        2775242970   1230      0     27          43    210
     GPU 0  0.000  0.000  0.000  0.000  0.000  0.000  0.000  0.000                992375                610692           0           0       0.000       0.000      78.632        2775242970   1230      0     27          43    210
     GPU 0  0.000  0.000  0.000  0.000  0.000  0.000  0.000  0.000               1668065               2919114           0           0       0.000       0.000      78.632        2775250894   1230      0     27          43    210
     GPU 0  0.000  0.000  0.000  0.000  0.000  0.000  0.000  0.000               1668065               2919114           0           0       0.000       0.000      78.632        2775250894   1230      0     27          43    210
     GPU 0  0.000  0.000  0.000  0.000  0.000  0.000  0.000  0.000              13393259               8585422           0           0       0.000       0.000      78.632        2775250894   1230      0     27          43    210
     GPU 0  0.000  0.000  0.000  0.000  0.000  0.000  0.000  0.000               1014679                811743           0           0       0.000       0.000      78.632        2775250894   1230      0     27          43    210
     GPU 0  0.000  0.000  0.000  0.000  0.000  0.000  0.000  0.000               1014679                811743           0           0       0.000       0.000      78.632        2775250894   1230      0     27          44    210
     GPU 0  0.000  0.000  0.000  0.000  0.000  0.000  0.000  0.000               1014679                811743           0           0       0.000       0.000      78.632        2775258835   1230      0     27          44    210
     GPU 0  0.000  0.000  0.000  0.000  0.000  0.000  0.000  0.000               6815556               5289535           0           0       0.000       0.000      78.632        2775258835   1230      0     27          43    210
     GPU 0  0.000  0.000  0.000  0.000  0.000  0.000  0.000  0.000               6815556               5289535           0           0       0.000       0.000      78.632        2775258835   1230      0     27          43    210
     GPU 0  0.000  0.000  0.000  0.000  0.000  0.000  0.000  0.000              15265522              16255718           0           0       0.000       0.000      78.632        2775258835   1230      0     27          43    210

# Entity  GRACT  SMACT  SMOCC  TENSO  DRAMA  FP64A  FP32A  FP16A                 PCITX                 PCIRX       GPUTL       MCUTL       MUSAM       GUSAM       POWER             TOTEC  SACLK  PSTAT  TMPTR       MMTMP  SMCLK
      Id                                                                                                                                                               W                mJ                    C           C       
     GPU 0  0.000  0.000  0.000  0.000  0.000  0.000  0.000  0.000               5883662              21628676           0           0       0.000       0.000      78.632        2775258835   1230      0     27          43    210
     GPU 0  0.000  0.000  0.000  0.000  0.000  0.000  0.000  0.000              10737370              14756034           0           0       0.000       0.000      78.632        2775266772   1230      0     27          43    210
     GPU 0  0.000  0.000  0.000  0.000  0.000  0.000  0.000  0.000              10737370              14756034           0           0       0.000       0.000      78.632        2775266772   1230      0     27          43    210
     GPU 0  0.000  0.000  0.000  0.000  0.000  0.000  0.000  0.000              12510944              13415214           0           0       0.000       0.000      78.632        2775266772   1230      0     27          43    210
     GPU 0  0.133  0.000  0.000  0.000  0.000  0.000  0.000  0.000              21021295              22019142           0           0       0.000       0.000      78.632        2775266772   1230      0     27          43   1230
     GPU 0  0.053  0.000  0.000  0.000  0.000  0.000  0.000  0.000              11736871              24995458           0           0       0.000       2.000      78.632        2775266772   1230      0     27          43   1230
     GPU 0  0.014  0.000  0.000  0.000  0.001  0.000  0.000  0.000             356646792            3159842503           2           0       0.000       2.000      92.465        2775275198   1230      0     27          43   1230
     GPU 0  0.014  0.000  0.000  0.000  0.001  0.000  0.000  0.000             356646792            3159842503           2           0       0.000       2.000      92.465        2775275198   1230      0     27          44   1230
     GPU 0  0.500  0.000  0.000  0.000  0.002  0.000  0.000  0.000             327197274            2881256843           2           0       0.000       2.000      92.465        2775275198   1230      0     27          43   1230
     GPU 0  1.000  0.950  0.762  0.000  0.001  0.000  0.628  0.000               7712560               5321342           2           0       0.000       2.000      92.465        2775275198   1230      0     29          43   1230
     GPU 0  1.000  0.000  0.000  0.000  0.001  0.000  0.000  0.000               8691810               5989645           2           0       0.000       2.000      92.465        2775275198   1230      0     31          43   1230
     GPU 0  1.000  0.956  0.766  0.000  0.002  0.000  0.635  0.000               9339557               6473640           2           0       0.000       2.000     207.010        2775291276   1230      0     31          43   1230
     GPU 0  1.000  0.946  0.748  0.000  0.002  0.000  0.609  0.000              10535185               7387317           2           0       0.000       2.000     207.010        2775291276   1230      0     31          43   1230
     GPU 0  1.000  0.000  0.000  0.000  0.002  0.000  0.000  0.000              10832662               8176564           2           0       0.000       2.000     207.010        2775291276   1230      0     32          43   1230

# Entity  GRACT  SMACT  SMOCC  TENSO  DRAMA  FP64A  FP32A  FP16A                 PCITX                 PCIRX       GPUTL       MCUTL       MUSAM       GUSAM       POWER             TOTEC  SACLK  PSTAT  TMPTR       MMTMP  SMCLK
      Id                                                                                                                                                               W                mJ                    C           C       
     GPU 0  1.000  0.943  0.756  0.000  0.002  0.000  0.622  0.000              11672630               8647366           2           0       0.000       2.000     207.010        2775291276   1230      0     32          44   1230
     GPU 0  1.000  0.943  0.756  0.000  0.002  0.000  0.622  0.000              11672630               8647366           2           0       0.000       2.000     207.010        2775291276   1230      0     32          44   1230
     GPU 0  1.000  0.943  0.755  0.000  0.002  0.000  0.606  0.000              10014496               7420612          85           0       0.000      84.000     204.331        2775312014   1230      0     32          43   1230
     GPU 0  1.000  0.000  0.000  0.000  0.002  0.000  0.000  0.000               5772848               4552332          85           0       0.000      84.000     204.331        2775312014   1230      0     33          44   1230
     GPU 0  1.000  0.954  0.757  0.000  0.001  0.000  0.631  0.000              10739181               8065821          85           0       0.000      84.000     204.331        2775312014   1230      0     33          44   1230
     GPU 0  1.000  0.948  0.751  0.000  0.002  0.000  0.610  0.000              10475404               7804839          85           0       0.000      84.000     204.331        2775312014   1230      0     33          44   1230
     GPU 0  1.000  0.000  0.000  0.000  0.002  0.000  0.000  0.000              10911189               8404064          85           0       0.000      84.000     204.331        2775312014   1230      0     33          44   1230
     GPU 0  1.000  0.000  0.000  0.000  0.002  0.000  0.000  0.000              10911189               8404064          85           0       0.000      84.000     208.370        2775333108   1230      0     33          44   1230
     GPU 0  1.000  0.952  0.765  0.000  0.002  0.000  0.631  0.000              10869898               6954905          85           0       0.000      84.000     208.370        2775333108   1230      0     34          44   1230
     GPU 0  1.000  0.948  0.745  0.000  0.001  0.000  0.622  0.000               4737669               4386866          85           0       0.000      84.000     208.370        2775333108   1230      0     34          44   1230
     GPU 0  1.000  0.000  0.000  0.000  0.001  0.000  0.000  0.000               3383996               1326266          85           0       0.000      84.000     208.370        2775333108   1230      0     34          44   1230
     GPU 0  1.000  0.947  0.751  0.000  0.001  0.000  0.626  0.000               6099720               3715431          85           0       0.000      84.000     208.370        2775353982   1230      0     34          44   1230
     GPU 0  1.000  0.943  0.757  0.000  0.001  0.000  0.621  0.000               6065979               4063254         100           0       0.000      99.000     205.939        2775353982   1230      0     34          44   1230
     GPU 0  1.000  0.000  0.000  0.000  0.002  0.000  0.000  0.000               7880646               5470427         100           0       0.000      99.000     205.939        2775353982   1230      0     34          44   1230

# Entity  GRACT  SMACT  SMOCC  TENSO  DRAMA  FP64A  FP32A  FP16A                 PCITX                 PCIRX       GPUTL       MCUTL       MUSAM       GUSAM       POWER             TOTEC  SACLK  PSTAT  TMPTR       MMTMP  SMCLK
      Id                                                                                                                                                               W                mJ                    C           C       
     GPU 0  1.000  0.000  0.000  0.000  0.002  0.000  0.000  0.000               7880646               5470427         100           0       0.000      99.000     205.939        2775353982   1230      0     34          44   1230
     GPU 0  1.000  0.950  0.764  0.000  0.002  0.000  0.631  0.000               9278002               6658570         100           0       0.000      99.000     205.939        2775353982   1230      0     34          44   1230
     GPU 0  1.000  0.949  0.758  0.000  0.002  0.000  0.610  0.000              10887814               8278072         100           0       0.000      99.000     205.939        2775353982   1230      0     34          44   1230
     GPU 0  1.000  0.000  0.000  0.000  0.002  0.000  0.000  0.000              11105951               8498927         100           0       0.000      99.000     209.730        2775375078   1230      0     35          44   1230
     GPU 0  1.000  0.947  0.758  0.000  0.002  0.000  0.626  0.000              10567717               7065918         100           0       0.000      99.000     209.730        2775375078   1230      0     35          44   1230
     GPU 0  1.000  0.947  0.758  0.000  0.002  0.000  0.626  0.000              10567717               7065918         100           0       0.000      99.000     209.730        2775375078   1230      0     35          44   1230
     GPU 0  1.000  0.950  0.755  0.000  0.002  0.000  0.615  0.000               5344861               4704553         100           0       0.000      99.000     209.730        2775375078   1230      0     35          44   1230
     GPU 0  1.000  0.000  0.000  0.000  0.002  0.000  0.000  0.000              10569069               8176217         100           0       0.000      99.000     209.730        2775375078   1230      0     35          44   1230
     GPU 0  1.000  0.000  0.000  0.000  0.002  0.000  0.000  0.000              10569069               8176217         100           0       0.000      99.000     209.730        2775396654   1230      0     35          44   1230
     GPU 0  1.000  0.000  0.000  0.000  0.002  0.000  0.000  0.000              10569069               8176217         100           0       0.000      99.000     207.010        2775396654   1230      0     35          44   1230
     GPU 0  1.000  0.948  0.758  0.000  0.002  0.000  0.627  0.000              10070327               6130809         100           0       0.000      99.000     207.010        2775396654   1230      0     35          44   1230
     GPU 0  1.000  0.948  0.758  0.000  0.002  0.000  0.627  0.000              10070327               6130809         100           0       0.000      99.000     207.010        2775396654   1230      0     35          44   1230
     GPU 0  1.000  0.938  0.742  0.000  0.001  0.000  0.617  0.000               7047885               4678644         100           0       0.000      99.000     207.010        2775396654   1230      0     35          44   1230
     GPU 0  1.000  0.000  0.000  0.000  0.001  0.000  0.000  0.000               7163163               5551661         100           0       0.000      99.000     205.111        2775417136   1230      0     35          44   1230

# Entity  GRACT  SMACT  SMOCC  TENSO  DRAMA  FP64A  FP32A  FP16A                 PCITX                 PCIRX       GPUTL       MCUTL       MUSAM       GUSAM       POWER             TOTEC  SACLK  PSTAT  TMPTR       MMTMP  SMCLK
      Id                                                                                                                                                               W                mJ                    C           C       
     GPU 0  1.000  0.946  0.753  0.000  0.002  0.000  0.610  0.000              12167372               8354067         100           0       0.000      99.000     205.111        2775417136   1230      0     35          44   1230
     GPU 0  1.000  0.934  0.745  0.000  0.002  0.000  0.618  0.000              11563148               8965588         100           0       0.000      99.000     205.111        2775417136   1230      0     35          44   1230
     GPU 0  1.000  0.000  0.000  0.000  0.002  0.000  0.000  0.000               7713284               5917021         100           0       0.000      99.000     205.111        2775417136   1230      0     35          44   1230
     GPU 0  1.000  0.000  0.000  0.000  0.002  0.000  0.000  0.000               7713284               5917021         100           0       0.000      99.000     205.111        2775417136   1230      0     35          44   1230
     GPU 0  1.000  0.931  0.729  0.000  0.002  0.000  0.598  0.000               3599310               1580741         100           0       0.000      99.000     205.939        2775438118   1230      0     35          44   1230
     GPU 0  1.000  0.959  0.743  0.000  0.002  0.000  0.636  0.000               6865903               3480752         100           0       0.000      99.000     205.939        2775438118   1230      0     35          44   1230
     GPU 0  1.000  0.000  0.000  0.000  0.001  0.000  0.000  0.000               5134327               3525125         100           0       0.000      99.000     205.939        2775438118   1230      0     35          44   1230
     GPU 0  1.000  0.939  0.754  0.000  0.001  0.000  0.621  0.000               7027899               5177933         100           0       0.000      99.000     205.939        2775438118   1230      0     35          44   1230
     GPU 0  1.000  0.928  0.739  0.000  0.001  0.000  0.612  0.000               6696027               5254432         100           0       0.000      99.000     205.939        2775458685   1230      0     35          44   1230
     GPU 0  1.000  0.928  0.739  0.000  0.001  0.000  0.612  0.000               6696027               5254432         100           0       0.000      99.000     206.761        2775458685   1230      0     36          44   1230
     GPU 0  1.000  0.000  0.000  0.000  0.002  0.000  0.000  0.000               9706249               7506424         100           0       0.000      99.000     206.761        2775458685   1230      0     36          44   1230
     GPU 0  1.000  0.944  0.745  0.000  0.002  0.000  0.616  0.000               6531356               5233715         100           0       0.000      99.000     206.761        2775458685   1230      0     36          44   1230
     GPU 0  1.000  0.937  0.756  0.000  0.002  0.000  0.622  0.000               6823247               5454595         100           0       0.000      99.000     206.761        2775458685   1230      0     36          44   1230
     GPU 0  1.000  0.000  0.000  0.000  0.002  0.000  0.000  0.000              10236441               7438311         100           0       0.000      99.000     206.761        2775458685   1230      0     36          44   1230

# Entity  GRACT  SMACT  SMOCC  TENSO  DRAMA  FP64A  FP32A  FP16A                 PCITX                 PCIRX       GPUTL       MCUTL       MUSAM       GUSAM       POWER             TOTEC  SACLK  PSTAT  TMPTR       MMTMP  SMCLK
      Id                                                                                                                                                               W                mJ                    C           C       
     GPU 0  1.000  0.000  0.000  0.000  0.002  0.000  0.000  0.000              10236441               7438311         100           0       0.000      99.000     206.229        2775479516   1230      0     36          44   1230
     GPU 0  1.000  0.937  0.744  0.000  0.002  0.000  0.601  0.000              11251682               7473653         100           0       0.000      99.000     206.229        2775479516   1230      0     36          44   1230
     GPU 0  1.000  0.940  0.742  0.000  0.002  0.000  0.622  0.000               2132882               1569177         100           0       0.000      99.000     206.229        2775479516   1230      0     36          44   1230
     GPU 0  1.000  0.000  0.000  0.000  0.002  0.000  0.000  0.000               2130398               1446378         100           0       0.000      99.000     206.229        2775479516   1230      0     36          44   1230
     GPU 0  1.000  0.944  0.759  0.000  0.002  0.000  0.610  0.000               4832524               3426845         100           0       0.000      99.000     206.229        2775500299   1230      0     36          44   1230
     GPU 0  1.000  0.936  0.753  0.000  0.002  0.000  0.620  0.000               6640311               4237141         100           0       0.000      99.000     206.761        2775500299   1230      0     36          44   1230
     GPU 0  1.000  0.000  0.000  0.000  0.002  0.000  0.000  0.000               8929224               5909858         100           0       0.000      99.000     206.761        2775500299   1230      0     36          44   1230
     GPU 0  1.000  0.000  0.000  0.000  0.002  0.000  0.000  0.000               8929224               5909858         100           0       0.000      99.000     206.761        2775500299   1230      0     36          44   1230
     GPU 0  1.000  0.941  0.739  0.000  0.002  0.000  0.605  0.000              10816743               7148413         100           0       0.000      99.000     206.761        2775500299   1230      0     36          44   1230
     GPU 0  1.000  0.939  0.750  0.000  0.002  0.000  0.622  0.000               8192036               6896333         100           0       0.000      99.000     206.761        2775500299   1230      0     36          44   1230
     GPU 0  1.000  0.939  0.750  0.000  0.002  0.000  0.622  0.000               8192036               6896333         100           0       0.000      99.000     207.300        2775521222   1230      0     36          44   1230
     GPU 0  1.000  0.000  0.000  0.000  0.001  0.000  0.000  0.000               7361161               5326719         100           0       0.000      99.000     207.300        2775521222   1230      0     36          44   1230
     GPU 0  1.000  0.930  0.744  0.000  0.002  0.000  0.615  0.000               2491565               1482688         100           0       0.000      99.000     207.300        2775521222   1230      0     36          44   1230
     GPU 0  1.000  0.949  0.786  0.000  0.002  0.000  0.597  0.000               4853184               3406787         100           0       0.000      99.000     207.300        2775521222   1230      0     36          44   1230

# Entity  GRACT  SMACT  SMOCC  TENSO  DRAMA  FP64A  FP32A  FP16A                 PCITX                 PCIRX       GPUTL       MCUTL       MUSAM       GUSAM       POWER             TOTEC  SACLK  PSTAT  TMPTR       MMTMP  SMCLK
      Id                                                                                                                                                               W                mJ                    C           C       
     GPU 0  1.000  0.000  0.000  0.000  0.002  0.000  0.000  0.000               6749926               4960775         100           0       0.000      99.000     207.300        2775542061   1230      0     36          44   1230
     GPU 0  1.000  0.931  0.744  0.000  0.002  0.000  0.614  0.000               8804630               6270501         100           0       0.000      99.000     207.300        2775542061   1230      0     36          45   1230
     GPU 0  1.000  0.931  0.744  0.000  0.002  0.000  0.614  0.000               8804630               6270501         100           0       0.000      99.000     207.300        2775542061   1230      0     36          44   1230
     GPU 0  1.000  0.941  0.750  0.000  0.002  0.000  0.604  0.000              12616136               8376952         100           0       0.000      99.000     207.300        2775542061   1230      0     36          44   1230
     GPU 0  1.000  0.000  0.000  0.000  0.001  0.000  0.000  0.000               7493498               5408128         100           0       0.000      99.000     207.300        2775542061   1230      0     36          44   1230
     GPU 0  1.000  0.934  0.734  0.000  0.001  0.000  0.613  0.000               7590190               6583391         100           0       0.000      99.000     207.300        2775542061   1230      0     36          45   1230
     GPU 0  1.000  0.934  0.734  0.000  0.001  0.000  0.613  0.000               7590190               6583391         100           0       0.000      99.000     205.939        2775562978   1230      0     36          45   1230
     GPU 0  1.000  0.955  0.729  0.000  0.001  0.000  0.630  0.000               6112123               4630542         100           0       0.000      99.000     205.939        2775562978   1230      0     36          44   1230
     GPU 0  1.000  0.000  0.000  0.000  0.001  0.000  0.000  0.000               2450985               1357176         100           0       0.000      99.000     205.939        2775562978   1230      0     36          44   1230
     GPU 0  1.000  0.934  0.743  0.000  0.001  0.000  0.615  0.000               4752128               3315518         100           0       0.000      99.000     205.939        2775562978   1230      0     36          45   1230
     GPU 0  1.000  0.936  0.750  0.000  0.001  0.000  0.620  0.000               7152396               5099839         100           0       0.000      99.000     205.939        2775583799   1230      0     36          44   1230
     GPU 0  1.000  0.936  0.750  0.000  0.001  0.000  0.620  0.000               7152396               5099839         100           0       0.000      99.000     205.643        2775583799   1230      0     36          45   1230
     GPU 0  1.000  0.000  0.000  0.000  0.001  0.000  0.000  0.000              11221108               7545915         100           0       0.000      99.000     205.643        2775583799   1230      0     36          44   1230
     GPU 0  1.000  0.946  0.761  0.000  0.002  0.000  0.618  0.000               7129496               5044628         100           0       0.000      99.000     205.643        2775583799   1230      0     37          45   1230

# Entity  GRACT  SMACT  SMOCC  TENSO  DRAMA  FP64A  FP32A  FP16A                 PCITX                 PCIRX       GPUTL       MCUTL       MUSAM       GUSAM       POWER             TOTEC  SACLK  PSTAT  TMPTR       MMTMP  SMCLK
      Id                                                                                                                                                               W                mJ                    C           C       
     GPU 0  1.000  0.933  0.745  0.000  0.001  0.000  0.617  0.000              10388356               8070236         100           0       0.000      99.000     205.643        2775583799   1230      0     37          45   1230
     GPU 0  1.000  0.000  0.000  0.000  0.001  0.000  0.000  0.000              10891951               8139625         100           0       0.000      99.000     205.643        2775583799   1230      0     37          45   1230
     GPU 0  1.000  0.000  0.000  0.000  0.001  0.000  0.000  0.000              10891951               8139625         100           0       0.000      99.000     206.471        2775604695   1230      0     37          45   1230
     GPU 0  1.000  0.941  0.765  0.000  0.002  0.000  0.612  0.000              11187850               7544467         100           0       0.000      99.000     206.471        2775604695   1230      0     37          45   1230
     GPU 0  1.000  0.935  0.747  0.000  0.001  0.000  0.620  0.000               3422378               1327040         100           0       0.000      99.000     206.471        2775604695   1230      0     37          45   1230
     GPU 0  1.000  0.000  0.000  0.000  0.002  0.000  0.000  0.000               2250046               1482495         100           0       0.000      99.000     206.471        2775604695   1230      0     37          45   1230
     GPU 0  1.000  0.940  0.752  0.000  0.002  0.000  0.618  0.000               4716637               3507327         100           0       0.000      99.000     206.471        2775625581   1230      0     37          45   1230
     GPU 0  1.000  0.939  0.749  0.000  0.001  0.000  0.621  0.000               8700423               5932086         100           0       0.000      99.000     207.001        2775625581   1230      0     37          45   1230
     GPU 0  1.000  0.939  0.749  0.000  0.001  0.000  0.621  0.000               8700423               5932086         100           0       0.000      99.000     207.001        2775625581   1230      0     37          45   1230
     GPU 0  1.000  0.000  0.000  0.000  0.002  0.000  0.000  0.000              10625951               6875401         100           0       0.000      99.000     207.001        2775625581   1230      0     37          45   1230
     GPU 0  1.000  0.937  0.744  0.000  0.002  0.000  0.619  0.000               5115264               4101333         100           0       0.000      99.000     207.001        2775625581   1230      0     37          45   1230
     GPU 0  1.000  0.937  0.744  0.000  0.002  0.000  0.619  0.000               5115264               4101333         100           0       0.000      99.000     207.001        2775625581   1230      0     37          45   1230
     GPU 0  1.000  0.937  0.744  0.000  0.002  0.000  0.619  0.000               5115264               4101333         100           0       0.000      99.000     207.001        2775625581   1230      0     37          45   1230
     GPU 0  1.000  0.937  0.744  0.000  0.002  0.000  0.619  0.000               5115264               4101333         100           0       0.000      99.000     207.001        2775625581   1230      0     37          45   1230

# Entity  GRACT  SMACT  SMOCC  TENSO  DRAMA  FP64A  FP32A  FP16A                 PCITX                 PCIRX       GPUTL       MCUTL       MUSAM       GUSAM       POWER             TOTEC  SACLK  PSTAT  TMPTR       MMTMP  SMCLK
      Id                                                                                                                                                               W                mJ                    C           C       
     GPU 0  1.000  0.937  0.744  0.000  0.002  0.000  0.619  0.000               5115264               4101333         100           0       0.000      99.000     207.300        2775648253   1230      0     37          45   1230
     GPU 0  1.000  0.941  0.753  0.000  0.002  0.000  0.609  0.000              10478922               6488053         100           0       0.000      99.000     207.300        2775648253   1230      0     37          45   1230
     GPU 0  1.000  0.000  0.000  0.000  0.002  0.000  0.000  0.000               9046556               5951762         100           0       0.000      99.000     207.300        2775648253   1230      0     37          45   1230
     GPU 0  1.000  0.947  0.750  0.000  0.002  0.000  0.610  0.000               6822076               5355361         100           0       0.000      99.000     205.939        2775667489   1230      0     37          45   1230
     GPU 0  1.000  0.937  0.715  0.000  0.001  0.000  0.614  0.000              10745438               7851644         100           0       0.000      99.000     205.939        2775667489   1230      0     37          45   1230
     GPU 0  1.000  0.937  0.715  0.000  0.001  0.000  0.614  0.000              10745438               7851644         100           0       0.000      99.000     205.939        2775667489   1230      0     37          45   1230
     GPU 0  1.000  0.000  0.000  0.000  0.002  0.000  0.000  0.000               7722582               6166396         100           0       0.000      99.000     205.939        2775667489   1230      0     37          45   1230
     GPU 0  1.000  0.943  0.762  0.000  0.002  0.000  0.625  0.000               4361981               3407810         100           0       0.000      99.000     205.939        2775667489   1230      0     37          45   1230
     GPU 0  1.000  0.943  0.762  0.000  0.002  0.000  0.625  0.000               4361981               3407810         100           0       0.000      99.000     205.939        2775688446   1230      0     37          45   1230
     GPU 0  1.000  0.940  0.742  0.000  0.002  0.000  0.600  0.000               8327480               6408695         100           0       0.000      99.000     205.939        2775688446   1230      0     37          45   1230
     GPU 0  1.000  0.000  0.000  0.000  0.001  0.000  0.000  0.000               5788616               5162134         100           0       0.000      99.000     205.939        2775688446   1230      0     37          45   1230
     GPU 0  1.000  0.938  0.735  0.000  0.002  0.000  0.609  0.000               9164271               7323044         100           0       0.000      99.000     205.939        2775688446   1230      0     37          45   1230
     GPU 0  1.000  0.943  0.769  0.000  0.001  0.000  0.627  0.000               3427494               1411324         100           0       0.000      99.000     205.939        2775688446   1230      0     37          45   1230
     GPU 0  1.000  0.000  0.000  0.000  0.002  0.000  0.000  0.000               3467801               1495331         100           0       0.000      99.000     207.010        2775709313   1230      0     37          45   1230

# Entity  GRACT  SMACT  SMOCC  TENSO  DRAMA  FP64A  FP32A  FP16A                 PCITX                 PCIRX       GPUTL       MCUTL       MUSAM       GUSAM       POWER             TOTEC  SACLK  PSTAT  TMPTR       MMTMP  SMCLK
      Id                                                                                                                                                               W                mJ                    C           C       
     GPU 0  1.000  0.000  0.000  0.000  0.002  0.000  0.000  0.000               3467801               1495331         100           0       0.000      99.000     207.010        2775709313   1230      0     37          45   1230
     GPU 0  1.000  0.944  0.747  0.000  0.002  0.000  0.610  0.000               6448570               3973667         100           0       0.000      99.000     207.010        2775709313   1230      0     37          45   1230
     GPU 0  1.000  0.936  0.750  0.000  0.002  0.000  0.620  0.000               6809590               4845760         100           0       0.000      99.000     207.010        2775709313   1230      0     37          45   1230
     GPU 0  1.000  0.000  0.000  0.000  0.002  0.000  0.000  0.000               7884562               6584459         100           0       0.000      99.000     207.010        2775709313   1230      0     37          45   1230
     GPU 0  1.000  0.934  0.743  0.000  0.002  0.000  0.600  0.000              10778092               8596933         100           0       0.000      99.000     205.111        2775730215   1230      0     37          45   1230
     GPU 0  1.000  0.941  0.743  0.000  0.001  0.000  0.620  0.000              12394177               8090463         100           0       0.000      99.000     205.111        2775730215   1230      0     37          45   1230
     GPU 0  1.000  0.941  0.743  0.000  0.001  0.000  0.620  0.000              12394177               8090463         100           0       0.000      99.000     205.111        2775730215   1230      0     37          45   1230
     GPU 0  1.000  0.000  0.000  0.000  0.001  0.000  0.000  0.000               6387112               5414444         100           0       0.000      99.000     205.111        2775730215   1230      0     37          45   1230
     GPU 0  1.000  0.939  0.738  0.000  0.002  0.000  0.602  0.000               8996323               6820807         100           0       0.000      99.000     205.111        2775730215   1230      0     37          45   1230
     GPU 0  1.000  0.944  0.753  0.000  0.001  0.000  0.624  0.000               7151000               5679175         100           0       0.000      99.000     206.471        2775751074   1230      0     37          45   1230
     GPU 0  1.000  0.944  0.753  0.000  0.001  0.000  0.624  0.000               7151000               5679175         100           0       0.000      99.000     206.471        2775751074   1230      0     37          45   1230
     GPU 0  1.000  0.000  0.000  0.000  0.001  0.000  0.000  0.000               3683140               1407252         100           0       0.000      99.000     206.471        2775751074   1230      0     37          45   1230
     GPU 0  1.000  0.942  0.759  0.000  0.001  0.000  0.623  0.000               3593600               1411341         100           0       0.000      99.000     206.471        2775751074   1230      0     37          45   1230
     GPU 0  1.000  0.950  0.768  0.000  0.001  0.000  0.630  0.000               2212488               1441182         100           0       0.000      99.000     206.471        2775751074   1230      0     37          45   1230

# Entity  GRACT  SMACT  SMOCC  TENSO  DRAMA  FP64A  FP32A  FP16A                 PCITX                 PCIRX       GPUTL       MCUTL       MUSAM       GUSAM       POWER             TOTEC  SACLK  PSTAT  TMPTR       MMTMP  SMCLK
      Id                                                                                                                                                               W                mJ                    C           C       
     GPU 0  1.000  0.000  0.000  0.000  0.001  0.000  0.000  0.000               5765288               3449922         100           0       0.000      99.000     206.471        2775772037   1230      0     37          45   1230
     GPU 0  1.000  0.938  0.762  0.000  0.001  0.000  0.619  0.000               8053114               4962007         100           0       0.000      99.000     206.471        2775772037   1230      0     37          45   1230
     GPU 0  1.000  0.938  0.762  0.000  0.001  0.000  0.619  0.000               8053114               4962007         100           0       0.000      99.000     206.471        2775772037   1230      0     37          45   1230
     GPU 0  1.000  0.939  0.751  0.000  0.001  0.000  0.621  0.000               7112604               5011105         100           0       0.000      99.000     206.471        2775772037   1230      0     37          45   1230
     GPU 0  1.000  0.000  0.000  0.000  0.001  0.000  0.000  0.000              10625868               7646052         100           0       0.000      99.000     206.471        2775772037   1230      0     37          45   1230
     GPU 0  1.000  0.933  0.745  0.000  0.002  0.000  0.616  0.000               7564837               5339359         100           0       0.000      99.000     207.300        2775792951   1230      0     37          45   1230
     GPU 0  1.000  0.944  0.759  0.000  0.002  0.000  0.607  0.000              10620800               8111528         100           0       0.000      99.000     207.300        2775792951   1230      0     37          45   1230
     GPU 0  1.000  0.944  0.759  0.000  0.002  0.000  0.607  0.000              10620800               8111528         100           0       0.000      99.000     207.300        2775792951   1230      0     37          45   1230
     GPU 0  1.000  0.000  0.000  0.000  0.002  0.000  0.000  0.000               9991343               7717772         100           0       0.000      99.000     207.300        2775792951   1230      0     37          45   1230
     GPU 0  1.000  0.943  0.747  0.000  0.001  0.000  0.623  0.000              10423097               7829519         100           0       0.000      99.000     207.300        2775792951   1230      0     37          45   1230
     GPU 0  1.000  0.931  0.735  0.000  0.001  0.000  0.614  0.000               9759165               7391450         100           0       0.000      99.000     207.010        2775792951   1230      0     37          45   1230
     GPU 0  1.000  0.000  0.000  0.000  0.001  0.000  0.000  0.000               1508232               1173069         100           0       0.000      99.000     207.010        2775814235   1230      0     37          45   1230
     GPU 0  1.000  0.933  0.734  0.000  0.002  0.000  0.615  0.000               5888779               5099980         100           0       0.000      99.000     207.010        2775814235   1230      0     37          45   1230
     GPU 0  1.000  0.000  0.000  0.000  0.002  0.000  0.000  0.000               9751442               6779406         100           0       0.000      99.000     207.010        2775814235   1230      0     37          45   1230

# Entity  GRACT  SMACT  SMOCC  TENSO  DRAMA  FP64A  FP32A  FP16A                 PCITX                 PCIRX       GPUTL       MCUTL       MUSAM       GUSAM       POWER             TOTEC  SACLK  PSTAT  TMPTR       MMTMP  SMCLK
      Id                                                                                                                                                               W                mJ                    C           C       
     GPU 0  1.000  0.000  0.000  0.000  0.002  0.000  0.000  0.000               9751442               6779406         100           0       0.000      99.000     207.010        2775814235   1230      0     37          45   1230
     GPU 0  1.000  0.944  0.747  0.000  0.001  0.000  0.625  0.000               9122407               7069256         100           0       0.000      99.000     206.761        2775834872   1230      0     37          45   1230
     GPU 0  1.000  0.923  0.737  0.000  0.002  0.000  0.547  0.000               5804734               4769250         100           0       0.000      99.000     206.761        2775834872   1230      0     38          45   1230
     GPU 0  1.000  0.000  0.000  0.000  0.002  0.000  0.000  0.000               4821782               3243602         100           0       0.000      99.000     206.761        2775834872   1230      0     38          45   1230
     GPU 0  1.000  0.938  0.757  0.000  0.002  0.000  0.623  0.000               6730521               4701394         100           0       0.000      99.000     206.761        2775834872   1230      0     38          45   1230
     GPU 0  1.000  0.943  0.762  0.000  0.001  0.000  0.622  0.000               8506117               6166876         100           0       0.000      99.000     206.761        2775834872   1230      0     38          45   1230
     GPU 0  1.000  0.943  0.762  0.000  0.001  0.000  0.622  0.000               8506117               6166876         100           0       0.000      99.000     206.761        2775855930   1230      0     38          45   1230
     GPU 0  1.000  0.000  0.000  0.000  0.001  0.000  0.000  0.000               9255320               7045217         100           0       0.000      99.000     207.300        2775855930   1230      0     38          45   1230
     GPU 0  1.000  0.940  0.752  0.000  0.001  0.000  0.622  0.000               4646113               3337571         100           0       0.000      99.000     207.300        2775855930   1230      0     38          45   1230
     GPU 0  1.000  0.940  0.752  0.000  0.001  0.000  0.622  0.000               4646113               3337571         100           0       0.000      99.000     207.300        2775855930   1230      0     38          45   1230
     GPU 0  1.000  0.942  0.758  0.000  0.001  0.000  0.623  0.000              11007484               8412348         100           0       0.000      99.000     207.300        2775855930   1230      0     38          45   1230
     GPU 0  1.000  0.000  0.000  0.000  0.001  0.000  0.000  0.000               7656760               5574748         100           0       0.000      99.000     207.300        2775876626   1230      0     38          45   1230
     GPU 0  1.000  0.938  0.757  0.000  0.002  0.000  0.617  0.000               1339942               1423688         100           0       0.000      99.000     206.761        2775876626   1230      0     38          45   1230
     GPU 0  1.000  0.000  0.000  0.000  0.002  0.000  0.000  0.000              10389338               7822839         100           0       0.000      99.000     206.761        2775876626   1230      0     38          45   1230

# Entity  GRACT  SMACT  SMOCC  TENSO  DRAMA  FP64A  FP32A  FP16A                 PCITX                 PCIRX       GPUTL       MCUTL       MUSAM       GUSAM       POWER             TOTEC  SACLK  PSTAT  TMPTR       MMTMP  SMCLK
      Id                                                                                                                                                               W                mJ                    C           C       
     GPU 0  1.000  0.936  0.748  0.000  0.002  0.000  0.619  0.000               8431383               6753197         100           0       0.000      99.000     206.761        2775876626   1230      0     38          45   1230
     GPU 0  1.000  0.934  0.749  0.000  0.001  0.000  0.618  0.000               3745543               2936798         100           0       0.000      99.000     206.761        2775876626   1230      0     38          45   1230
     GPU 0  1.000  0.000  0.000  0.000  0.001  0.000  0.000  0.000               1257038                335210         100           0       0.000      99.000     206.761        2775897492   1230      0     38          45   1230
     GPU 0  1.000  0.000  0.000  0.000  0.001  0.000  0.000  0.000               1257038                335210         100           0       0.000      99.000     206.761        2775897492   1230      0     36          45   1230
     GPU 0  0.000  0.000  0.000  0.000  0.002  0.000  0.000  0.000             247344161               3896333         100           0       0.000      99.000     206.761        2775897492   1230      0     36          45   1230
     GPU 0  0.000  0.000  0.000  0.000  0.000  0.000  0.000  0.000               1368959                124450         100           0       0.000      99.000     206.761        2775897492   1230      0     35          45   1230
     GPU 0  0.000  0.000  0.000  0.000  0.000  0.000  0.000  0.000               1577213                124450         100           0       0.000      99.000     206.761        2775897492   1230      0     34          45   1230
     GPU 0  0.000  0.000  0.000  0.000  0.000  0.000  0.000  0.000               1973897                164210         100           0       0.000      99.000     206.761        2775908819   1230      0     33          45   1230
     GPU 0  0.000  0.000  0.000  0.000  0.000  0.000  0.000  0.000               1005361                 83780         100           0       0.000      99.000      94.659        2775908819   1230      0     33          45   1230
     GPU 0  0.000  0.000  0.000  0.000  0.000  0.000  0.000  0.000               4855074               3461956         100           0       0.000      99.000      94.659        2775908819   1230      0     33          45   1230
     GPU 0  0.000  0.000  0.000  0.000  0.000  0.000  0.000  0.000               3301222                275101         100           0       0.000      99.000      94.659        2775908819   1230      0     33          45   1230
     GPU 0  0.000  0.000  0.000  0.000  0.000  0.000  0.000  0.000               3301222                275101         100           0       0.000      99.000      94.659        2775908819   1230      0     32          45   1230
     GPU 0  0.000  0.000  0.000  0.000  0.000  0.000  0.000  0.000               3061003                 41868          13           0       0.000      13.000      94.119        2775918363   1230      0     32          45   1230
     GPU 0  0.000  0.000  0.000  0.000  0.000  0.000  0.000  0.000               5878110               2536471          13           0       0.000      13.000      94.119        2775918363   1230      0     32          45   1230

# Entity  GRACT  SMACT  SMOCC  TENSO  DRAMA  FP64A  FP32A  FP16A                 PCITX                 PCIRX       GPUTL       MCUTL       MUSAM       GUSAM       POWER             TOTEC  SACLK  PSTAT  TMPTR       MMTMP  SMCLK
      Id                                                                                                                                                               W                mJ                    C           C       
     GPU 0  0.000  0.000  0.000  0.000  0.000  0.000  0.000  0.000               6481491               3114710          13           0       0.000      13.000      94.119        2775918363   1230      0     32          45   1230
     GPU 0  0.000  0.000  0.000  0.000  0.000  0.000  0.000  0.000               7349753               4089745          13           0       0.000      13.000      94.119        2775918363   1230      0     32          45   1230
     GPU 0  0.000  0.000  0.000  0.000  0.000  0.000  0.000  0.000              10650248               6837960          13           0       0.000      13.000      94.119        2775918363   1230      0     32          45   1230
     GPU 0  0.000  0.000  0.000  0.000  0.000  0.000  0.000  0.000              10876213               6937650          13           0       0.000      13.000      94.119        2775927894   1230      0     32          45   1230
     GPU 0  0.000  0.000  0.000  0.000  0.000  0.000  0.000  0.000              10876213               6937650          13           0       0.000      13.000      94.368        2775927894   1230      0     32          45   1230
     GPU 0  0.000  0.000  0.000  0.000  0.000  0.000  0.000  0.000              11697427               6272831          13           0       0.000      13.000      94.368        2775927894   1230      0     31          45   1230
     GPU 0  0.000  0.000  0.000  0.000  0.000  0.000  0.000  0.000               4415447               2498470          13           0       0.000      13.000      94.368        2775927894   1230      0     31          45   1230
     GPU 0  0.000  0.000  0.000  0.000  0.000  0.000  0.000  0.000              10853043               7009875          13           0       0.000      13.000      94.368        2775927894   1230      0     31          45   1230
     GPU 0  0.000  0.000  0.000  0.000  0.000  0.000  0.000  0.000              11448400               7194001           0           0       0.000       0.000      94.119        2775937374   1230      0     31          45   1230
     GPU 0  0.000  0.000  0.000  0.000  0.000  0.000  0.000  0.000               9174802               5676909           0           0       0.000       0.000      94.119        2775937374   1230      0     31          45   1230
     GPU 0  0.000  0.000  0.000  0.000  0.000  0.000  0.000  0.000               9174802               5676909           0           0       0.000       0.000      94.119        2775937374   1230      0     31          45   1230
     GPU 0  0.000  0.000  0.000  0.000  0.000  0.000  0.000  0.000               3300065                275005           0           0       0.000       0.000      94.119        2775937374   1230      0     31          45   1230
     GPU 0  0.000  0.000  0.000  0.000  0.000  0.000  0.000  0.000               1966006                163496           0           0       0.000       0.000      94.119        2775937374   1230      0     31          45   1230
     GPU 0  0.000  0.000  0.000  0.000  0.000  0.000  0.000  0.000               4658874               1866872           0           0       0.000       0.000      94.119        2775946861   1230      0     31          45   1230

# Entity  GRACT  SMACT  SMOCC  TENSO  DRAMA  FP64A  FP32A  FP16A                 PCITX                 PCIRX       GPUTL       MCUTL       MUSAM       GUSAM       POWER             TOTEC  SACLK  PSTAT  TMPTR       MMTMP  SMCLK
      Id                                                                                                                                                               W                mJ                    C           C       
     GPU 0  0.000  0.000  0.000  0.000  0.000  0.000  0.000  0.000               7176554               2446365           0           0       0.000       0.000      93.828        2775946861   1230      0     31          45   1230
     GPU 0  0.000  0.000  0.000  0.000  0.000  0.000  0.000  0.000               7176554               2446365           0           0       0.000       0.000      93.828        2775946861   1230      0     31          45   1230
     GPU 0  0.002  0.000  0.000  0.000  0.000  0.000  0.000  0.000               9101680               8200030           0           0       0.000       0.000      93.828        2775946861   1230      0     31          45   1230
     GPU 0  0.002  0.000  0.000  0.000  0.000  0.000  0.000  0.000               9101680               8200030           0           0       0.000       0.000      93.828        2775946861   1230      0     31          45   1230
     GPU 0  0.002  0.000  0.000  0.000  0.000  0.000  0.000  0.000               9101680               8200030           0           0       0.000       0.000      94.119        2775956342   1230      0     31          45   1230
     GPU 0  0.000  0.000  0.000  0.000  0.000  0.000  0.000  0.000              12579978              11488858           0           0       0.000       0.000      94.119        2775956342   1230      0     30          45   1230
     GPU 0  0.000  0.000  0.000  0.000  0.000  0.000  0.000  0.000              11031439               8596915           0           0       0.000       0.000      94.119        2775956342   1230      0     30          45   1230
     GPU 0  0.000  0.000  0.000  0.000  0.000  0.000  0.000  0.000              11031439               8596915           0           0       0.000       0.000      94.119        2775956342   1230      0     30          45   1230
     GPU 0  0.000  0.000  0.000  0.000  0.000  0.000  0.000  0.000               8818130              25227522           0           0       0.000       0.000      94.119        2775956342   1230      0     30          45   1230
     GPU 0  0.000  0.000  0.000  0.000  0.000  0.000  0.000  0.000               8818130              25227522           0           0       0.000       0.000      93.586        2775965792   1230      0     30          45   1230
     GPU 0  0.000  0.000  0.000  0.000  0.000  0.000  0.000  0.000              12318816               8810825           0           0       0.000       0.000      93.586        2775965792   1230      0     30          45   1230
     GPU 0  0.000  0.000  0.000  0.000  0.000  0.000  0.000  0.000              10841651               7869367           0           0       0.000       0.000      93.586        2775965792   1230      0     30          45   1230
     GPU 0  0.000  0.000  0.000  0.000  0.000  0.000  0.000  0.000              10841651               7869367           0           0       0.000       0.000      93.586        2775965792   1230      0     30          45   1230
     GPU 0  0.000  0.000  0.000  0.000  0.000  0.000  0.000  0.000              10689246               7909383           0           0       0.000       0.000      93.586        2775965792   1230      0     30          45   1230

# Entity  GRACT  SMACT  SMOCC  TENSO  DRAMA  FP64A  FP32A  FP16A                 PCITX                 PCIRX       GPUTL       MCUTL       MUSAM       GUSAM       POWER             TOTEC  SACLK  PSTAT  TMPTR       MMTMP  SMCLK
      Id                                                                                                                                                               W                mJ                    C           C       
     GPU 0  0.000  0.000  0.000  0.000  0.000  0.000  0.000  0.000              10689246               7909383           0           0       0.000       0.000      93.586        2775965792   1230      0     30          45   1230
     GPU 0  0.000  0.000  0.000  0.000  0.000  0.000  0.000  0.000              10689246               7909383           6           0       0.000       0.000      93.586        2775965792   1230      0     30          45   1230
     GPU 0  0.000  0.000  0.000  0.000  0.000  0.000  0.000  0.000              10689246               7909383           6           0       0.000       0.000      93.586        2775965792   1230      0     30          45   1230
     GPU 0  0.000  0.000  0.000  0.000  0.000  0.000  0.000  0.000              12618745               7153471           6           0       0.000       0.000      93.586        2775975739   1230      0     30          45   1230
     GPU 0  0.000  0.000  0.000  0.000  0.000  0.000  0.000  0.000               4995271               2729364           6           0       0.000       0.000      93.586        2775975739   1230      0     30          45   1230
     GPU 0  0.000  0.000  0.000  0.000  0.000  0.000  0.000  0.000              10779283               7001579           6           0       0.000       0.000      93.586        2775984866   1230      0     30          45   1230
     GPU 0  0.000  0.000  0.000  0.000  0.000  0.000  0.000  0.000              10816329               7021478           6           0       0.000       0.000      93.586        2775984866   1230      0     30          45   1230
     GPU 0  0.000  0.000  0.000  0.000  0.000  0.000  0.000  0.000              10816329               7021478           6           0       0.000       0.000      93.586        2775984866   1230      0     30          45   1230
     GPU 0  0.000  0.000  0.000  0.000  0.000  0.000  0.000  0.000              10199933               6561685           6           0       0.000       0.000      93.586        2775984866   1230      0     30          45   1230
     GPU 0  0.000  0.000  0.000  0.000  0.000  0.000  0.000  0.000               7886073               5477652           0           0       0.000       0.000      93.586        2775984866   1230      0     30          45   1230
     GPU 0  0.000  0.000  0.000  0.000  0.000  0.000  0.000  0.000              10407264               6463364           0           0       0.000       0.000      93.586        2775984866   1230      0     30          45   1230
     GPU 0  0.000  0.000  0.000  0.000  0.000  0.000  0.000  0.000              11682728               6490992           0           0       0.000       0.000      93.586        2775994298   1230      0     30          45   1230
     GPU 0  0.000  0.000  0.000  0.000  0.000  0.000  0.000  0.000               2318579                162904           0           0       0.000       0.000      93.586        2775994298   1230      0     30          45   1230
     GPU 0  0.000  0.000  0.000  0.000  0.000  0.000  0.000  0.000               1962217                205379           0           0       0.000       0.000      93.586        2775994298   1230      0     30          45   1230

# Entity  GRACT  SMACT  SMOCC  TENSO  DRAMA  FP64A  FP32A  FP16A                 PCITX                 PCIRX       GPUTL       MCUTL       MUSAM       GUSAM       POWER             TOTEC  SACLK  PSTAT  TMPTR       MMTMP  SMCLK
      Id                                                                                                                                                               W                mJ                    C           C       
     GPU 0  0.000  0.000  0.000  0.000  0.000  0.000  0.000  0.000               1962217                205379           0           0       0.000       0.000      93.586        2775994298   1230      0     30          45   1230
     GPU 0  0.000  0.000  0.000  0.000  0.000  0.000  0.000  0.000               4956978               2116643           0           0       0.000       0.000      93.586        2776003736   1230      0     30          45   1230
     GPU 0  0.000  0.000  0.000  0.000  0.000  0.000  0.000  0.000               7852091               4865022           0           0       0.000       0.000      93.586        2776003736   1230      0     30          45   1230
     GPU 0  0.000  0.000  0.000  0.000  0.000  0.000  0.000  0.000               7852091               4865022           0           0       0.000       0.000      93.586        2776003736   1230      0     30          45   1230
     GPU 0  0.000  0.000  0.000  0.000  0.000  0.000  0.000  0.000               8784734               5512765           0           0       0.000       0.000      93.586        2776003736   1230      0     30          45   1230
     GPU 0  0.000  0.000  0.000  0.000  0.000  0.000  0.000  0.000               6969782               4597818           0           0       0.000       0.000      93.586        2776003736   1230      0     30          45   1230
     GPU 0  0.000  0.000  0.000  0.000  0.000  0.000  0.000  0.000               6969782               4597818           0           0       0.000       0.000      93.586        2776003736   1230      0     30          45   1230
     GPU 0  0.000  0.000  0.000  0.000  0.000  0.000  0.000  0.000               6969782               4597818           0           0       0.000       0.000      93.586        2776003736   1230      0     30          45   1230
     GPU 0  0.000  0.000  0.000  0.000  0.000  0.000  0.000  0.000               6969782               4597818           0           0       0.000       0.000      93.586        2776003736   1230      0     30          45   1230
     GPU 0  0.000  0.000  0.000  0.000  0.000  0.000  0.000  0.000              11060273               5483358           0           0       0.000       0.000      93.586        2776013517   1230      0     30          45   1230
     GPU 0  0.000  0.000  0.000  0.000  0.000  0.000  0.000  0.000               6351772               3277098           0           0       0.000       0.000      93.586        2776013517   1230      0     30          45   1230
     GPU 0  0.000  0.000  0.000  0.000  0.000  0.000  0.000  0.000               6368497               3995826           0           0       0.000       0.000      93.586        2776022782   1230      0     30          45   1230
     GPU 0  0.000  0.000  0.000  0.000  0.000  0.000  0.000  0.000               6368497               3995826           0           0       0.000       0.000      93.828        2776022782   1230      0     30          45   1230
     GPU 0  0.000  0.000  0.000  0.000  0.000  0.000  0.000  0.000              12047841               6762781           0           0       0.000       0.000      93.828        2776022782   1230      0     30          44   1230

# Entity  GRACT  SMACT  SMOCC  TENSO  DRAMA  FP64A  FP32A  FP16A                 PCITX                 PCIRX       GPUTL       MCUTL       MUSAM       GUSAM       POWER             TOTEC  SACLK  PSTAT  TMPTR       MMTMP  SMCLK
      Id                                                                                                                                                               W                mJ                    C           C       
     GPU 0  0.000  0.000  0.000  0.000  0.000  0.000  0.000  0.000               9089153               5724329           0           0       0.000       0.000      93.828        2776022782   1230      0     30          45   1230
     GPU 0  0.000  0.000  0.000  0.000  0.000  0.000  0.000  0.000               3417154                 41514           0           0       0.000       0.000      93.828        2776022782   1230      0     29          45   1230
     GPU 0  0.000  0.000  0.000  0.000  0.000  0.000  0.000  0.000               4738377               2034983           0           0       0.000       0.000      93.828        2776022782   1230      0     29          45   1230
     GPU 0  0.000  0.000  0.000  0.000  0.000  0.000  0.000  0.000               4738377               2034983           0           0       0.000       0.000      93.828        2776032327   1230      0     29          45   1230
     GPU 0  0.000  0.000  0.000  0.000  0.000  0.000  0.000  0.000               6439167               3665267           0           0       0.000       0.000      93.828        2776032327   1230      0     29          45   1230
     GPU 0  0.000  0.000  0.000  0.000  0.000  0.000  0.000  0.000              10344412               7064834           0           0       0.000       0.000      93.828        2776032327   1230      0     29          45   1230
     GPU 0  0.000  0.000  0.000  0.000  0.000  0.000  0.000  0.000              10742139               7324983           0           0       0.000       0.000      93.828        2776032327   1230      0     29          45   1230
     GPU 0  0.000  0.000  0.000  0.000  0.000  0.000  0.000  0.000               8439507               4569501           0           0       0.000       0.000      93.828        2776041696   1230      0     29          44   1230
     GPU 0  0.000  0.000  0.000  0.000  0.000  0.000  0.000  0.000              10724567               6207945           0           0       0.000       0.000      93.828        2776041696   1230      0     29          44   1230
     GPU 0  0.000  0.000  0.000  0.000  0.000  0.000  0.000  0.000              10724567               6207945           0           0       0.000       0.000      93.828        2776041696   1230      0     29          45   1230
     GPU 0  0.000  0.000  0.000  0.000  0.000  0.000  0.000  0.000               7356336               5181477           0           0       0.000       0.000      93.828        2776041696   1230      0     29          45   1230
     GPU 0  0.000  0.000  0.000  0.000  0.000  0.000  0.000  0.000               4462395               2593407           0           0       0.000       0.000      93.828        2776041696   1230      0     29          44   1230
     GPU 0  0.000  0.000  0.000  0.000  0.000  0.000  0.000  0.000              11259070               7282162           0           0       0.000       0.000      93.828        2776041696   1230      0     29          45   1230
     GPU 0  0.000  0.000  0.000  0.000  0.000  0.000  0.000  0.000              10177741              12442383           0           0       0.000       0.000      93.828        2776051267   1230      0     29          44   1230

# Entity  GRACT  SMACT  SMOCC  TENSO  DRAMA  FP64A  FP32A  FP16A                 PCITX                 PCIRX       GPUTL       MCUTL       MUSAM       GUSAM       POWER             TOTEC  SACLK  PSTAT  TMPTR       MMTMP  SMCLK
      Id                                                                                                                                                               W                mJ                    C           C       
     GPU 0  0.000  0.000  0.000  0.000  0.000  0.000  0.000  0.000               8860010               3946604           0           0       0.000       0.000      93.828        2776051267   1230      0     29          45   1230
     GPU 0  0.000  0.000  0.000  0.000  0.000  0.000  0.000  0.000               8860010               3946604           0           0       0.000       0.000      93.828        2776051267   1230      0     29          44   1230
     GPU 0  0.000  0.000  0.000  0.000  0.000  0.000  0.000  0.000               3302916                317181           0           0       0.000       0.000      93.828        2776051267   1230      0     29          44   1230
     GPU 0  0.000  0.000  0.000  0.000  0.000  0.000  0.000  0.000               5482735               1867060           0           0       0.000       0.000      93.828        2776060652   1230      0     29          44   1230
     GPU 0  0.000  0.000  0.000  0.000  0.000  0.000  0.000  0.000               6905068               3009880           0           0       0.000       0.000      93.828        2776060652   1230      0     29          44   1230
     GPU 0  0.000  0.000  0.000  0.000  0.000  0.000  0.000  0.000               6452094               3574973           0           0       0.000       0.000      93.828        2776060652   1230      0     29          44   1230
     GPU 0  0.000  0.000  0.000  0.000  0.000  0.000  0.000  0.000               6452094               3574973           0           0       0.000       0.000      93.828        2776060652   1230      0     29          45   1230
     GPU 0  0.000  0.000  0.000  0.000  0.000  0.000  0.000  0.000              10444951               6758230           0           0       0.000       0.000      93.828        2776060652   1230      0     29          44   1230
     GPU 0  0.000  0.000  0.000  0.000  0.000  0.000  0.000  0.000              10185951               6634356           0           0       0.000       0.000      90.562        2776070126   1230      0     29          44    315
     GPU 0  0.000  0.000  0.000  0.000  0.000  0.000  0.000  0.000               7128979               4445218           0           0       0.000       0.000      90.562        2776070126   1230      0     29          44    315
     GPU 0  0.000  0.000  0.000  0.000  0.000  0.000  0.000  0.000               7128979               4445218           0           0       0.000       0.000      90.562        2776070126   1230      0     29          44    315
     GPU 0  0.000  0.000  0.000  0.000  0.000  0.000  0.000  0.000               8034959               5506378           0           0       0.000       0.000      90.562        2776070126   1230      0     29          45    315
     GPU 0  0.000  0.000  0.000  0.000  0.000  0.000  0.000  0.000              10026626               6993772           0           0       0.000       0.000      90.562        2776070126   1230      0     29          44    315
     GPU 0  0.000  0.000  0.000  0.000  0.000  0.000  0.000  0.000               8012673               5243902           0           0       0.000       0.000      90.562        2776070126   1230      0     29          44    315

# Entity  GRACT  SMACT  SMOCC  TENSO  DRAMA  FP64A  FP32A  FP16A                 PCITX                 PCIRX       GPUTL       MCUTL       MUSAM       GUSAM       POWER             TOTEC  SACLK  PSTAT  TMPTR       MMTMP  SMCLK
      Id                                                                                                                                                               W                mJ                    C           C       
     GPU 0  0.000  0.000  0.000  0.000  0.000  0.000  0.000  0.000               2991494                843635           0           0       0.000       0.000      79.753        2776078259   1230      0     29          44    315
