# Entity  GRACT  SMACT  SMOCC  TENSO  DRAMA  FP64A  FP32A  FP16A                 PCITX                 PCIRX       GPUTL       MCUTL       MUSAM       GUSAM       POWER             TOTEC  SACLK  PSTAT  TMPTR       MMTMP  SMCLK
      Id                                                                                                                                                               W                mJ                    C           C       
     GPU 0  0.000  0.000  0.000  0.000  0.000  0.000  0.000  0.000              98411071                     0           0           0       0.000       0.000      76.729        7418030747    900      0     26          43    210
     GPU 0  0.000  0.000  0.000  0.000  0.000  0.000  0.000  0.000               8707622               4770581           0           0       0.000       0.000      78.383        7418030747    900      0     27          43    210
     GPU 0  0.000  0.000  0.000  0.000  0.000  0.000  0.000  0.000               8707622               4770581           0           0       0.000       0.000      78.383        7418038516    900      0     27          43    210
     GPU 0  0.000  0.000  0.000  0.000  0.000  0.000  0.000  0.000              10109823               6595034           0           0       0.000       0.000      78.383        7418038516    900      0     27          43    210
     GPU 0  0.000  0.000  0.000  0.000  0.000  0.000  0.000  0.000               6592579               3677038           0           0       0.000       0.000      78.383        7418038516    900      0     27          43    210
     GPU 0  0.000  0.000  0.000  0.000  0.000  0.000  0.000  0.000               5301135               2971702           0           0       0.000       0.000      78.383        7418038516    900      0     27          43    210
     GPU 0  0.000  0.000  0.000  0.000  0.000  0.000  0.000  0.000               5301135               2971702           0           0       0.000       0.000      78.383        7418046437    900      0     27          43    210
     GPU 0  0.000  0.000  0.000  0.000  0.000  0.000  0.000  0.000               3936218               3056402           0           0       0.000       0.000      78.383        7418046437    900      0     27          43    210
     GPU 0  0.000  0.000  0.000  0.000  0.000  0.000  0.000  0.000               9606899               6336430           0           0       0.000       0.000      78.383        7418046437    900      0     27          43    210
     GPU 0  0.000  0.000  0.000  0.000  0.000  0.000  0.000  0.000               4513768               3451437           0           0       0.000       0.000      78.383        7418046437    900      0     27          43    210
     GPU 0  0.000  0.000  0.000  0.000  0.000  0.000  0.000  0.000               3010711                273701           0           0       0.000       0.000      78.383        7418046437    900      0     27          43    210
     GPU 0  0.000  0.000  0.000  0.000  0.000  0.000  0.000  0.000               5541637               1832465           0           0       0.000       0.000      78.383        7418046437    900      0     27          43    210
     GPU 0  0.000  0.000  0.000  0.000  0.000  0.000  0.000  0.000               5541637               1832465           0           0       0.000       0.000      78.383        7418054432    900      0     27          43    210
     GPU 0  0.000  0.000  0.000  0.000  0.000  0.000  0.000  0.000               6799410               3171827           0           0       0.000       0.000      78.383        7418054432    900      0     27          43    210
     GPU 0  0.000  0.000  0.000  0.000  0.000  0.000  0.000  0.000               6990915               3777350           0           0       0.000       0.000      78.383        7418054432    900      0     27          43    210

# Entity  GRACT  SMACT  SMOCC  TENSO  DRAMA  FP64A  FP32A  FP16A                 PCITX                 PCIRX       GPUTL       MCUTL       MUSAM       GUSAM       POWER             TOTEC  SACLK  PSTAT  TMPTR       MMTMP  SMCLK
      Id                                                                                                                                                               W                mJ                    C           C       
     GPU 0  0.000  0.000  0.000  0.000  0.000  0.000  0.000  0.000               8965568               5989175           0           0       0.000       0.000      78.383        7418054432    900      0     27          43    210
     GPU 0  0.000  0.000  0.000  0.000  0.000  0.000  0.000  0.000               8965568               5989175           0           0       0.000       0.000      78.383        7418062263    900      0     27          43    210
     GPU 0  0.000  0.000  0.000  0.000  0.000  0.000  0.000  0.000              10256538               7048484           0           0       0.000       0.000      78.383        7418062263    900      0     27          43    210
     GPU 0  0.000  0.000  0.000  0.000  0.000  0.000  0.000  0.000              10229451               6732665           0           0       0.000       0.000      78.383        7418062263    900      0     27          43    210
     GPU 0  0.000  0.000  0.000  0.000  0.000  0.000  0.000  0.000               6946135               3599926           0           0       0.000       0.000      78.383        7418062263    900      0     27          43    210
     GPU 0  0.000  0.000  0.000  0.000  0.000  0.000  0.000  0.000               3021070                274642           0           0       0.000       0.000      78.383        7418062263    900      0     27          43    210
     GPU 0  0.000  0.000  0.000  0.000  0.000  0.000  0.000  0.000               4157128               1648329           0           0       0.000       0.000      78.383        7418062263    900      0     27          43    210
     GPU 0  0.000  0.000  0.000  0.000  0.000  0.000  0.000  0.000               4157128               1648329           0           0       0.000       0.000      78.383        7418070226    900      0     27          43    210
     GPU 0  0.000  0.000  0.000  0.000  0.000  0.000  0.000  0.000               6606877               3081241           0           0       0.000       0.000      78.383        7418070226    900      0     27          43    210
     GPU 0  0.000  0.000  0.000  0.000  0.000  0.000  0.000  0.000               7392369               7236877           0           0       0.000       0.000      78.383        7418070226    900      0     27          43    210
     GPU 0  0.000  0.000  0.000  0.000  0.000  0.000  0.000  0.000               7392369               7236877           0           0       0.000       0.000      78.383        7418070226    900      0     27          43    210
     GPU 0  0.000  0.000  0.000  0.000  0.000  0.000  0.000  0.000               4627676               3277937           0           0       0.000       0.000      78.383        7418078103    900      0     27          43    210
     GPU 0  0.000  0.000  0.000  0.000  0.000  0.000  0.000  0.000               2266839              11334196           0           0       0.000       0.000      78.383        7418078103    900      0     27          43    210
     GPU 0  0.000  0.000  0.000  0.000  0.000  0.000  0.000  0.000               9276532              17606480           0           0       0.000       0.000      78.383        7418078103    900      0     27          43    210

# Entity  GRACT  SMACT  SMOCC  TENSO  DRAMA  FP64A  FP32A  FP16A                 PCITX                 PCIRX       GPUTL       MCUTL       MUSAM       GUSAM       POWER             TOTEC  SACLK  PSTAT  TMPTR       MMTMP  SMCLK
      Id                                                                                                                                                               W                mJ                    C           C       
     GPU 0  0.000  0.000  0.000  0.000  0.000  0.000  0.000  0.000               7379533              16069450           0           0       0.000       0.000      78.383        7418078103    900      0     27          43    210
     GPU 0  0.000  0.000  0.000  0.000  0.000  0.000  0.000  0.000               7379533              16069450           0           0       0.000       0.000      78.383        7418078103    900      0     27          43    210
     GPU 0  0.000  0.000  0.000  0.000  0.000  0.000  0.000  0.000               7743446               5079792           0           0       0.000       0.000      78.383        7418086016    900      0     27          43    210
     GPU 0  0.000  0.000  0.000  0.000  0.000  0.000  0.000  0.000               7743446               5079792           0           0       0.000       0.000      78.383        7418086016    900      0     27          43    210
     GPU 0  0.000  0.000  0.000  0.000  0.000  0.000  0.000  0.000               3665998               2582862           0           0       0.000       0.000      78.383        7418086016    900      0     27          43    210
     GPU 0  0.000  0.000  0.000  0.000  0.000  0.000  0.000  0.000               1184849                696970           0           0       0.000       0.000      78.383        7418086016    900      0     27          43    210
     GPU 0  0.000  0.000  0.000  0.000  0.000  0.000  0.000  0.000               1625974               2520261           0           0       0.000       0.000      78.383        7418086016    900      0     27          43    210
     GPU 0  0.000  0.000  0.000  0.000  0.000  0.000  0.000  0.000               1625974               2520261           0           0       0.000       0.000      78.383        7418086016    900      0     27          43    210
     GPU 0  0.000  0.000  0.000  0.000  0.000  0.000  0.000  0.000               6969139               4301265           0           0       0.000       0.000      78.383        7418093923    900      0     27          43    210
     GPU 0  0.000  0.000  0.000  0.000  0.000  0.000  0.000  0.000               1009709               1009709           0           0       0.000       0.000      78.383        7418093923    900      0     27          43    210
     GPU 0  0.000  0.000  0.000  0.000  0.000  0.000  0.000  0.000               1009709               1009709           0           0       0.000       0.000      78.383        7418093923    900      0     27          43    210
     GPU 0  0.000  0.000  0.000  0.000  0.000  0.000  0.000  0.000               1009709               1009709           0           0       0.000       0.000      78.383        7418093923    900      0     27          43    210
     GPU 0  0.000  0.000  0.000  0.000  0.000  0.000  0.000  0.000               1009709               1009709           0           0       0.000       0.000      78.383        7418101822    900      0     27          43    210
     GPU 0  0.000  0.000  0.000  0.000  0.000  0.000  0.000  0.000               3055197               2442871           0           0       0.000       0.000      78.383        7418101822    900      0     27          43    210

# Entity  GRACT  SMACT  SMOCC  TENSO  DRAMA  FP64A  FP32A  FP16A                 PCITX                 PCIRX       GPUTL       MCUTL       MUSAM       GUSAM       POWER             TOTEC  SACLK  PSTAT  TMPTR       MMTMP  SMCLK
      Id                                                                                                                                                               W                mJ                    C           C       
     GPU 0  0.000  0.000  0.000  0.000  0.000  0.000  0.000  0.000               6099917              11364229           0           0       0.000       0.000      78.383        7418101822    900      0     27          43    210
     GPU 0  0.000  0.000  0.000  0.000  0.000  0.000  0.000  0.000               6099917              11364229           0           0       0.000       0.000      78.383        7418101822    900      0     27          43    210
     GPU 0  0.000  0.000  0.000  0.000  0.000  0.000  0.000  0.000               5985970              21449727           0           0       0.000       0.000      78.383        7418101822    900      0     27          43    210
     GPU 0  0.000  0.000  0.000  0.000  0.000  0.000  0.000  0.000               5906177              20380470           0           0       0.000       0.000      78.383        7418109734    900      0     27          43    210
     GPU 0  0.000  0.000  0.000  0.000  0.000  0.000  0.000  0.000               5690465              19163480           0           0       0.000       0.000      78.383        7418109734    900      0     27          43    210
     GPU 0  0.000  0.000  0.000  0.000  0.000  0.000  0.000  0.000               5690465              19163480           5           0       0.000       5.000      78.383        7418109734    900      0     27          43    900
     GPU 0  0.006  0.000  0.000  0.000  0.000  0.000  0.000  0.000               8943594              15734849           5           0       0.000       5.000      78.383        7418109734    900      0     27          43    900
     GPU 0  0.019  0.000  0.000  0.000  0.001  0.000  0.000  0.000             304090926            2642953250           5           0       0.000       5.000      78.383        7418109734    900      0     27          43    900
     GPU 0  0.769  0.512  0.422  0.000  0.002  0.000  0.335  0.000             340243951            2991292962           5           0       0.000       5.000     114.194        7418118372    900      0     27          43    900
     GPU 0  1.000  0.951  0.770  0.000  0.001  0.000  0.609  0.000               9205685               6273864           5           0       0.000       5.000     114.194        7418118372    900      0     29          43    900
     GPU 0  1.000  0.951  0.770  0.000  0.001  0.000  0.609  0.000               9205685               6273864           5           0       0.000       5.000     114.194        7418118372    900      0     29          43    900
     GPU 0  1.000  0.000  0.000  0.000  0.001  0.000  0.000  0.000               8004428               5545956           5           0       0.000       5.000     114.194        7418118372    900      0     29          43    900
     GPU 0  1.000  0.949  0.764  0.000  0.001  0.000  0.625  0.000               6743629               5297844           5           0       0.000       5.000     114.194        7418118372    900      0     30          43    900
     GPU 0  1.000  0.942  0.751  0.000  0.001  0.000  0.620  0.000               8319332               6375640           5           0       0.000       5.000     114.194        7418133634    900      0     30          43    900

# Entity  GRACT  SMACT  SMOCC  TENSO  DRAMA  FP64A  FP32A  FP16A                 PCITX                 PCIRX       GPUTL       MCUTL       MUSAM       GUSAM       POWER             TOTEC  SACLK  PSTAT  TMPTR       MMTMP  SMCLK
      Id                                                                                                                                                               W                mJ                    C           C       
     GPU 0  1.000  0.000  0.000  0.000  0.001  0.000  0.000  0.000               7785973               5860357           5           0       0.000       5.000     153.868        7418133634    900      0     30          43    900
     GPU 0  1.000  0.948  0.777  0.000  0.001  0.000  0.630  0.000               1174268                838763          76           0       0.000      76.000     153.868        7418133634    900      0     30          44    900
     GPU 0  1.000  0.000  0.000  0.000  0.001  0.000  0.000  0.000               7911518               5828976          76           0       0.000      76.000     153.868        7418133634    900      0     30          43    900
     GPU 0  1.000  0.933  0.728  0.000  0.001  0.000  0.613  0.000               3374304               1473359          76           0       0.000      76.000     153.868        7418133634    900      0     30          43    900
     GPU 0  1.000  0.933  0.728  0.000  0.001  0.000  0.613  0.000               3374304               1473359          76           0       0.000      76.000     156.052        7418149344    900      0     30          43    900
     GPU 0  1.000  0.912  0.685  0.000  0.001  0.000  0.594  0.000               3387514               1394371          76           0       0.000      76.000     156.052        7418149344    900      0     31          43    900
     GPU 0  1.000  0.000  0.000  0.000  0.001  0.000  0.000  0.000               4625552               2886154          76           0       0.000      76.000     156.052        7418149344    900      0     31          44    900
     GPU 0  1.000  0.942  0.747  0.000  0.001  0.000  0.622  0.000               4603924               2891568          76           0       0.000      76.000     156.052        7418149344    900      0     31          43    900
     GPU 0  1.000  0.954  0.765  0.000  0.001  0.000  0.615  0.000               6389873               4825016          76           0       0.000      76.000     156.052        7418149344    900      0     31          43    900
     GPU 0  1.000  0.000  0.000  0.000  0.001  0.000  0.000  0.000               6870307               5354487          76           0       0.000      76.000     156.052        7418165056    900      0     31          44    900
     GPU 0  1.000  0.000  0.000  0.000  0.001  0.000  0.000  0.000               6870307               5354487          76           0       0.000      76.000     155.230        7418165056    900      0     31          44    900
     GPU 0  1.000  0.941  0.741  0.000  0.001  0.000  0.604  0.000               8876216               6489778         100           0       0.000      99.000     155.230        7418165056    900      0     31          43    900
     GPU 0  1.000  0.945  0.743  0.000  0.001  0.000  0.601  0.000               6621535               4987266         100           0       0.000      99.000     155.230        7418165056    900      0     31          43    900
     GPU 0  1.000  0.000  0.000  0.000  0.001  0.000  0.000  0.000               6567794               4908464         100           0       0.000      99.000     155.230        7418165056    900      0     31          43    900

# Entity  GRACT  SMACT  SMOCC  TENSO  DRAMA  FP64A  FP32A  FP16A                 PCITX                 PCIRX       GPUTL       MCUTL       MUSAM       GUSAM       POWER             TOTEC  SACLK  PSTAT  TMPTR       MMTMP  SMCLK
      Id                                                                                                                                                               W                mJ                    C           C       
     GPU 0  1.000  0.936  0.727  0.000  0.001  0.000  0.615  0.000              10376316               7189223         100           0       0.000      99.000     157.421        7418180912    900      0     31          43    900
     GPU 0  1.000  0.953  0.747  0.000  0.001  0.000  0.631  0.000               6961376               5619383         100           0       0.000      99.000     157.421        7418180912    900      0     31          43    900
     GPU 0  1.000  0.953  0.747  0.000  0.001  0.000  0.631  0.000               6961376               5619383         100           0       0.000      99.000     157.421        7418180912    900      0     31          43    900
     GPU 0  1.000  0.000  0.000  0.000  0.001  0.000  0.000  0.000               5034578               3859795         100           0       0.000      99.000     157.421        7418180912    900      0     31          43    900
     GPU 0  1.000  0.944  0.757  0.000  0.001  0.000  0.627  0.000               2298971               1479285         100           0       0.000      99.000     157.421        7418180912    900      0     31          43    900
     GPU 0  1.000  0.925  0.676  0.000  0.001  0.000  0.602  0.000               2172526               1276894         100           0       0.000      99.000     157.421        7418196829    900      0     32          43    900
     GPU 0  1.000  0.000  0.000  0.000  0.001  0.000  0.000  0.000               6339320               4699717         100           0       0.000      99.000     157.124        7418196829    900      0     32          43    900
     GPU 0  1.000  0.930  0.729  0.000  0.001  0.000  0.611  0.000               7545748               6003769         100           0       0.000      99.000     157.124        7418196829    900      0     32          43    900
     GPU 0  1.000  0.939  0.765  0.000  0.001  0.000  0.623  0.000               8576715               6386936         100           0       0.000      99.000     157.124        7418196829    900      0     32          43    900
     GPU 0  1.000  0.939  0.765  0.000  0.001  0.000  0.623  0.000               8576715               6386936         100           0       0.000      99.000     157.124        7418196829    900      0     32          43    900
     GPU 0  1.000  0.000  0.000  0.000  0.001  0.000  0.000  0.000               9143831               6614925         100           0       0.000      99.000     157.663        7418196829    900      0     32          43    900
     GPU 0  1.000  0.940  0.739  0.000  0.001  0.000  0.616  0.000               8758346               6495702         100           0       0.000      99.000     157.663        7418212859    900      0     32          43    900
     GPU 0  1.000  0.942  0.745  0.000  0.001  0.000  0.610  0.000               6370781               4525707         100           0       0.000      99.000     157.663        7418212859    900      0     32          44    900
     GPU 0  1.000  0.942  0.745  0.000  0.001  0.000  0.610  0.000               6370781               4525707         100           0       0.000      99.000     157.663        7418212859    900      0     32          43    900

# Entity  GRACT  SMACT  SMOCC  TENSO  DRAMA  FP64A  FP32A  FP16A                 PCITX                 PCIRX       GPUTL       MCUTL       MUSAM       GUSAM       POWER             TOTEC  SACLK  PSTAT  TMPTR       MMTMP  SMCLK
      Id                                                                                                                                                               W                mJ                    C           C       
     GPU 0  1.000  0.000  0.000  0.000  0.001  0.000  0.000  0.000               9482273               6714094         100           0       0.000      99.000     157.663        7418212859    900      0     32          43    900
     GPU 0  1.000  0.929  0.728  0.000  0.001  0.000  0.610  0.000               9995100               7454746         100           0       0.000      99.000     157.124        7418228593    900      0     32          43    900
     GPU 0  1.000  0.944  0.770  0.000  0.001  0.000  0.625  0.000               9502867               6918734         100           0       0.000      99.000     157.124        7418228593    900      0     32          43    900
     GPU 0  1.000  0.000  0.000  0.000  0.001  0.000  0.000  0.000              11660294               8215376         100           0       0.000      99.000     157.124        7418228593    900      0     32          44    900
     GPU 0  1.000  0.948  0.777  0.000  0.001  0.000  0.630  0.000               9476693               6734584         100           0       0.000      99.000     157.124        7418228593    900      0     32          43    900
     GPU 0  1.000  0.934  0.752  0.000  0.001  0.000  0.615  0.000              10343308               7520393         100           0       0.000      99.000     157.124        7418228593    900      0     32          44    900
     GPU 0  1.000  0.000  0.000  0.000  0.001  0.000  0.000  0.000              10712694               7152008         100           0       0.000      99.000     157.953        7418228593    900      0     32          44    900
     GPU 0  1.000  0.948  0.768  0.000  0.001  0.000  0.631  0.000               3153609               1160796         100           0       0.000      99.000     157.953        7418244470    900      0     32          44    900
     GPU 0  1.000  0.948  0.768  0.000  0.001  0.000  0.631  0.000               3153609               1160796         100           0       0.000      99.000     157.953        7418244470    900      0     32          44    900
     GPU 0  1.000  0.927  0.688  0.000  0.001  0.000  0.604  0.000               3428171               1326594         100           0       0.000      99.000     157.953        7418244470    900      0     32          44    900
     GPU 0  1.000  0.000  0.000  0.000  0.001  0.000  0.000  0.000               4490797               2731275         100           0       0.000      99.000     157.953        7418244470    900      0     32          44    900
     GPU 0  1.000  0.936  0.738  0.000  0.001  0.000  0.618  0.000               4452223               3222559         100           0       0.000      99.000     157.953        7418260424    900      0     32          44    900
     GPU 0  1.000  0.940  0.768  0.000  0.001  0.000  0.625  0.000               6759367               4583250         100           0       0.000      99.000     157.953        7418260424    900      0     32          44    900
     GPU 0  1.000  0.000  0.000  0.000  0.001  0.000  0.000  0.000              10295646               7279982         100           0       0.000      99.000     157.953        7418260424    900      0     32          44    900

# Entity  GRACT  SMACT  SMOCC  TENSO  DRAMA  FP64A  FP32A  FP16A                 PCITX                 PCIRX       GPUTL       MCUTL       MUSAM       GUSAM       POWER             TOTEC  SACLK  PSTAT  TMPTR       MMTMP  SMCLK
      Id                                                                                                                                                               W                mJ                    C           C       
     GPU 0  1.000  0.941  0.772  0.000  0.001  0.000  0.625  0.000               9784027               7223102         100           0       0.000      99.000     157.953        7418260424    900      0     32          44    900
     GPU 0  1.000  0.945  0.772  0.000  0.001  0.000  0.627  0.000               9662037               6872003         100           0       0.000      99.000     157.953        7418260424    900      0     32          44    900
     GPU 0  1.000  0.945  0.772  0.000  0.001  0.000  0.627  0.000               9662037               6872003         100           0       0.000      99.000     157.953        7418260424    900      0     32          44    900
     GPU 0  1.000  0.000  0.000  0.000  0.001  0.000  0.000  0.000              10086993               7394875         100           0       0.000      99.000     157.663        7418276430    900      0     32          44    900
     GPU 0  1.000  0.950  0.764  0.000  0.001  0.000  0.632  0.000              10697871               6596337         100           0       0.000      99.000     157.663        7418276430    900      0     32          44    900
     GPU 0  1.000  0.939  0.732  0.000  0.001  0.000  0.594  0.000               7450463               5143953         100           0       0.000      99.000     157.663        7418276430    900      0     32          44    900
     GPU 0  1.000  0.939  0.732  0.000  0.001  0.000  0.594  0.000               7450463               5143953         100           0       0.000      99.000     157.663        7418276430    900      0     32          44    900
     GPU 0  1.000  0.000  0.000  0.000  0.001  0.000  0.000  0.000               7042688               6036452         100           0       0.000      99.000     157.421        7418292292    900      0     32          44    900
     GPU 0  1.000  0.953  0.768  0.000  0.001  0.000  0.631  0.000               2605555               2234163         100           0       0.000      99.000     157.421        7418292292    900      0     33          44    900
     GPU 0  1.000  0.931  0.723  0.000  0.001  0.000  0.609  0.000               3503522               1248186         100           0       0.000      99.000     157.421        7418292292    900      0     33          44    900
     GPU 0  1.000  0.000  0.000  0.000  0.001  0.000  0.000  0.000               4745497               2794842         100           0       0.000      99.000     157.421        7418292292    900      0     33          44    900
     GPU 0  1.000  0.940  0.742  0.000  0.001  0.000  0.620  0.000               6555174               4382953         100           0       0.000      99.000     157.421        7418292292    900      0     33          44    900
     GPU 0  1.000  0.940  0.742  0.000  0.001  0.000  0.620  0.000               6555174               4382953         100           0       0.000      99.000     157.421        7418292292    900      0     33          44    900
     GPU 0  1.000  0.930  0.740  0.000  0.001  0.000  0.612  0.000               8398964               5971528         100           0       0.000      99.000     157.421        7418308181    900      0     33          44    900

# Entity  GRACT  SMACT  SMOCC  TENSO  DRAMA  FP64A  FP32A  FP16A                 PCITX                 PCIRX       GPUTL       MCUTL       MUSAM       GUSAM       POWER             TOTEC  SACLK  PSTAT  TMPTR       MMTMP  SMCLK
      Id                                                                                                                                                               W                mJ                    C           C       
     GPU 0  1.000  0.000  0.000  0.000  0.001  0.000  0.000  0.000              11015303               6488023         100           0       0.000      99.000     157.421        7418308181    900      0     33          44    900
     GPU 0  1.000  0.936  0.751  0.000  0.001  0.000  0.618  0.000               9257529               6010468         100           0       0.000      99.000     157.421        7418308181    900      0     33          44    900
     GPU 0  1.000  0.936  0.751  0.000  0.001  0.000  0.618  0.000               9257529               6010468         100           0       0.000      99.000     157.421        7418308181    900      0     33          44    900
     GPU 0  1.000  0.947  0.755  0.000  0.001  0.000  0.626  0.000               6577987               4551097         100           0       0.000      99.000     157.421        7418324110    900      0     33          44    900
     GPU 0  1.000  0.000  0.000  0.000  0.001  0.000  0.000  0.000               9198543               7062852         100           0       0.000      99.000     157.421        7418324110    900      0     33          44    900
     GPU 0  1.000  0.940  0.741  0.000  0.001  0.000  0.596  0.000              10523803               7508524         100           0       0.000      99.000     157.421        7418324110    900      0     33          44    900
     GPU 0  1.000  0.939  0.727  0.000  0.001  0.000  0.613  0.000               2849385               2559418         100           0       0.000      99.000     157.421        7418324110    900      0     33          44    900
     GPU 0  1.000  0.000  0.000  0.000  0.001  0.000  0.000  0.000               2577897               1317005         100           0       0.000      99.000     157.421        7418324110    900      0     33          44    900
     GPU 0  1.000  0.947  0.754  0.000  0.001  0.000  0.624  0.000               4525967               2555837         100           0       0.000      99.000     157.421        7418324110    900      0     33          44    900
     GPU 0  1.000  0.947  0.754  0.000  0.001  0.000  0.624  0.000               4525967               2555837         100           0       0.000      99.000     157.124        7418340015    900      0     33          44    900
     GPU 0  1.000  0.931  0.692  0.000  0.001  0.000  0.605  0.000               7898298               3918309         100           0       0.000      99.000     157.124        7418340015    900      0     33          44    900
     GPU 0  1.000  0.000  0.000  0.000  0.001  0.000  0.000  0.000               7662713               4857630         100           0       0.000      99.000     157.124        7418340015    900      0     33          44    900
     GPU 0  1.000  0.942  0.751  0.000  0.001  0.000  0.623  0.000               8680591               5423685         100           0       0.000      99.000     157.124        7418340015    900      0     33          44    900
     GPU 0  1.000  0.954  0.769  0.000  0.001  0.000  0.635  0.000               9021659               6674029         100           0       0.000      99.000     157.953        7418355925    900      0     33          44    900

# Entity  GRACT  SMACT  SMOCC  TENSO  DRAMA  FP64A  FP32A  FP16A                 PCITX                 PCIRX       GPUTL       MCUTL       MUSAM       GUSAM       POWER             TOTEC  SACLK  PSTAT  TMPTR       MMTMP  SMCLK
      Id                                                                                                                                                               W                mJ                    C           C       
     GPU 0  1.000  0.000  0.000  0.000  0.001  0.000  0.000  0.000               9937156               7555516         100           0       0.000      99.000     157.953        7418355925    900      0     33          44    900
     GPU 0  1.000  0.000  0.000  0.000  0.001  0.000  0.000  0.000               9937156               7555516         100           0       0.000      99.000     157.953        7418355925    900      0     33          44    900
     GPU 0  1.000  0.950  0.778  0.000  0.001  0.000  0.634  0.000              10214239               6941528         100           0       0.000      99.000     157.953        7418355925    900      0     33          44    900
     GPU 0  1.000  0.943  0.735  0.000  0.001  0.000  0.621  0.000               4902615               3683321         100           0       0.000      99.000     157.953        7418355925    900      0     33          44    900
     GPU 0  1.000  0.000  0.000  0.000  0.001  0.000  0.000  0.000               9827451               7403536         100           0       0.000      99.000     157.953        7418355925    900      0     33          44    900
     GPU 0  1.000  0.953  0.755  0.000  0.001  0.000  0.632  0.000              10773633               8012979         100           0       0.000      99.000     157.124        7418371852    900      0     33          44    900
     GPU 0  1.000  0.953  0.755  0.000  0.001  0.000  0.632  0.000              10773633               8012979         100           0       0.000      99.000     157.124        7418371852    900      0     33          44    900
     GPU 0  1.000  1.000  0.833  0.000  0.001  0.000  0.682  0.000               3156654                758098         100           0       0.000      99.000     157.124        7418371852    900      0     33          44    900
     GPU 0  1.000  0.000  0.000  0.000  0.001  0.000  0.000  0.000               5670896               3028472         100           0       0.000      99.000     157.124        7418371852    900      0     33          44    900
     GPU 0  1.000  0.942  0.750  0.000  0.001  0.000  0.623  0.000               5974154               4004948         100           0       0.000      99.000     156.052        7418387684    900      0     33          44    900
     GPU 0  1.000  0.942  0.735  0.000  0.001  0.000  0.622  0.000               7923940               5509214         100           0       0.000      99.000     156.052        7418387684    900      0     33          44    900
     GPU 0  1.000  0.942  0.735  0.000  0.001  0.000  0.622  0.000               7923940               5509214         100           0       0.000      99.000     156.052        7418387684    900      0     33          44    900
     GPU 0  1.000  0.000  0.000  0.000  0.001  0.000  0.000  0.000               7324635               6067683         100           0       0.000      99.000     156.052        7418387684    900      0     33          44    900
     GPU 0  1.000  0.945  0.758  0.000  0.001  0.000  0.628  0.000               5566615               4436164         100           0       0.000      99.000     156.052        7418387684    900      0     33          44    900

# Entity  GRACT  SMACT  SMOCC  TENSO  DRAMA  FP64A  FP32A  FP16A                 PCITX                 PCIRX       GPUTL       MCUTL       MUSAM       GUSAM       POWER             TOTEC  SACLK  PSTAT  TMPTR       MMTMP  SMCLK
      Id                                                                                                                                                               W                mJ                    C           C       
     GPU 0  1.000  0.945  0.757  0.000  0.001  0.000  0.628  0.000              10606405               7808666         100           0       0.000      99.000     156.052        7418387684    900      0     33          44    900
     GPU 0  1.000  0.000  0.000  0.000  0.001  0.000  0.000  0.000               5623971               3651153         100           0       0.000      99.000     156.052        7418403576    900      0     33          44    900
     GPU 0  1.000  0.000  0.000  0.000  0.001  0.000  0.000  0.000               5623971               3651153         100           0       0.000      99.000     156.052        7418403576    900      0     33          44    900
     GPU 0  1.000  0.950  0.762  0.000  0.001  0.000  0.630  0.000               3383812               1118005         100           0       0.000      99.000     156.052        7418403576    900      0     33          44    900
     GPU 0  1.000  0.953  0.790  0.000  0.001  0.000  0.625  0.000               2291698               1273450         100           0       0.000      99.000     156.052        7418403576    900      0     33          44    900
     GPU 0  1.000  0.000  0.000  0.000  0.001  0.000  0.000  0.000               4453867               2815044         100           0       0.000      99.000     156.052        7418419114    900      0     33          44    900
     GPU 0  1.000  0.948  0.753  0.000  0.001  0.000  0.611  0.000               5410071               4362720         100           0       0.000      99.000     156.301        7418419114    900      0     33          44    900
     GPU 0  1.000  0.948  0.753  0.000  0.001  0.000  0.611  0.000               5410071               4362720         100           0       0.000      99.000     156.301        7418419114    900      0     33          44    900
     GPU 0  1.000  0.938  0.762  0.000  0.001  0.000  0.620  0.000               7953542               5971325         100           0       0.000      99.000     156.301        7418419114    900      0     33          44    900
     GPU 0  1.000  0.000  0.000  0.000  0.001  0.000  0.000  0.000               4351468               4184891         100           0       0.000      99.000     156.301        7418419114    900      0     33          44    900
     GPU 0  1.000  0.951  0.775  0.000  0.001  0.000  0.634  0.000               9684400               6693784         100           0       0.000      99.000     156.301        7418419114    900      0     33          44    900
     GPU 0  1.000  0.951  0.775  0.000  0.001  0.000  0.634  0.000               9684400               6693784         100           0       0.000      99.000     156.301        7418435018    900      0     33          44    900
     GPU 0  1.000  0.949  0.733  0.000  0.001  0.000  0.621  0.000               3718760               1410859         100           0       0.000      99.000     156.301        7418435018    900      0     33          44    900
     GPU 0  1.000  0.000  0.000  0.000  0.001  0.000  0.000  0.000               4224256               2423148         100           0       0.000      99.000     156.301        7418435018    900      0     33          44    900

# Entity  GRACT  SMACT  SMOCC  TENSO  DRAMA  FP64A  FP32A  FP16A                 PCITX                 PCIRX       GPUTL       MCUTL       MUSAM       GUSAM       POWER             TOTEC  SACLK  PSTAT  TMPTR       MMTMP  SMCLK
      Id                                                                                                                                                               W                mJ                    C           C       
     GPU 0  1.000  0.946  0.761  0.000  0.001  0.000  0.608  0.000               6372639               4338673         100           0       0.000      99.000     156.301        7418435018    900      0     33          44    900
     GPU 0  1.000  0.943  0.768  0.000  0.001  0.000  0.602  0.000               8787640               6529043         100           0       0.000      99.000     156.052        7418450617    900      0     33          44    900
     GPU 0  1.000  0.943  0.768  0.000  0.001  0.000  0.602  0.000               8787640               6529043         100           0       0.000      99.000     156.052        7418450617    900      0     33          44    900
     GPU 0  1.000  0.000  0.000  0.000  0.001  0.000  0.000  0.000               9503114               7260197         100           0       0.000      99.000     156.052        7418450617    900      0     33          44    900
     GPU 0  1.000  0.933  0.731  0.000  0.001  0.000  0.613  0.000               3343071               3175592         100           0       0.000      99.000     156.052        7418450617    900      0     33          44    900
     GPU 0  1.000  0.932  0.732  0.000  0.001  0.000  0.614  0.000              10730128               7938300         100           0       0.000      99.000     156.052        7418450617    900      0     33          44    900
     GPU 0  1.000  0.000  0.000  0.000  0.001  0.000  0.000  0.000               6119427               4463646         100           0       0.000      99.000     155.230        7418450617    900      0     33          44    900
     GPU 0  1.000  0.000  0.000  0.000  0.001  0.000  0.000  0.000               6119427               4463646         100           0       0.000      99.000     155.230        7418466406    900      0     33          44    900
     GPU 0  1.000  0.940  0.762  0.000  0.001  0.000  0.621  0.000               3716661               2150963         100           0       0.000      99.000     155.230        7418466406    900      0     33          44    900
     GPU 0  1.000  0.955  0.744  0.000  0.001  0.000  0.634  0.000               5737586               3300750         100           0       0.000      99.000     155.230        7418466406    900      0     33          44    900
     GPU 0  1.000  0.000  0.000  0.000  0.001  0.000  0.000  0.000               7110038               4963412         100           0       0.000      99.000     155.230        7418466406    900      0     33          44    900
     GPU 0  1.000  0.944  0.742  0.000  0.001  0.000  0.621  0.000               9448158               6831238         100           0       0.000      99.000     157.421        7418482267    900      0     33          44    900
     GPU 0  1.000  0.944  0.742  0.000  0.001  0.000  0.621  0.000               9448158               6831238         100           0       0.000      99.000     157.421        7418482267    900      0     33          44    900
     GPU 0  1.000  0.944  0.756  0.000  0.001  0.000  0.602  0.000               4212831               3795839         100           0       0.000      99.000     157.421        7418482267    900      0     33          44    900

# Entity  GRACT  SMACT  SMOCC  TENSO  DRAMA  FP64A  FP32A  FP16A                 PCITX                 PCIRX       GPUTL       MCUTL       MUSAM       GUSAM       POWER             TOTEC  SACLK  PSTAT  TMPTR       MMTMP  SMCLK
      Id                                                                                                                                                               W                mJ                    C           C       
     GPU 0  1.000  0.000  0.000  0.000  0.001  0.000  0.000  0.000               4858768               4403254         100           0       0.000      99.000     157.421        7418482267    900      0     33          44    900
     GPU 0  1.000  0.940  0.747  0.000  0.001  0.000  0.625  0.000               3332087                650845         100           0       0.000      99.000     157.421        7418482267    900      0     33          44    900
     GPU 0  1.000  0.930  0.806  0.000  0.001  0.000  0.613  0.000               3465661               1451601         100           0       0.000      99.000     157.421        7418482267    900      0     33          44    900
     GPU 0  1.000  0.930  0.806  0.000  0.001  0.000  0.613  0.000               3465661               1451601         100           0       0.000      99.000     157.663        7418498452    900      0     33          44    900
     GPU 0  1.000  0.000  0.000  0.000  0.001  0.000  0.000  0.000               6244685               2747776         100           0       0.000      99.000     157.663        7418498452    900      0     33          44    900
     GPU 0  1.000  0.949  0.772  0.000  0.001  0.000  0.630  0.000               7182989               3948580         100           0       0.000      99.000     157.663        7418498452    900      0     33          44    900
     GPU 0  1.000  0.939  0.734  0.000  0.001  0.000  0.618  0.000               6371371               4422659         100           0       0.000      99.000     157.663        7418498452    900      0     33          44    900
     GPU 0  1.000  0.000  0.000  0.000  0.001  0.000  0.000  0.000               6558788               5211980         100           0       0.000      99.000     157.953        7418498452    900      0     33          44    900
     GPU 0  1.000  0.000  0.000  0.000  0.001  0.000  0.000  0.000               6558788               5211980         100           0       0.000      99.000     157.953        7418514117    900      0     33          44    900
     GPU 0  1.000  0.939  0.724  0.000  0.001  0.000  0.616  0.000              11705768               8273555         100           0       0.000      99.000     157.953        7418514117    900      0     33          44    900
     GPU 0  1.000  0.933  0.738  0.000  0.001  0.000  0.605  0.000               6696664               5438954         100           0       0.000      99.000     157.953        7418514117    900      0     33          44    900
     GPU 0  1.000  0.000  0.000  0.000  0.001  0.000  0.000  0.000               9133090               5966245         100           0       0.000      99.000     157.953        7418514117    900      0     33          44    900
     GPU 0  1.000  0.937  0.753  0.000  0.001  0.000  0.596  0.000               8396979               6400945         100           0       0.000      99.000     157.663        7418530080    900      0     33          44    900
     GPU 0  1.000  0.937  0.753  0.000  0.001  0.000  0.596  0.000               8396979               6400945         100           0       0.000      99.000     157.663        7418530080    900      0     33          44    900

# Entity  GRACT  SMACT  SMOCC  TENSO  DRAMA  FP64A  FP32A  FP16A                 PCITX                 PCIRX       GPUTL       MCUTL       MUSAM       GUSAM       POWER             TOTEC  SACLK  PSTAT  TMPTR       MMTMP  SMCLK
      Id                                                                                                                                                               W                mJ                    C           C       
     GPU 0  1.000  0.941  0.761  0.000  0.001  0.000  0.620  0.000               3255007               3129631         100           0       0.000      99.000     157.663        7418530080    900      0     33          44    900
     GPU 0  1.000  0.000  0.000  0.000  0.001  0.000  0.000  0.000               4340685               4131277         100           0       0.000      99.000     157.663        7418530080    900      0     33          44    900
     GPU 0  1.000  0.950  0.780  0.000  0.001  0.000  0.631  0.000               4040558               1117746         100           0       0.000      99.000     157.663        7418530080    900      0     33          44    900
     GPU 0  1.000  0.000  0.000  0.000  0.001  0.000  0.000  0.000               1088948                921417         100           0       0.000      99.000     157.663        7418546011    900      0     33          45    900
     GPU 0  1.000  0.945  0.753  0.000  0.001  0.000  0.627  0.000               1172504                921253         100           0       0.000      99.000     158.485        7418546011    900      0     33          45    900
     GPU 0  1.000  0.000  0.000  0.000  0.001  0.000  0.000  0.000               7645537               5283855         100           0       0.000      99.000     158.485        7418546011    900      0     33          44    900
     GPU 0  1.000  0.000  0.000  0.000  0.001  0.000  0.000  0.000               7645537               5283855         100           0       0.000      99.000     158.485        7418546011    900      0     33          44    900
     GPU 0  1.000  0.948  0.765  0.000  0.001  0.000  0.630  0.000               9155776               6829593         100           0       0.000      99.000     158.485        7418546011    900      0     34          44    900
     GPU 0  1.000  0.940  0.737  0.000  0.001  0.000  0.619  0.000               9447592               7213396         100           0       0.000      99.000     158.485        7418546011    900      0     34          44    900
     GPU 0  1.000  0.000  0.000  0.000  0.001  0.000  0.000  0.000               1172535                837525         100           0       0.000      99.000     157.953        7418562105    900      0     34          44    900
     GPU 0  1.000  0.944  0.807  0.000  0.001  0.000  0.640  0.000               5928508               3902828         100           0       0.000      99.000     157.953        7418562105    900      0     34          44    900
     GPU 0  1.000  0.944  0.807  0.000  0.001  0.000  0.640  0.000               5928508               3902828         100           0       0.000      99.000     157.953        7418562105    900      0     34          44    900
     GPU 0  1.000  0.000  0.000  0.000  0.001  0.000  0.000  0.000               3381417               1201243         100           0       0.000      99.000     157.953        7418562105    900      0     34          44    900
     GPU 0  1.000  0.941  0.742  0.000  0.001  0.000  0.602  0.000               6608556               3375062         100           0       0.000      99.000     158.195        7418577984    900      0     34          44    900

# Entity  GRACT  SMACT  SMOCC  TENSO  DRAMA  FP64A  FP32A  FP16A                 PCITX                 PCIRX       GPUTL       MCUTL       MUSAM       GUSAM       POWER             TOTEC  SACLK  PSTAT  TMPTR       MMTMP  SMCLK
      Id                                                                                                                                                               W                mJ                    C           C       
     GPU 0  1.000  0.956  0.800  0.000  0.001  0.000  0.638  0.000               7579238               4573108         100           0       0.000      99.000     158.195        7418577984    900      0     34          44    900
     GPU 0  1.000  0.000  0.000  0.000  0.001  0.000  0.000  0.000               9313981               7018161         100           0       0.000      99.000     158.195        7418577984    900      0     34          44    900
     GPU 0  1.000  0.000  0.000  0.000  0.001  0.000  0.000  0.000               9313981               7018161         100           0       0.000      99.000     158.195        7418577984    900      0     34          44    900
     GPU 0  1.000  0.945  0.755  0.000  0.001  0.000  0.628  0.000               7459961               5867468         100           0       0.000      99.000     158.195        7418577984    900      0     34          44    900
     GPU 0  1.000  0.931  0.732  0.000  0.001  0.000  0.614  0.000               6903098               4932568         100           0       0.000      99.000     157.953        7418577984    900      0     34          44    900
     GPU 0  1.000  0.000  0.000  0.000  0.001  0.000  0.000  0.000               8668044               6459842         100           0       0.000      99.000     157.953        7418594010    900      0     34          45    900
     GPU 0  1.000  0.945  0.765  0.000  0.001  0.000  0.629  0.000               4078574               1158728         100           0       0.000      99.000     157.953        7418594010    900      0     34          45    900
     GPU 0  1.000  0.948  0.752  0.000  0.001  0.000  0.630  0.000               9493540               7003454         100           0       0.000      99.000     157.953        7418594010    900      0     34          44    900
     GPU 0  1.000  0.948  0.752  0.000  0.001  0.000  0.630  0.000               9493540               7003454         100           0       0.000      99.000     157.953        7418594010    900      0     34          44    900
     GPU 0  1.000  0.000  0.000  0.000  0.001  0.000  0.000  0.000              12181826               8889949         100           0       0.000      99.000     157.421        7418609984    900      0     34          44    900
     GPU 0  1.000  0.928  0.718  0.000  0.001  0.000  0.609  0.000               7720134               6051056         100           0       0.000      99.000     157.421        7418609984    900      0     34          45    900
     GPU 0  1.000  0.948  0.763  0.000  0.001  0.000  0.616  0.000               3464867               1117354         100           0       0.000      99.000     157.421        7418609984    900      0     34          45    900
     GPU 0  1.000  0.000  0.000  0.000  0.001  0.000  0.000  0.000               3508396               1201356         100           0       0.000      99.000     157.421        7418609984    900      0     34          44    900
     GPU 0  1.000  0.942  0.742  0.000  0.001  0.000  0.602  0.000               4506304               2730558         100           0       0.000      99.000     157.421        7418609984    900      0     34          44    900

# Entity  GRACT  SMACT  SMOCC  TENSO  DRAMA  FP64A  FP32A  FP16A                 PCITX                 PCIRX       GPUTL       MCUTL       MUSAM       GUSAM       POWER             TOTEC  SACLK  PSTAT  TMPTR       MMTMP  SMCLK
      Id                                                                                                                                                               W                mJ                    C           C       
     GPU 0  1.000  0.942  0.742  0.000  0.001  0.000  0.602  0.000               4506304               2730558         100           0       0.000      99.000     157.421        7418609984    900      0     34          45    900
     GPU 0  1.000  0.949  0.780  0.000  0.001  0.000  0.617  0.000               6733278               4659782         100           0       0.000      99.000     158.485        7418625939    900      0     34          44    900
     GPU 0  1.000  0.000  0.000  0.000  0.001  0.000  0.000  0.000               9955298               6086502         100           0       0.000      99.000     158.485        7418625939    900      0     34          45    900
     GPU 0  1.000  0.940  0.728  0.000  0.001  0.000  0.619  0.000               7137736               5075039         100           0       0.000      99.000     158.485        7418625939    900      0     34          45    900
     GPU 0  1.000  0.940  0.728  0.000  0.001  0.000  0.619  0.000               7137736               5075039         100           0       0.000      99.000     158.485        7418625939    900      0     34          44    900
     GPU 0  1.000  0.922  0.682  0.000  0.001  0.000  0.600  0.000               3381156               1201019         100           0       0.000      99.000     157.953        7418641957    900      0     34          45    900
     GPU 0  1.000  0.000  0.000  0.000  0.001  0.000  0.000  0.000               6570759               3188427         100           0       0.000      99.000     157.953        7418641957    900      0     34          45    900
     GPU 0  1.000  0.948  0.745  0.000  0.001  0.000  0.626  0.000               5737734               2337804         100           0       0.000      99.000     157.953        7418641957    900      0     34          45    900
     GPU 0  1.000  0.944  0.758  0.000  0.001  0.000  0.623  0.000               6515998               4232839         100           0       0.000      99.000     157.953        7418641957    900      0     34          45    900
     GPU 0  1.000  0.000  0.000  0.000  0.001  0.000  0.000  0.000               8484639               5793451         100           0       0.000      99.000     157.953        7418641957    900      0     34          45    900
     GPU 0  1.000  0.000  0.000  0.000  0.001  0.000  0.000  0.000               8484639               5793451         100           0       0.000      99.000     157.953        7418641957    900      0     34          45    900
     GPU 0  1.000  0.942  0.757  0.000  0.001  0.000  0.612  0.000               9409222               7189026         100           0       0.000      99.000     157.124        7418657924    900      0     34          45    900
     GPU 0  1.000  0.929  0.731  0.000  0.001  0.000  0.609  0.000               4804062               3251836         100           0       0.000      99.000     157.124        7418657924    900      0     34          44    900
     GPU 0  1.000  0.929  0.731  0.000  0.001  0.000  0.609  0.000               4804062               3251836         100           0       0.000      99.000     157.124        7418657924    900      0     34          44    900

# Entity  GRACT  SMACT  SMOCC  TENSO  DRAMA  FP64A  FP32A  FP16A                 PCITX                 PCIRX       GPUTL       MCUTL       MUSAM       GUSAM       POWER             TOTEC  SACLK  PSTAT  TMPTR       MMTMP  SMCLK
      Id                                                                                                                                                               W                mJ                    C           C       
     GPU 0  1.000  0.000  0.000  0.000  0.001  0.000  0.000  0.000              10512097               7351656         100           0       0.000      99.000     157.124        7418657924    900      0     34          45    900
     GPU 0  1.000  0.946  0.763  0.000  0.001  0.000  0.628  0.000               8044821               6435102         100           0       0.000      99.000     157.124        7418673859    900      0     34          45    900
     GPU 0  1.000  0.930  0.692  0.000  0.001  0.000  0.606  0.000               3497602               1115171         100           0       0.000      99.000     157.663        7418673859    900      0     34          45    900
     GPU 0  1.000  0.000  0.000  0.000  0.001  0.000  0.000  0.000               3506013               1201085         100           0       0.000      99.000     157.663        7418673859    900      0     34          45    900
     GPU 0  1.000  0.943  0.769  0.000  0.001  0.000  0.626  0.000               4858504               2674464         100           0       0.000      99.000     157.663        7418673859    900      0     34          45    900
     GPU 0  1.000  0.943  0.769  0.000  0.001  0.000  0.626  0.000               4858504               2674464         100           0       0.000      99.000     157.663        7418673859    900      0     34          45    900
     GPU 0  1.000  0.950  0.754  0.000  0.001  0.000  0.627  0.000               6193338               4122863         100           0       0.000      99.000     157.663        7418673859    900      0     34          44    900
     GPU 0  1.000  0.000  0.000  0.000  0.001  0.000  0.000  0.000               8033459               5583343         100           0       0.000      99.000     158.195        7418689889    900      0     34          44    900
     GPU 0  1.000  0.946  0.760  0.000  0.001  0.000  0.604  0.000               8641258               6356547         100           0       0.000      99.000     158.195        7418689889    900      0     34          44    900
     GPU 0  1.000  0.946  0.760  0.000  0.001  0.000  0.604  0.000               8641258               6356547         100           0       0.000      99.000     158.195        7418689889    900      0     34          44    900
     GPU 0  1.000  0.938  0.743  0.000  0.001  0.000  0.618  0.000               9997649               7070955         100           0       0.000      99.000     158.195        7418689889    900      0     34          44    900
     GPU 0  1.000  0.000  0.000  0.000  0.001  0.000  0.000  0.000               6993044               5904354         100           0       0.000      99.000     158.485        7418705722    900      0     34          45    900
     GPU 0  1.000  0.950  0.778  0.000  0.001  0.000  0.633  0.000               7617302               4818711         100           0       0.000      99.000     158.485        7418705722    900      0     34          45    900
     GPU 0  1.000  0.917  0.680  0.000  0.001  0.000  0.599  0.000               3508693               1285234         100           0       0.000      99.000     158.485        7418705722    900      0     34          45    900

# Entity  GRACT  SMACT  SMOCC  TENSO  DRAMA  FP64A  FP32A  FP16A                 PCITX                 PCIRX       GPUTL       MCUTL       MUSAM       GUSAM       POWER             TOTEC  SACLK  PSTAT  TMPTR       MMTMP  SMCLK
      Id                                                                                                                                                               W                mJ                    C           C       
     GPU 0  1.000  0.000  0.000  0.000  0.001  0.000  0.000  0.000               4078622               1116775         100           0       0.000      99.000     158.485        7418705722    900      0     34          45    900
     GPU 0  1.000  0.000  0.000  0.000  0.001  0.000  0.000  0.000               4078622               1116775         100           0       0.000      99.000     158.485        7418705722    900      0     34          44    900
     GPU 0  1.000  0.941  0.738  0.000  0.001  0.000  0.622  0.000               4173833               2673226         100           0       0.000      99.000     158.485        7418705722    900      0     34          45    900
     GPU 0  1.000  0.943  0.749  0.000  0.001  0.000  0.622  0.000               6982462               4662987         100           0       0.000      99.000     158.485        7418721799    900      0     34          45    900
     GPU 0  1.000  0.000  0.000  0.000  0.001  0.000  0.000  0.000               9736991               6470824         100           0       0.000      99.000     158.485        7418721799    900      0     34          45    900
     GPU 0  1.000  0.000  0.000  0.000  0.001  0.000  0.000  0.000               9736991               6470824         100           0       0.000      99.000     158.485        7418721799    900      0     34          45    900
     GPU 0  1.000  0.940  0.742  0.000  0.001  0.000  0.598  0.000               6633742               5266795         100           0       0.000      99.000     158.485        7418721799    900      0     34          45    900
     GPU 0  1.000  0.939  0.731  0.000  0.001  0.000  0.617  0.000               7004095               5787932         100           0       0.000      99.000     158.485        7418737726    900      0     34          45    900
     GPU 0  1.000  0.000  0.000  0.000  0.001  0.000  0.000  0.000               4121556               3097747         100           0       0.000      99.000     158.195        7418737726    900      0     34          45    900
     GPU 0  1.000  0.955  0.771  0.000  0.001  0.000  0.635  0.000               3231966               1117425         100           0       0.000      99.000     158.195        7418737726    900      0     34          45    900
     GPU 0  1.000  0.931  0.696  0.000  0.001  0.000  0.607  0.000               4998198               2813278         100           0       0.000      99.000     158.195        7418737726    900      0     34          45    900
     GPU 0  1.000  0.931  0.696  0.000  0.001  0.000  0.607  0.000               4998198               2813278         100           0       0.000      99.000     158.195        7418737726    900      0     34          44    900
     GPU 0  1.000  0.000  0.000  0.000  0.001  0.000  0.000  0.000               6192739               4184794         100           0       0.000      99.000     158.195        7418737726    900      0     34          45    900
     GPU 0  1.000  0.938  0.744  0.000  0.001  0.000  0.621  0.000               8226577               5589548         100           0       0.000      99.000     158.485        7418753790    900      0     34          45    900

# Entity  GRACT  SMACT  SMOCC  TENSO  DRAMA  FP64A  FP32A  FP16A                 PCITX                 PCIRX       GPUTL       MCUTL       MUSAM       GUSAM       POWER             TOTEC  SACLK  PSTAT  TMPTR       MMTMP  SMCLK
      Id                                                                                                                                                               W                mJ                    C           C       
     GPU 0  1.000  0.938  0.744  0.000  0.001  0.000  0.621  0.000               8226577               5589548         100           0       0.000      99.000     158.485        7418753790    900      0     34          45    900
     GPU 0  1.000  0.934  0.727  0.000  0.001  0.000  0.614  0.000              10474748               6511427         100           0       0.000      99.000     158.485        7418753790    900      0     34          45    900
     GPU 0  0.000  0.000  0.000  0.000  0.002  0.000  0.000  0.000            2033658369               4458970         100           0       0.000      99.000     158.485        7418753790    900      0     33          45    900
     GPU 0  0.000  0.000  0.000  0.000  0.000  0.000  0.000  0.000               2415588               1645740         100           0       0.000      99.000      87.303        7418766285    900      0     32          45    900
     GPU 0  0.000  0.000  0.000  0.000  0.000  0.000  0.000  0.000               4502394               2015224         100           0       0.000      99.000      87.303        7418766285    900      0     31          45    900
     GPU 0  0.000  0.000  0.000  0.000  0.000  0.000  0.000  0.000               4957335               2326778          63           0       0.000      62.000      87.303        7418766285    900      0     31          45    900
     GPU 0  0.000  0.000  0.000  0.000  0.000  0.000  0.000  0.000               4205873               1972757          63           0       0.000      62.000      87.303        7418766285    900      0     31          44    900
     GPU 0  0.000  0.000  0.000  0.000  0.000  0.000  0.000  0.000               4205873               1972757          63           0       0.000      62.000      87.303        7418766285    900      0     31          44    900
     GPU 0  0.000  0.000  0.000  0.000  0.000  0.000  0.000  0.000               6896660               3972612          63           0       0.000      62.000      87.303        7418766285    900      0     31          45    900
     GPU 0  0.000  0.000  0.000  0.000  0.000  0.000  0.000  0.000               9917458               6457967          63           0       0.000      62.000      85.988        7418775057    900      0     30          44    900
     GPU 0  0.000  0.000  0.000  0.000  0.000  0.000  0.000  0.000               8684444               5802429          63           0       0.000      62.000      85.988        7418775057    900      0     30          45    900
     GPU 0  0.000  0.000  0.000  0.000  0.000  0.000  0.000  0.000               8684444               5802429          63           0       0.000      62.000      85.988        7418775057    900      0     30          45    900
     GPU 0  0.000  0.000  0.000  0.000  0.000  0.000  0.000  0.000               5826733               3224380          63           0       0.000      62.000      85.988        7418775057    900      0     30          44    900
     GPU 0  0.000  0.000  0.000  0.000  0.000  0.000  0.000  0.000               9570388               6518969          63           0       0.000      62.000      85.690        7418783659    900      0     30          44    900

# Entity  GRACT  SMACT  SMOCC  TENSO  DRAMA  FP64A  FP32A  FP16A                 PCITX                 PCIRX       GPUTL       MCUTL       MUSAM       GUSAM       POWER             TOTEC  SACLK  PSTAT  TMPTR       MMTMP  SMCLK
      Id                                                                                                                                                               W                mJ                    C           C       
     GPU 0  0.000  0.000  0.000  0.000  0.000  0.000  0.000  0.000               8997665               6058430          63           0       0.000      62.000      85.690        7418783659    900      0     30          45    900
     GPU 0  0.000  0.000  0.000  0.000  0.000  0.000  0.000  0.000              11399852               6972631           0           0       0.000       0.000      85.690        7418783659    900      0     30          45    900
     GPU 0  0.000  0.000  0.000  0.000  0.000  0.000  0.000  0.000              10125661               6715396           0           0       0.000       0.000      85.690        7418783659    900      0     30          44    900
     GPU 0  0.000  0.000  0.000  0.000  0.000  0.000  0.000  0.000               9822356               6397632           0           0       0.000       0.000      85.690        7418783659    900      0     30          44    900
     GPU 0  0.000  0.000  0.000  0.000  0.000  0.000  0.000  0.000               9542035               6069417           0           0       0.000       0.000      85.690        7418783659    900      0     30          45    900
     GPU 0  0.000  0.000  0.000  0.000  0.000  0.000  0.000  0.000               9542035               6069417           0           0       0.000       0.000      85.690        7418792382    900      0     30          45    900
     GPU 0  0.000  0.000  0.000  0.000  0.000  0.000  0.000  0.000              10363250               5460780           0           0       0.000       0.000      85.690        7418792382    900      0     30          45    900
     GPU 0  0.000  0.000  0.000  0.000  0.000  0.000  0.000  0.000               3018596                232537           0           0       0.000       0.000      85.690        7418792382    900      0     30          44    900
     GPU 0  0.000  0.000  0.000  0.000  0.000  0.000  0.000  0.000               6284104               2783290           0           0       0.000       0.000      85.690        7418792382    900      0     30          44    900
     GPU 0  0.000  0.000  0.000  0.000  0.000  0.000  0.000  0.000              10283565               7022042           0           0       0.000       0.000      85.690        7418792382    900      0     30          44    900
     GPU 0  0.000  0.000  0.000  0.000  0.000  0.000  0.000  0.000              10283565               7022042           0           0       0.000       0.000      85.690        7418800938    900      0     29          45    900
     GPU 0  0.000  0.000  0.000  0.000  0.000  0.000  0.000  0.000                920983                 83725           0           0       0.000       0.000      85.690        7418800938    900      0     29          45    900
     GPU 0  0.000  0.000  0.000  0.000  0.000  0.000  0.000  0.000               3068984                275194           0           0       0.000       0.000      85.690        7418800938    900      0     29          45    900
     GPU 0  0.000  0.000  0.000  0.000  0.000  0.000  0.000  0.000               6776562               2257981           0           0       0.000       0.000      85.690        7418800938    900      0     29          44    900

# Entity  GRACT  SMACT  SMOCC  TENSO  DRAMA  FP64A  FP32A  FP16A                 PCITX                 PCIRX       GPUTL       MCUTL       MUSAM       GUSAM       POWER             TOTEC  SACLK  PSTAT  TMPTR       MMTMP  SMCLK
      Id                                                                                                                                                               W                mJ                    C           C       
     GPU 0  0.000  0.000  0.000  0.000  0.000  0.000  0.000  0.000               6776562               2257981           0           0       0.000       0.000      85.690        7418800938    900      0     29          44    900
     GPU 0  0.005  0.000  0.000  0.000  0.000  0.000  0.000  0.000               3880904               7259968           0           0       0.000       0.000      85.400        7418809650    900      0     29          44    900
     GPU 0  0.000  0.000  0.000  0.000  0.000  0.000  0.000  0.000              11410183              10366569           0           0       0.000       0.000      85.400        7418809650    900      0     29          44    900
     GPU 0  0.000  0.000  0.000  0.000  0.000  0.000  0.000  0.000              11410183              10366569           0           0       0.000       0.000      85.400        7418809650    900      0     29          44    900
     GPU 0  0.000  0.000  0.000  0.000  0.011  0.000  0.000  0.000              12652586               8652456           0           0       0.000       0.000      85.400        7418809650    900      0     29          44    900
     GPU 0  0.000  0.000  0.000  0.000  0.011  0.000  0.000  0.000              12652586               8652456           0           0       0.000       0.000      85.400        7418809650    900      0     29          44    900
     GPU 0  0.000  0.000  0.000  0.000  0.000  0.000  0.000  0.000               8465689              17922855           0           0       0.000       0.000      85.690        7418818280    900      0     29          44    900
     GPU 0  0.000  0.000  0.000  0.000  0.000  0.000  0.000  0.000               8465689              17922855           9           0       0.000       0.000      85.690        7418818280    900      0     29          44    900
     GPU 0  0.000  0.000  0.000  0.000  0.000  0.000  0.000  0.000              11086019               8444716           9           0       0.000       0.000      85.690        7418818280    900      0     29          44    900
     GPU 0  0.000  0.000  0.000  0.000  0.000  0.000  0.000  0.000              11086019               8444716           9           0       0.000       0.000      85.690        7418818280    900      0     29          44    900
     GPU 0  0.000  0.000  0.000  0.000  0.000  0.000  0.000  0.000              11363170               8179175           9           0       0.000       0.000      85.690        7418818280    900      0     29          44    900
     GPU 0  0.000  0.000  0.000  0.000  0.000  0.000  0.000  0.000               8713720               6124629           9           0       0.000       0.000      85.690        7418826904    900      0     29          44    900
     GPU 0  0.000  0.000  0.000  0.000  0.000  0.000  0.000  0.000               7843921               4808319           9           0       0.000       0.000      85.690        7418826904    900      0     29          44    900
     GPU 0  0.000  0.000  0.000  0.000  0.000  0.000  0.000  0.000               7843921               4808319           9           0       0.000       0.000      85.690        7418826904    900      0     29          44    900

# Entity  GRACT  SMACT  SMOCC  TENSO  DRAMA  FP64A  FP32A  FP16A                 PCITX                 PCIRX       GPUTL       MCUTL       MUSAM       GUSAM       POWER             TOTEC  SACLK  PSTAT  TMPTR       MMTMP  SMCLK
      Id                                                                                                                                                               W                mJ                    C           C       
     GPU 0  0.000  0.000  0.000  0.000  0.000  0.000  0.000  0.000               3026950                233290           9           0       0.000       0.000      85.690        7418826904    900      0     29          44    900
     GPU 0  0.000  0.000  0.000  0.000  0.000  0.000  0.000  0.000               3029028                233474           9           0       0.000       0.000      85.400        7418835540    900      0     29          44    900
     GPU 0  0.000  0.000  0.000  0.000  0.000  0.000  0.000  0.000               6797980               2493042           9           0       0.000       0.000      85.400        7418835540    900      0     29          44    900
     GPU 0  0.000  0.000  0.000  0.000  0.000  0.000  0.000  0.000               4506601               1863121           0           0       0.000       0.000      85.400        7418835540    900      0     29          44    900
     GPU 0  0.000  0.000  0.000  0.000  0.000  0.000  0.000  0.000               5708258               3639453           0           0       0.000       0.000      85.400        7418835540    900      0     29          44    900
     GPU 0  0.000  0.000  0.000  0.000  0.000  0.000  0.000  0.000               7329422               4593169           0           0       0.000       0.000      85.400        7418835540    900      0     29          44    900
     GPU 0  0.000  0.000  0.000  0.000  0.000  0.000  0.000  0.000               7329422               4593169           0           0       0.000       0.000      85.400        7418835540    900      0     29          44    900
     GPU 0  0.000  0.000  0.000  0.000  0.000  0.000  0.000  0.000               8092498               5162531           0           0       0.000       0.000      85.690        7418844191    900      0     29          44    900
     GPU 0  0.000  0.000  0.000  0.000  0.000  0.000  0.000  0.000               8497727               5098538           0           0       0.000       0.000      85.690        7418844191    900      0     29          44    900
     GPU 0  0.000  0.000  0.000  0.000  0.000  0.000  0.000  0.000               6411302               3538336           0           0       0.000       0.000      85.690        7418844191    900      0     29          44    900
     GPU 0  0.000  0.000  0.000  0.000  0.000  0.000  0.000  0.000               6411302               3538336           0           0       0.000       0.000      85.690        7418844191    900      0     29          44    900
     GPU 0  0.000  0.000  0.000  0.000  0.000  0.000  0.000  0.000               9489999               5966498           0           0       0.000       0.000      85.400        7418852816    900      0     29          44    900
     GPU 0  0.000  0.000  0.000  0.000  0.000  0.000  0.000  0.000               8562758               6852203           0           0       0.000       0.000      85.400        7418852816    900      0     29          44    900
     GPU 0  0.000  0.000  0.000  0.000  0.000  0.000  0.000  0.000               6609694               3697891           0           0       0.000       0.000      85.400        7418852816    900      0     29          44    900

# Entity  GRACT  SMACT  SMOCC  TENSO  DRAMA  FP64A  FP32A  FP16A                 PCITX                 PCIRX       GPUTL       MCUTL       MUSAM       GUSAM       POWER             TOTEC  SACLK  PSTAT  TMPTR       MMTMP  SMCLK
      Id                                                                                                                                                               W                mJ                    C           C       
     GPU 0  0.000  0.000  0.000  0.000  0.000  0.000  0.000  0.000               1961432                247193           0           0       0.000       0.000      85.400        7418852816    900      0     29          44    900
     GPU 0  0.000  0.000  0.000  0.000  0.000  0.000  0.000  0.000               4470420               2065849           0           0       0.000       0.000      85.400        7418852816    900      0     29          44    900
     GPU 0  0.000  0.000  0.000  0.000  0.000  0.000  0.000  0.000               4470420               2065849           0           0       0.000       0.000      85.400        7418852816    900      0     29          44    900
     GPU 0  0.000  0.000  0.000  0.000  0.000  0.000  0.000  0.000               4599063               2198313           0           0       0.000       0.000      85.400        7418861443    900      0     29          44    900
     GPU 0  0.000  0.000  0.000  0.000  0.000  0.000  0.000  0.000               8074646               3953469           0           0       0.000       0.000      85.400        7418861443    900      0     29          44    900
     GPU 0  0.000  0.000  0.000  0.000  0.000  0.000  0.000  0.000               6040743               4156855           0           0       0.000       0.000      85.400        7418861443    900      0     29          44    900
     GPU 0  0.000  0.000  0.000  0.000  0.000  0.000  0.000  0.000               6040743               4156855           0           0       0.000       0.000      85.400        7418861443    900      0     29          44    900
     GPU 0  0.000  0.000  0.000  0.000  0.000  0.000  0.000  0.000               6625377               3768019           0           0       0.000       0.000      85.400        7418870050    900      0     29          44    900
     GPU 0  0.000  0.000  0.000  0.000  0.000  0.000  0.000  0.000               3067777                316938           0           0       0.000       0.000      85.400        7418870050    900      0     29          44    900
     GPU 0  0.000  0.000  0.000  0.000  0.000  0.000  0.000  0.000               3480604                441823           0           0       0.000       0.000      85.400        7418870050    900      0     29          44    900
     GPU 0  0.000  0.000  0.000  0.000  0.000  0.000  0.000  0.000               3149099                274906           0           0       0.000       0.000      85.400        7418870050    900      0     29          44    900
     GPU 0  0.000  0.000  0.000  0.000  0.000  0.000  0.000  0.000               4454734               1913085           0           0       0.000       0.000      85.400        7418870050    900      0     29          44    900
     GPU 0  0.000  0.000  0.000  0.000  0.000  0.000  0.000  0.000               4454734               1913085           0           0       0.000       0.000      85.400        7418870050    900      0     29          44    900
     GPU 0  0.000  0.000  0.000  0.000  0.000  0.000  0.000  0.000               6936002               4610639           0           0       0.000       0.000      85.400        7418878673    900      0     29          44    900

# Entity  GRACT  SMACT  SMOCC  TENSO  DRAMA  FP64A  FP32A  FP16A                 PCITX                 PCIRX       GPUTL       MCUTL       MUSAM       GUSAM       POWER             TOTEC  SACLK  PSTAT  TMPTR       MMTMP  SMCLK
      Id                                                                                                                                                               W                mJ                    C           C       
     GPU 0  0.000  0.000  0.000  0.000  0.000  0.000  0.000  0.000               8182159               5256543           0           0       0.000       0.000      85.400        7418878673    900      0     29          44    900
     GPU 0  0.000  0.000  0.000  0.000  0.000  0.000  0.000  0.000               5354872               3221023           0           0       0.000       0.000      85.400        7418878673    900      0     29          44    900
     GPU 0  0.000  0.000  0.000  0.000  0.000  0.000  0.000  0.000               5354872               3221023           0           0       0.000       0.000      85.400        7418878673    900      0     29          44    900
     GPU 0  0.000  0.000  0.000  0.000  0.000  0.000  0.000  0.000               6830533               4631646           0           0       0.000       0.000      85.400        7418887297    900      0     29          44    900
     GPU 0  0.000  0.000  0.000  0.000  0.000  0.000  0.000  0.000               8414605               5069108           0           0       0.000       0.000      85.400        7418887297    900      0     28          44    900
     GPU 0  0.000  0.000  0.000  0.000  0.000  0.000  0.000  0.000               3356577                442224           0           0       0.000       0.000      85.400        7418887297    900      0     28          44    900
     GPU 0  0.000  0.000  0.000  0.000  0.000  0.000  0.000  0.000               3876689               1722378           0           0       0.000       0.000      85.400        7418887297    900      0     28          44    900
     GPU 0  0.000  0.000  0.000  0.000  0.000  0.000  0.000  0.000               6711947               4376952           0           0       0.000       0.000      85.400        7418887297    900      0     28          44    900
     GPU 0  0.000  0.000  0.000  0.000  0.000  0.000  0.000  0.000               6711947               4376952           0           0       0.000       0.000      85.400        7418887297    900      0     28          44    900
     GPU 0  0.000  0.000  0.000  0.000  0.000  0.000  0.000  0.000               8347964               5500805           0           0       0.000       0.000      85.400        7418895946    900      0     28          44    900
     GPU 0  0.000  0.000  0.000  0.000  0.000  0.000  0.000  0.000               8598929               5479851           0           0       0.000       0.000      85.400        7418895946    900      0     28          44    900
     GPU 0  0.000  0.000  0.000  0.000  0.000  0.000  0.000  0.000               6424617               4379896           0           0       0.000       0.000      85.400        7418895946    900      0     28          44    900
     GPU 0  0.000  0.000  0.000  0.000  0.000  0.000  0.000  0.000               7297227               5242438           0           0       0.000       0.000      85.400        7418895946    900      0     28          44    900
     GPU 0  0.000  0.000  0.000  0.000  0.000  0.000  0.000  0.000               7297227               5242438           0           0       0.000       0.000      85.400        7418895946    900      0     28          44    900

# Entity  GRACT  SMACT  SMOCC  TENSO  DRAMA  FP64A  FP32A  FP16A                 PCITX                 PCIRX       GPUTL       MCUTL       MUSAM       GUSAM       POWER             TOTEC  SACLK  PSTAT  TMPTR       MMTMP  SMCLK
      Id                                                                                                                                                               W                mJ                    C           C       
     GPU 0  0.000  0.000  0.000  0.000  0.000  0.000  0.000  0.000               8671016               5157586           0           0       0.000       0.000      85.400        7418904664    900      0     28          44    900
     GPU 0  0.000  0.000  0.000  0.000  0.000  0.000  0.000  0.000               3358396                442215           0           0       0.000       0.000      85.400        7418904664    900      0     28          44    900
     GPU 0  0.000  0.000  0.000  0.000  0.000  0.000  0.000  0.000               6482032               2323026           0           0       0.000       0.000      85.400        7418904664    900      0     28          44    900
     GPU 0  0.000  0.000  0.000  0.000  0.000  0.000  0.000  0.000               4117113               1827556           0           0       0.000       0.000      85.400        7418904664    900      0     28          44    900
     GPU 0  0.000  0.000  0.000  0.000  0.000  0.000  0.000  0.000               5964656               3696206           0           0       0.000       0.000      85.400        7418904664    900      0     28          44    900
     GPU 0  0.000  0.000  0.000  0.000  0.000  0.000  0.000  0.000               5964656               3696206           0           0       0.000       0.000      85.158        7418913196    900      0     28          44    900
     GPU 0  0.000  0.000  0.000  0.000  0.000  0.000  0.000  0.000               8174226               5318680           0           0       0.000       0.000      85.158        7418913196    900      0     28          44    900
     GPU 0  0.000  0.000  0.000  0.000  0.000  0.000  0.000  0.000               5879290               4060922           0           0       0.000       0.000      85.158        7418913196    900      0     28          44    900
     GPU 0  0.000  0.000  0.000  0.000  0.000  0.000  0.000  0.000               6367316               4398873           0           0       0.000       0.000      85.158        7418913196    900      0     28          44    900
     GPU 0  0.000  0.000  0.000  0.000  0.000  0.000  0.000  0.000               6367316               4398873           0           0       0.000       0.000      85.158        7418913196    900      0     28          44    900
     GPU 0  0.000  0.000  0.000  0.000  0.000  0.000  0.000  0.000               3058254                274219           0           0       0.000       0.000      85.158        7418921823    900      0     28          44    900
     GPU 0  0.000  0.000  0.000  0.000  0.000  0.000  0.000  0.000               3391179                441302           0           0       0.000       0.000      85.158        7418921823    900      0     28          44    900
     GPU 0  0.000  0.000  0.000  0.000  0.000  0.000  0.000  0.000               5152164               2688334           0           0       0.000       0.000      85.158        7418921823    900      0     28          44    900
