# Entity  GRACT  SMACT  SMOCC  TENSO  DRAMA  FP64A  FP32A  FP16A                 PCITX                 PCIRX       GPUTL       MCUTL       MUSAM       GUSAM       POWER             TOTEC  SACLK  PSTAT  TMPTR       MMTMP  SMCLK
      Id                                                                                                                                                               W                mJ                    C           C       
     GPU 0  0.000  0.000  0.000  0.000  0.000  0.000  0.000  0.000             100975329               9179575           0           0       0.000       0.000      76.729         680235119   1380      0     27          44    210
     GPU 0  0.000  0.000  0.000  0.000  0.000  0.000  0.000  0.000               8976321               5013494           0           0       0.000       0.000      76.729         680235119   1380      0     27          44    210
     GPU 0  0.000  0.000  0.000  0.000  0.000  0.000  0.000  0.000               8976321               5013494           0           0       0.000       0.000      76.729         680235119   1380      0     27          44    210
     GPU 0  0.000  0.000  0.000  0.000  0.000  0.000  0.000  0.000              10662370               6988522           0           0       0.000       0.000      78.632         680243096   1380      0     27          44    210
     GPU 0  0.000  0.000  0.000  0.000  0.000  0.000  0.000  0.000               7284292               3934539           0           0       0.000       0.000      78.632         680243096   1380      0     27          44    210
     GPU 0  0.000  0.000  0.000  0.000  0.000  0.000  0.000  0.000               6394145               3598171           0           0       0.000       0.000      78.632         680243096   1380      0     27          44    210
     GPU 0  0.000  0.000  0.000  0.000  0.000  0.000  0.000  0.000               6394145               3598171           0           0       0.000       0.000      78.632         680243096   1380      0     27          44    210
     GPU 0  0.000  0.000  0.000  0.000  0.000  0.000  0.000  0.000               7136947               4356277           0           0       0.000       0.000      78.632         680250882   1380      0     27          44    210
     GPU 0  0.000  0.000  0.000  0.000  0.000  0.000  0.000  0.000               4118936               3159523           0           0       0.000       0.000      78.632         680250882   1380      0     27          44    210
     GPU 0  0.000  0.000  0.000  0.000  0.000  0.000  0.000  0.000               4091887                441593           0           0       0.000       0.000      78.632         680250882   1380      0     27          44    210
     GPU 0  0.000  0.000  0.000  0.000  0.000  0.000  0.000  0.000                921031                167460           0           0       0.000       0.000      78.632         680250882   1380      0     27          44    210
     GPU 0  0.000  0.000  0.000  0.000  0.000  0.000  0.000  0.000               5977584               3650857           0           0       0.000       0.000      78.632         680250882   1380      0     27          44    210
     GPU 0  0.000  0.000  0.000  0.000  0.000  0.000  0.000  0.000               5977584               3650857           0           0       0.000       0.000      78.383         680250882   1380      0     27          44    210
     GPU 0  0.000  0.000  0.000  0.000  0.000  0.000  0.000  0.000               8245696               5665848           0           0       0.000       0.000      78.383         680258800   1380      0     27          44    210
     GPU 0  0.000  0.000  0.000  0.000  0.000  0.000  0.000  0.000               6059261               4228397           0           0       0.000       0.000      78.383         680258800   1380      0     27          44    210

# Entity  GRACT  SMACT  SMOCC  TENSO  DRAMA  FP64A  FP32A  FP16A                 PCITX                 PCIRX       GPUTL       MCUTL       MUSAM       GUSAM       POWER             TOTEC  SACLK  PSTAT  TMPTR       MMTMP  SMCLK
      Id                                                                                                                                                               W                mJ                    C           C       
     GPU 0  0.000  0.000  0.000  0.000  0.000  0.000  0.000  0.000               3723001                274857           0           0       0.000       0.000      78.383         680258800   1380      0     27          44    210
     GPU 0  0.000  0.000  0.000  0.000  0.000  0.000  0.000  0.000               3984394               1861512           0           0       0.000       0.000      78.383         680258800   1380      0     27          44    210
     GPU 0  0.000  0.000  0.000  0.000  0.000  0.000  0.000  0.000               5604943               3111658           0           0       0.000       0.000      78.383         680258800   1380      0     27          44    210
     GPU 0  0.000  0.000  0.000  0.000  0.000  0.000  0.000  0.000               5604943               3111658           0           0       0.000       0.000      78.383         680266745   1380      0     27          44    210
     GPU 0  0.000  0.000  0.000  0.000  0.000  0.000  0.000  0.000               7576498               4465204           0           0       0.000       0.000      78.383         680266745   1380      0     27          44    210
     GPU 0  0.000  0.000  0.000  0.000  0.000  0.000  0.000  0.000               9065718               4993811           0           0       0.000       0.000      78.383         680266745   1380      0     27          44    210
     GPU 0  0.000  0.000  0.000  0.000  0.000  0.000  0.000  0.000               6519206               3750933           0           0       0.000       0.000      78.383         680266745   1380      0     27          44    210
     GPU 0  0.000  0.000  0.000  0.000  0.000  0.000  0.000  0.000               6519206               3750933           0           0       0.000       0.000      78.383         680266745   1380      0     27          44    210
     GPU 0  0.000  0.000  0.000  0.000  0.000  0.000  0.000  0.000               5948824               4669499           0           0       0.000       0.000      78.383         680274668   1380      0     27          44    210
     GPU 0  0.000  0.000  0.000  0.000  0.000  0.000  0.000  0.000               3147944                274756           0           0       0.000       0.000      78.383         680274668   1380      0     27          44    210
     GPU 0  0.000  0.000  0.000  0.000  0.000  0.000  0.000  0.000                921330                 83757           0           0       0.000       0.000      78.383         680274668   1380      0     27          44    210
     GPU 0  0.000  0.000  0.000  0.000  0.000  0.000  0.000  0.000               3336617               6422989           0           0       0.000       0.000      78.383         680274668   1380      0     27          44    210
     GPU 0  0.000  0.000  0.000  0.000  0.000  0.000  0.000  0.000               4283130               3426504           0           0       0.000       0.000      78.383         680274668   1380      0     27          44    210
     GPU 0  0.000  0.000  0.000  0.000  0.000  0.000  0.000  0.000               2077391              28868582           0           0       0.000       0.000      78.923         680282631   1380      0     27          44    210

# Entity  GRACT  SMACT  SMOCC  TENSO  DRAMA  FP64A  FP32A  FP16A                 PCITX                 PCIRX       GPUTL       MCUTL       MUSAM       GUSAM       POWER             TOTEC  SACLK  PSTAT  TMPTR       MMTMP  SMCLK
      Id                                                                                                                                                               W                mJ                    C           C       
     GPU 0  0.000  0.000  0.000  0.000  0.000  0.000  0.000  0.000              12213362              17274755           0           0       0.000       0.000      78.923         680282631   1380      0     27          44    210
     GPU 0  0.000  0.000  0.000  0.000  0.000  0.000  0.000  0.000              12213362              17274755           0           0       0.000       0.000      78.923         680282631   1380      0     27          44    210
     GPU 0  0.000  0.000  0.000  0.000  0.000  0.000  0.000  0.000               4429794              15963976           0           0       0.000       0.000      78.923         680282631   1380      0     27          44    210
     GPU 0  0.000  0.000  0.000  0.000  0.000  0.000  0.000  0.000               6088993               3829726           0           0       0.000       0.000      78.923         680290556   1380      0     27          44    210
     GPU 0  0.000  0.000  0.000  0.000  0.000  0.000  0.000  0.000               6088993               3829726           0           0       0.000       0.000      78.923         680290556   1380      0     27          44    210
     GPU 0  0.000  0.000  0.000  0.000  0.000  0.000  0.000  0.000              14250690               9150443           0           0       0.000       0.000      78.923         680290556   1380      0     27          44    210
     GPU 0  0.000  0.000  0.000  0.000  0.000  0.000  0.000  0.000              10511110               7016213           0           0       0.000       0.000      78.923         680290556   1380      0     27          44    210
     GPU 0  0.000  0.000  0.000  0.000  0.000  0.000  0.000  0.000              10511110               7016213           0           0       0.000       0.000      78.923         680290556   1380      0     27          44    210
     GPU 0  0.000  0.000  0.000  0.000  0.000  0.000  0.000  0.000               1485165               2344998           0           0       0.000       0.000      78.923         680290556   1380      0     27          44    210
     GPU 0  0.000  0.000  0.000  0.000  0.000  0.000  0.000  0.000               1485165               2344998           0           0       0.000       0.000      78.632         680298533   1380      0     27          44    210
     GPU 0  0.000  0.000  0.000  0.000  0.000  0.000  0.000  0.000               1968811               2044534           0           0       0.000       0.000      78.632         680298533   1380      0     27          44    210
     GPU 0  0.000  0.000  0.000  0.000  0.000  0.000  0.000  0.000               1918675               2836302           0           0       0.000       0.000      78.632         680298533   1380      0     27          44    210
     GPU 0  0.000  0.000  0.000  0.000  0.000  0.000  0.000  0.000               1918675               2836302           0           0       0.000       0.000      78.632         680298533   1380      0     27          44    210
     GPU 0  0.000  0.000  0.000  0.000  0.000  0.000  0.000  0.000               8724135               5260140           0           0       0.000       0.000      78.632         680298533   1380      0     27          44    210

# Entity  GRACT  SMACT  SMOCC  TENSO  DRAMA  FP64A  FP32A  FP16A                 PCITX                 PCIRX       GPUTL       MCUTL       MUSAM       GUSAM       POWER             TOTEC  SACLK  PSTAT  TMPTR       MMTMP  SMCLK
      Id                                                                                                                                                               W                mJ                    C           C       
     GPU 0  0.000  0.000  0.000  0.000  0.000  0.000  0.000  0.000               8724135               5260140           0           0       0.000       0.000      78.632         680306479   1380      0     27          44    210
     GPU 0  0.000  0.000  0.000  0.000  0.000  0.000  0.000  0.000               1615205               4877285           0           0       0.000       0.000      78.632         680306479   1380      0     27          44    210
     GPU 0  0.000  0.000  0.000  0.000  0.000  0.000  0.000  0.000               7567335             335927291           0           0       0.000       0.000      78.632         680306479   1380      0     27          44    210
     GPU 0  0.000  0.000  0.000  0.000  0.000  0.000  0.000  0.000               5524977              19253709           0           0       0.000       0.000      78.632         680306479   1380      0     27          44    210
     GPU 0  0.000  0.000  0.000  0.000  0.000  0.000  0.000  0.000               5678136              20408373           0           0       0.000       0.000      78.632         680306479   1380      0     27          44   1380
     GPU 0  0.006  0.000  0.000  0.000  0.000  0.000  0.000  0.000              19576505             117750434           0           0       0.000       0.000      92.756         680314588   1380      0     27          44   1380
     GPU 0  0.012  0.000  0.000  0.000  0.001  0.000  0.000  0.000             282410650            2509534106           0           0       0.000       0.000      92.756         680314588   1380      0     27          44   1380
     GPU 0  0.502  0.000  0.000  0.000  0.002  0.000  0.000  0.000             310762452            2752660848           0           0       0.000       0.000      92.756         680314588   1380      0     27          44   1380
     GPU 0  0.502  0.000  0.000  0.000  0.002  0.000  0.000  0.000             310762452            2752660848           0           0       0.000       0.000      92.756         680314588   1380      0     29          44   1380
     GPU 0  1.000  0.951  0.761  0.000  0.002  0.000  0.630  0.000               6403693               4117129          25           0       0.000      25.000     266.530         680314588   1380      0     29          44   1380
     GPU 0  1.000  0.000  0.000  0.000  0.002  0.000  0.000  0.000              13727770               8454563          25           0       0.000      25.000     266.530         680331854   1380      0     32          44   1380
     GPU 0  1.000  0.948  0.752  0.000  0.002  0.000  0.626  0.000              10882008               8120126          25           0       0.000      25.000     266.530         680331854   1380      0     33          44   1380
     GPU 0  1.000  0.948  0.759  0.000  0.002  0.000  0.624  0.000              10659770               8193454          25           0       0.000      25.000     266.530         680331854   1380      0     33          44   1380
     GPU 0  1.000  0.000  0.000  0.000  0.002  0.000  0.000  0.000              12316243               9073227          25           0       0.000      25.000     266.530         680331854   1380      0     34          44   1380

# Entity  GRACT  SMACT  SMOCC  TENSO  DRAMA  FP64A  FP32A  FP16A                 PCITX                 PCIRX       GPUTL       MCUTL       MUSAM       GUSAM       POWER             TOTEC  SACLK  PSTAT  TMPTR       MMTMP  SMCLK
      Id                                                                                                                                                               W                mJ                    C           C       
     GPU 0  1.000  0.948  0.754  0.000  0.002  0.000  0.626  0.000              10191069               7762052          25           0       0.000      25.000     266.530         680331854   1380      0     35          44   1380
     GPU 0  1.000  0.942  0.747  0.000  0.002  0.000  0.621  0.000               7981997               5706872          25           0       0.000      25.000     271.385         680358865   1380      0     35          44   1380
     GPU 0  1.000  0.000  0.000  0.000  0.002  0.000  0.000  0.000               9085649               6724751          25           0       0.000      25.000     271.385         680358865   1380      0     36          44   1380
     GPU 0  1.000  0.952  0.765  0.000  0.002  0.000  0.615  0.000              13757301              10548564          25           0       0.000      25.000     271.385         680358865   1380      0     36          44   1380
     GPU 0  1.000  0.952  0.765  0.000  0.002  0.000  0.615  0.000              13757301              10548564          25           0       0.000      25.000     271.385         680358865   1380      0     37          44   1380
     GPU 0  1.000  0.938  0.743  0.000  0.002  0.000  0.619  0.000              11675890               9248209          25           0       0.000      25.000     271.385         680358865   1380      0     37          44   1380
     GPU 0  1.000  0.938  0.743  0.000  0.002  0.000  0.619  0.000              11675890               9248209          25           0       0.000      25.000     271.385         680391938   1380      0     37          44   1380
     GPU 0  1.000  0.938  0.743  0.000  0.002  0.000  0.619  0.000              11675890               9248209          25           0       0.000      25.000     274.344         680391938   1380      0     37          44   1380
     GPU 0  1.000  0.938  0.743  0.000  0.002  0.000  0.619  0.000              11675890               9248209         100           0       0.000      99.000     274.344         680391938   1380      0     37          44   1380
     GPU 0  1.000  0.000  0.000  0.000  0.002  0.000  0.000  0.000              12690316               8504434         100           0       0.000      99.000     274.344         680391938   1380      0     37          44   1380
     GPU 0  1.000  0.946  0.753  0.000  0.002  0.000  0.609  0.000               7486786               5974485         100           0       0.000      99.000     267.371         680391938   1380      0     38          44   1380
     GPU 0  1.000  0.939  0.741  0.000  0.002  0.000  0.618  0.000               7959834               6252931         100           0       0.000      99.000     267.371         680414408   1380      0     38          44   1380
     GPU 0  1.000  0.000  0.000  0.000  0.002  0.000  0.000  0.000              11458504               8531816         100           0       0.000      99.000     267.371         680414408   1380      0     38          44   1380
     GPU 0  1.000  0.000  0.000  0.000  0.002  0.000  0.000  0.000              11458504               8531816         100           0       0.000      99.000     267.371         680414408   1380      0     38          44   1380

# Entity  GRACT  SMACT  SMOCC  TENSO  DRAMA  FP64A  FP32A  FP16A                 PCITX                 PCIRX       GPUTL       MCUTL       MUSAM       GUSAM       POWER             TOTEC  SACLK  PSTAT  TMPTR       MMTMP  SMCLK
      Id                                                                                                                                                               W                mJ                    C           C       
     GPU 0  1.000  0.949  0.758  0.000  0.002  0.000  0.627  0.000               9185828               6917377         100           0       0.000      99.000     267.371         680414408   1380      0     38          44   1380
     GPU 0  1.000  0.932  0.710  0.000  0.002  0.000  0.607  0.000               2215679               1853225         100           0       0.000      99.000     267.599         680414408   1380      0     38          44   1380
     GPU 0  1.000  0.000  0.000  0.000  0.002  0.000  0.000  0.000               2260636               1364640         100           0       0.000      99.000     267.599         680441488   1380      0     38          44   1380
     GPU 0  1.000  0.953  0.768  0.000  0.002  0.000  0.619  0.000               4913226               3594264         100           0       0.000      99.000     267.599         680441488   1380      0     38          44   1380
     GPU 0  1.000  0.953  0.781  0.000  0.002  0.000  0.634  0.000               5867200               4575083         100           0       0.000      99.000     267.599         680441488   1380      0     38          44   1380
     GPU 0  1.000  0.000  0.000  0.000  0.002  0.000  0.000  0.000               6009658               5159617         100           0       0.000      99.000     267.599         680441488   1380      0     38          44   1380
     GPU 0  1.000  0.952  0.752  0.000  0.002  0.000  0.628  0.000               9667830               7257065         100           0       0.000      99.000     267.599         680441488   1380      0     39          44   1380
     GPU 0  1.000  0.952  0.752  0.000  0.002  0.000  0.628  0.000               9667830               7257065         100           0       0.000      99.000     267.889         680468299   1380      0     39          44   1380
     GPU 0  1.000  0.945  0.747  0.000  0.002  0.000  0.624  0.000               9556952               7223637         100           0       0.000      99.000     267.889         680468299   1380      0     39          44   1380
     GPU 0  1.000  0.000  0.000  0.000  0.002  0.000  0.000  0.000              10521065               7637378         100           0       0.000      99.000     267.889         680468299   1380      0     39          44   1380
     GPU 0  1.000  0.950  0.760  0.000  0.002  0.000  0.628  0.000               7520568               5714676         100           0       0.000      99.000     267.889         680468299   1380      0     39          45   1380
     GPU 0  1.000  0.950  0.760  0.000  0.002  0.000  0.628  0.000               7520568               5714676         100           0       0.000      99.000     267.889         680468299   1380      0     39          45   1380
     GPU 0  1.000  0.950  0.760  0.000  0.002  0.000  0.628  0.000               7520568               5714676         100           0       0.000      99.000     267.889         680468299   1380      0     39          45   1380
     GPU 0  1.000  0.950  0.760  0.000  0.002  0.000  0.628  0.000               7520568               5714676         100           0       0.000      99.000     268.420         680468299   1380      0     39          45   1380

# Entity  GRACT  SMACT  SMOCC  TENSO  DRAMA  FP64A  FP32A  FP16A                 PCITX                 PCIRX       GPUTL       MCUTL       MUSAM       GUSAM       POWER             TOTEC  SACLK  PSTAT  TMPTR       MMTMP  SMCLK
      Id                                                                                                                                                               W                mJ                    C           C       
     GPU 0  1.000  0.946  0.754  0.000  0.002  0.000  0.622  0.000              11649437               7159808         100           0       0.000      99.000     268.420         680501409   1380      0     39          45   1380
     GPU 0  1.000  0.946  0.754  0.000  0.002  0.000  0.622  0.000              11649437               7159808         100           0       0.000      99.000     268.420         680501409   1380      0     39          45   1380
     GPU 0  1.000  0.000  0.000  0.000  0.002  0.000  0.000  0.000               6663321               4895246         100           0       0.000      99.000     268.420         680501409   1380      0     40          45   1380
     GPU 0  1.000  0.946  0.758  0.000  0.002  0.000  0.609  0.000               6228118               5328955         100           0       0.000      99.000     268.441         680522823   1380      0     40          45   1380
     GPU 0  1.000  0.949  0.752  0.000  0.002  0.000  0.627  0.000              12942996               9023059         100           0       0.000      99.000     268.441         680522823   1380      0     40          45   1380
     GPU 0  1.000  0.000  0.000  0.000  0.002  0.000  0.000  0.000               6961225               5702658         100           0       0.000      99.000     268.441         680522823   1380      0     40          45   1380
     GPU 0  1.000  0.000  0.000  0.000  0.002  0.000  0.000  0.000               6961225               5702658         100           0       0.000      99.000     268.441         680522823   1380      0     40          45   1380
     GPU 0  1.000  0.950  0.754  0.000  0.002  0.000  0.627  0.000               2091359               1443971         100           0       0.000      99.000     268.441         680522823   1380      0     40          45   1380
     GPU 0  1.000  0.954  0.785  0.000  0.002  0.000  0.635  0.000               5627123               3919984         100           0       0.000      99.000     267.889         680550025   1380      0     40          45   1380
     GPU 0  1.000  0.000  0.000  0.000  0.002  0.000  0.000  0.000               6950727               4608230         100           0       0.000      99.000     267.889         680550025   1380      0     40          45   1380
     GPU 0  1.000  0.947  0.739  0.000  0.002  0.000  0.614  0.000               6295293               5254281         100           0       0.000      99.000     267.889         680550025   1380      0     40          45   1380
     GPU 0  1.000  0.940  0.755  0.000  0.002  0.000  0.621  0.000               9137327               7159814         100           0       0.000      99.000     267.889         680550025   1380      0     40          45   1380
     GPU 0  1.000  0.000  0.000  0.000  0.002  0.000  0.000  0.000              10633099               7960200         100           0       0.000      99.000     268.731         680550025   1380      0     40          45   1380
     GPU 0  1.000  0.000  0.000  0.000  0.002  0.000  0.000  0.000              10633099               7960200         100           0       0.000      99.000     268.731         680577168   1380      0     40          45   1380

# Entity  GRACT  SMACT  SMOCC  TENSO  DRAMA  FP64A  FP32A  FP16A                 PCITX                 PCIRX       GPUTL       MCUTL       MUSAM       GUSAM       POWER             TOTEC  SACLK  PSTAT  TMPTR       MMTMP  SMCLK
      Id                                                                                                                                                               W                mJ                    C           C       
     GPU 0  1.000  0.946  0.754  0.000  0.002  0.000  0.609  0.000               8246671               6680899         100           0       0.000      99.000     268.731         680577168   1380      0     40          45   1380
     GPU 0  1.000  0.943  0.755  0.000  0.002  0.000  0.621  0.000              10600636               7751470         100           0       0.000      99.000     268.731         680577168   1380      0     40          45   1380
     GPU 0  1.000  0.000  0.000  0.000  0.002  0.000  0.000  0.000              11938018               9230230         100           0       0.000      99.000     268.731         680577168   1380      0     41          45   1380
     GPU 0  1.000  0.948  0.755  0.000  0.002  0.000  0.626  0.000              13075914               9932625         100           0       0.000      99.000     268.420         680577168   1380      0     41          45   1380
     GPU 0  1.000  0.949  0.759  0.000  0.002  0.000  0.598  0.000               6685915               4784435         100           0       0.000      99.000     268.420         680604325   1380      0     41          45   1380
     GPU 0  1.000  0.000  0.000  0.000  0.002  0.000  0.000  0.000               7481267               4437499         100           0       0.000      99.000     268.420         680604325   1380      0     41          45   1380
     GPU 0  1.000  0.949  0.759  0.000  0.002  0.000  0.626  0.000               6846199               5012302         100           0       0.000      99.000     268.420         680604325   1380      0     41          45   1380
     GPU 0  1.000  0.945  0.749  0.000  0.002  0.000  0.623  0.000              10403756               8022279         100           0       0.000      99.000     268.420         680604325   1380      0     41          45   1380
     GPU 0  1.000  0.945  0.749  0.000  0.002  0.000  0.623  0.000              10403756               8022279         100           0       0.000      99.000     268.420         680604325   1380      0     41          45   1380
     GPU 0  1.000  0.000  0.000  0.000  0.002  0.000  0.000  0.000              10472658               8199497         100           0       0.000      99.000     269.801         680631478   1380      0     41          45   1380
     GPU 0  1.000  0.947  0.749  0.000  0.002  0.000  0.622  0.000              10585341               8167429         100           0       0.000      99.000     269.801         680631478   1380      0     41          45   1380
     GPU 0  1.000  0.952  0.767  0.000  0.002  0.000  0.632  0.000               6019322               5518158         100           0       0.000      99.000     269.801         680631478   1380      0     41          45   1380
     GPU 0  1.000  0.952  0.767  0.000  0.002  0.000  0.632  0.000               6019322               5518158         100           0       0.000      99.000     269.801         680631478   1380      0     41          45   1380
     GPU 0  1.000  0.000  0.000  0.000  0.002  0.000  0.000  0.000               3660791               1878466         100           0       0.000      99.000     269.801         680631478   1380      0     41          45   1380

# Entity  GRACT  SMACT  SMOCC  TENSO  DRAMA  FP64A  FP32A  FP16A                 PCITX                 PCIRX       GPUTL       MCUTL       MUSAM       GUSAM       POWER             TOTEC  SACLK  PSTAT  TMPTR       MMTMP  SMCLK
      Id                                                                                                                                                               W                mJ                    C           C       
     GPU 0  1.000  0.945  0.761  0.000  0.002  0.000  0.627  0.000               3467074               1453048         100           0       0.000      99.000     268.420         680658773   1380      0     41          45   1380
     GPU 0  1.000  0.946  0.689  0.000  0.002  0.000  0.617  0.000               7247751               3757596         100           0       0.000      99.000     268.420         680658773   1380      0     41          45   1380
     GPU 0  1.000  0.000  0.000  0.000  0.002  0.000  0.000  0.000               6877073               4827803         100           0       0.000      99.000     268.420         680658773   1380      0     41          45   1380
     GPU 0  1.000  0.954  0.774  0.000  0.002  0.000  0.619  0.000               7660378               5674928         100           0       0.000      99.000     268.420         680658773   1380      0     41          45   1380
     GPU 0  1.000  0.954  0.774  0.000  0.002  0.000  0.619  0.000               7660378               5674928         100           0       0.000      99.000     268.420         680658773   1380      0     41          45   1380
     GPU 0  1.000  0.952  0.757  0.000  0.002  0.000  0.628  0.000              10568504               8039435         100           0       0.000      99.000     270.340         680685850   1380      0     41          45   1380
     GPU 0  1.000  0.000  0.000  0.000  0.002  0.000  0.000  0.000              11270773               8695011         100           0       0.000      99.000     270.340         680685850   1380      0     41          45   1380
     GPU 0  1.000  0.949  0.764  0.000  0.002  0.000  0.630  0.000               5428943               4927753         100           0       0.000      99.000     270.340         680685850   1380      0     41          45   1380
     GPU 0  1.000  0.949  0.764  0.000  0.002  0.000  0.630  0.000               5428943               4927753         100           0       0.000      99.000     270.340         680685850   1380      0     41          45   1380
     GPU 0  1.000  0.960  0.738  0.000  0.002  0.000  0.637  0.000               3878622               3520474         100           0       0.000      99.000     270.340         680685850   1380      0     41          45   1380
     GPU 0  1.000  0.000  0.000  0.000  0.002  0.000  0.000  0.000               3511991               1579381         100           0       0.000      99.000     270.340         680713224   1380      0     41          45   1380
     GPU 0  1.000  0.954  0.762  0.000  0.002  0.000  0.631  0.000               1482465               1482465         100           0       0.000      99.000     267.889         680713224   1380      0     42          45   1380
     GPU 0  1.000  0.000  0.000  0.000  0.002  0.000  0.000  0.000               9866576               7674144         100           0       0.000      99.000     267.889         680713224   1380      0     42          45   1380
     GPU 0  1.000  0.949  0.756  0.000  0.002  0.000  0.627  0.000               3473337               3867386         100           0       0.000      99.000     267.889         680713224   1380      0     42          46   1380

# Entity  GRACT  SMACT  SMOCC  TENSO  DRAMA  FP64A  FP32A  FP16A                 PCITX                 PCIRX       GPUTL       MCUTL       MUSAM       GUSAM       POWER             TOTEC  SACLK  PSTAT  TMPTR       MMTMP  SMCLK
      Id                                                                                                                                                               W                mJ                    C           C       
     GPU 0  1.000  0.955  0.775  0.000  0.002  0.000  0.617  0.000               5354059               4457619         100           0       0.000      99.000     267.889         680713224   1380      0     42          46   1380
     GPU 0  1.000  0.955  0.775  0.000  0.002  0.000  0.617  0.000               5354059               4457619         100           0       0.000      99.000     269.511         680740640   1380      0     42          46   1380
     GPU 0  1.000  0.000  0.000  0.000  0.002  0.000  0.000  0.000               7418988               5051202         100           0       0.000      99.000     269.511         680740640   1380      0     42          46   1380
     GPU 0  1.000  0.947  0.740  0.000  0.002  0.000  0.622  0.000               5886116               4610671         100           0       0.000      99.000     269.511         680740640   1380      0     42          46   1380
     GPU 0  1.000  0.947  0.762  0.000  0.002  0.000  0.627  0.000               9136084               7206356         100           0       0.000      99.000     269.511         680740640   1380      0     42          46   1380
     GPU 0  1.000  0.947  0.762  0.000  0.002  0.000  0.627  0.000               9136084               7206356         100           0       0.000      99.000     269.511         680740640   1380      0     42          46   1380
     GPU 0  1.000  0.947  0.762  0.000  0.002  0.000  0.627  0.000               9136084               7206356         100           0       0.000      99.000     269.511         680740640   1380      0     42          46   1380
     GPU 0  1.000  0.947  0.762  0.000  0.002  0.000  0.627  0.000               9136084               7206356         100           0       0.000      99.000     268.420         680740640   1380      0     42          46   1380
     GPU 0  1.000  0.947  0.762  0.000  0.002  0.000  0.627  0.000               9136084               7206356         100           0       0.000      99.000     268.420         680740640   1380      0     42          46   1380
     GPU 0  1.000  0.000  0.000  0.000  0.002  0.000  0.000  0.000              10714500               6767359         100           0       0.000      99.000     268.420         680773362   1380      0     42          46   1380
     GPU 0  1.000  0.948  0.763  0.000  0.002  0.000  0.628  0.000               8411923               5695455         100           0       0.000      99.000     268.420         680773362   1380      0     42          46   1380
     GPU 0  1.000  0.950  0.766  0.000  0.002  0.000  0.632  0.000               6859756               5356580         100           0       0.000      99.000     268.731         680794900   1380      0     42          46   1380
     GPU 0  1.000  0.950  0.766  0.000  0.002  0.000  0.632  0.000               6859756               5356580         100           0       0.000      99.000     268.731         680794900   1380      0     42          46   1380
     GPU 0  1.000  0.000  0.000  0.000  0.002  0.000  0.000  0.000               9179147               7079870         100           0       0.000      99.000     268.731         680794900   1380      0     42          46   1380

# Entity  GRACT  SMACT  SMOCC  TENSO  DRAMA  FP64A  FP32A  FP16A                 PCITX                 PCIRX       GPUTL       MCUTL       MUSAM       GUSAM       POWER             TOTEC  SACLK  PSTAT  TMPTR       MMTMP  SMCLK
      Id                                                                                                                                                               W                mJ                    C           C       
     GPU 0  1.000  0.949  0.764  0.000  0.002  0.000  0.617  0.000              10232887               7791612         100           0       0.000      99.000     268.731         680794900   1380      0     42          46   1380
     GPU 0  1.000  0.954  0.770  0.000  0.002  0.000  0.621  0.000               5864500               4605249         100           0       0.000      99.000     268.731         680794900   1380      0     42          46   1380
     GPU 0  1.000  0.000  0.000  0.000  0.002  0.000  0.000  0.000               8602087               6408335         100           0       0.000      99.000     268.958         680822201   1380      0     42          46   1380
     GPU 0  1.000  0.000  0.000  0.000  0.002  0.000  0.000  0.000               8602087               6408335         100           0       0.000      99.000     268.958         680822201   1380      0     42          46   1380
     GPU 0  1.000  0.948  0.763  0.000  0.002  0.000  0.629  0.000              11738722               7267478         100           0       0.000      99.000     268.958         680822201   1380      0     42          46   1380
     GPU 0  1.000  0.948  0.753  0.000  0.002  0.000  0.626  0.000               4568116               4484282         100           0       0.000      99.000     268.958         680822201   1380      0     42          46   1380
     GPU 0  1.000  0.000  0.000  0.000  0.002  0.000  0.000  0.000               9785754               7281687         100           0       0.000      99.000     268.958         680822201   1380      0     42          46   1380
     GPU 0  1.000  0.951  0.759  0.000  0.002  0.000  0.628  0.000              10310418               7929976         100           0       0.000      99.000     268.420         680849291   1380      0     42          46   1380
     GPU 0  1.000  0.949  0.757  0.000  0.002  0.000  0.615  0.000               8256312               6873384         100           0       0.000      99.000     268.420         680849291   1380      0     42          46   1380
     GPU 0  1.000  0.000  0.000  0.000  0.002  0.000  0.000  0.000               4310722               1749679         100           0       0.000      99.000     268.420         680849291   1380      0     42          46   1380
     GPU 0  1.000  0.000  0.000  0.000  0.002  0.000  0.000  0.000               4310722               1749679         100           0       0.000      99.000     268.420         680849291   1380      0     42          46   1380
     GPU 0  1.000  0.950  0.754  0.000  0.002  0.000  0.628  0.000               3424517               1177787         100           0       0.000      99.000     268.420         680849291   1380      0     42          46   1380
     GPU 0  1.000  0.000  0.000  0.000  0.002  0.000  0.000  0.000               8775597               5952677         100           0       0.000      99.000     267.303         680876574   1380      0     42          46   1380
     GPU 0  1.000  0.948  0.754  0.000  0.002  0.000  0.626  0.000               1255775               1423211         100           0       0.000      99.000     267.303         680876574   1380      0     42          46   1380

# Entity  GRACT  SMACT  SMOCC  TENSO  DRAMA  FP64A  FP32A  FP16A                 PCITX                 PCIRX       GPUTL       MCUTL       MUSAM       GUSAM       POWER             TOTEC  SACLK  PSTAT  TMPTR       MMTMP  SMCLK
      Id                                                                                                                                                               W                mJ                    C           C       
     GPU 0  1.000  0.000  0.000  0.000  0.002  0.000  0.000  0.000               5974342               4198549         100           0       0.000      99.000     267.303         680876574   1380      0     42          46   1380
     GPU 0  1.000  0.950  0.755  0.000  0.002  0.000  0.627  0.000               3550452               1410929         100           0       0.000      99.000     267.303         680876574   1380      0     42          46   1380
     GPU 0  1.000  0.954  0.721  0.000  0.002  0.000  0.628  0.000               4785693               3193132         100           0       0.000      99.000     267.303         680876574   1380      0     42          46   1380
     GPU 0  1.000  0.954  0.721  0.000  0.002  0.000  0.628  0.000               4785693               3193132         100           0       0.000      99.000     268.441         680903639   1380      0     42          46   1380
     GPU 0  1.000  0.000  0.000  0.000  0.002  0.000  0.000  0.000               6331095               4149493         100           0       0.000      99.000     268.441         680903639   1380      0     42          46   1380
     GPU 0  1.000  0.950  0.755  0.000  0.002  0.000  0.617  0.000              10166993               6981931         100           0       0.000      99.000     268.441         680903639   1380      0     43          46   1380
     GPU 0  1.000  0.945  0.740  0.000  0.002  0.000  0.619  0.000               9991485               7387499         100           0       0.000      99.000     268.441         680903639   1380      0     43          46   1380
     GPU 0  1.000  0.000  0.000  0.000  0.002  0.000  0.000  0.000              10698671               8198151         100           0       0.000      99.000     268.441         680903639   1380      0     43          46   1380
     GPU 0  1.000  0.000  0.000  0.000  0.002  0.000  0.000  0.000              10698671               8198151         100           0       0.000      99.000     268.420         680930864   1380      0     43          46   1380
     GPU 0  1.000  0.946  0.766  0.000  0.002  0.000  0.627  0.000              10118480               7464292         100           0       0.000      99.000     268.420         680930864   1380      0     43          46   1380
     GPU 0  1.000  0.931  0.671  0.000  0.002  0.000  0.600  0.000               3506034               1574836         100           0       0.000      99.000     268.420         680930864   1380      0     43          46   1380
     GPU 0  1.000  0.000  0.000  0.000  0.002  0.000  0.000  0.000               2455126               1927006         100           0       0.000      99.000     268.420         680930864   1380      0     43          46   1380
     GPU 0  1.000  0.947  0.754  0.000  0.002  0.000  0.626  0.000               4696049               3343882         100           0       0.000      99.000     268.420         680930864   1380      0     43          46   1380
     GPU 0  1.000  0.947  0.754  0.000  0.002  0.000  0.626  0.000               4696049               3343882         100           0       0.000      99.000     269.489         680957968   1380      0     43          46   1380

# Entity  GRACT  SMACT  SMOCC  TENSO  DRAMA  FP64A  FP32A  FP16A                 PCITX                 PCIRX       GPUTL       MCUTL       MUSAM       GUSAM       POWER             TOTEC  SACLK  PSTAT  TMPTR       MMTMP  SMCLK
      Id                                                                                                                                                               W                mJ                    C           C       
     GPU 0  1.000  0.944  0.752  0.000  0.002  0.000  0.621  0.000               6959207               4555457         100           0       0.000      99.000     269.489         680957968   1380      0     43          46   1380
     GPU 0  1.000  0.000  0.000  0.000  0.002  0.000  0.000  0.000               8701988               6408808         100           0       0.000      99.000     269.489         680957968   1380      0     43          46   1380
     GPU 0  1.000  0.951  0.759  0.000  0.002  0.000  0.628  0.000              10935610               8275842         100           0       0.000      99.000     269.489         680957968   1380      0     43          46   1380
     GPU 0  1.000  0.945  0.751  0.000  0.002  0.000  0.625  0.000              10812276               8267970         100           0       0.000      99.000     269.489         680957968   1380      0     43          46   1380
     GPU 0  1.000  0.945  0.751  0.000  0.002  0.000  0.625  0.000              10812276               8267970         100           0       0.000      99.000     269.199         680985180   1380      0     43          46   1380
     GPU 0  1.000  0.000  0.000  0.000  0.002  0.000  0.000  0.000              12137938               8486035         100           0       0.000      99.000     269.199         680985180   1380      0     43          46   1380
     GPU 0  1.000  0.949  0.753  0.000  0.002  0.000  0.627  0.000               4148760               3842676         100           0       0.000      99.000     269.199         680985180   1380      0     43          46   1380
     GPU 0  1.000  0.957  0.803  0.000  0.002  0.000  0.637  0.000               3655337               1875921         100           0       0.000      99.000     269.199         680985180   1380      0     43          46   1380
     GPU 0  1.000  0.000  0.000  0.000  0.002  0.000  0.000  0.000               3589139               1410236         100           0       0.000      99.000     269.199         680985180   1380      0     43          46   1380
     GPU 0  1.000  0.952  0.760  0.000  0.002  0.000  0.617  0.000               6616600               3505393         100           0       0.000      99.000     268.130         681012335   1380      0     43          46   1380
     GPU 0  1.000  0.952  0.760  0.000  0.002  0.000  0.617  0.000               6616600               3505393         100           0       0.000      99.000     268.130         681012335   1380      0     43          46   1380
     GPU 0  1.000  0.959  0.745  0.000  0.002  0.000  0.634  0.000               4725659               3442216         100           0       0.000      99.000     268.130         681012335   1380      0     43          46   1380
     GPU 0  1.000  0.000  0.000  0.000  0.002  0.000  0.000  0.000               7864747               5591094         100           0       0.000      99.000     268.130         681012335   1380      0     43          46   1380
     GPU 0  1.000  0.000  0.000  0.000  0.002  0.000  0.000  0.000               7864747               5591094         100           0       0.000      99.000     268.130         681012335   1380      0     43          46   1380

# Entity  GRACT  SMACT  SMOCC  TENSO  DRAMA  FP64A  FP32A  FP16A                 PCITX                 PCIRX       GPUTL       MCUTL       MUSAM       GUSAM       POWER             TOTEC  SACLK  PSTAT  TMPTR       MMTMP  SMCLK
      Id                                                                                                                                                               W                mJ                    C           C       
     GPU 0  1.000  0.949  0.757  0.000  0.002  0.000  0.628  0.000              10238963               6931037         100           0       0.000      99.000     156.301         681037703   1380      0     40          46   1380
     GPU 0  0.000  0.000  0.000  0.000  0.000  0.000  0.000  0.000              11237377               5889675         100           0       0.000      99.000     156.301         681037703   1380      0     38          46   1380
     GPU 0  0.000  0.000  0.000  0.000  0.000  0.000  0.000  0.000               3513025               1751179         100           0       0.000      99.000     156.301         681037703   1380      0     38          46   1380
     GPU 0  0.000  0.000  0.000  0.000  0.000  0.000  0.000  0.000               1661215                125709         100           0       0.000      99.000     156.301         681037703   1380      0     38          46   1380
     GPU 0  0.000  0.000  0.000  0.000  0.000  0.000  0.000  0.000               1692177                205543         100           0       0.000      99.000     156.301         681037703   1380      0     37          46   1380
     GPU 0  0.000  0.000  0.000  0.000  0.000  0.000  0.000  0.000               6370932               2636021         100           0       0.000      99.000     106.298         681048818   1380      0     36          46   1380
     GPU 0  0.000  0.000  0.000  0.000  0.000  0.000  0.000  0.000               6370932               2636021         100           0       0.000      99.000     106.298         681048818   1380      0     36          46   1380
     GPU 0  0.000  0.000  0.000  0.000  0.000  0.000  0.000  0.000               4961287               2340209         100           0       0.000      99.000     106.298         681048818   1380      0     36          46   1380
     GPU 0  0.000  0.000  0.000  0.000  0.000  0.000  0.000  0.000               8441077               4669213         100           0       0.000      99.000     106.298         681048818   1380      0     35          46   1380
     GPU 0  0.000  0.000  0.000  0.000  0.000  0.000  0.000  0.000              11179171               7227652         100           0       0.000      99.000     106.298         681048818   1380      0     35          46   1380
     GPU 0  0.000  0.000  0.000  0.000  0.000  0.000  0.000  0.000              11179171               7227652         100           0       0.000      99.000     106.298         681048818   1380      0     35          46   1380
     GPU 0  0.000  0.000  0.000  0.000  0.000  0.000  0.000  0.000              11179171               7227652         100           0       0.000      99.000     106.298         681048818   1380      0     35          46   1380
     GPU 0  0.000  0.000  0.000  0.000  0.000  0.000  0.000  0.000              11179171               7227652           2           0       0.000       1.000     106.298         681048818   1380      0     35          46   1380
     GPU 0  0.000  0.000  0.000  0.000  0.000  0.000  0.000  0.000              22016217              11389893           2           0       0.000       1.000     105.765         681062164   1380      0     34          46   1380

# Entity  GRACT  SMACT  SMOCC  TENSO  DRAMA  FP64A  FP32A  FP16A                 PCITX                 PCIRX       GPUTL       MCUTL       MUSAM       GUSAM       POWER             TOTEC  SACLK  PSTAT  TMPTR       MMTMP  SMCLK
      Id                                                                                                                                                               W                mJ                    C           C       
     GPU 0  0.000  0.000  0.000  0.000  0.000  0.000  0.000  0.000               9256065               5570741           2           0       0.000       1.000     105.765         681062164   1380      0     34          46   1380
     GPU 0  0.000  0.000  0.000  0.000  0.000  0.000  0.000  0.000              10393288               6445029           2           0       0.000       1.000     105.523         681070354   1380      0     34          46   1380
     GPU 0  0.000  0.000  0.000  0.000  0.000  0.000  0.000  0.000               9575948               6256311           2           0       0.000       1.000     105.523         681070354   1380      0     34          46   1380
     GPU 0  0.000  0.000  0.000  0.000  0.000  0.000  0.000  0.000              10600187               6829534           2           0       0.000       1.000     105.523         681070354   1380      0     34          46   1380
     GPU 0  0.000  0.000  0.000  0.000  0.000  0.000  0.000  0.000              10600187               6829534           2           0       0.000       1.000     105.523         681070354   1380      0     34          46   1380
     GPU 0  0.000  0.000  0.000  0.000  0.000  0.000  0.000  0.000               7457046               4901526           0           0       0.000       1.000     105.523         681070354   1380      0     34          46   1380
     GPU 0  0.000  0.000  0.000  0.000  0.000  0.000  0.000  0.000               3905275               2028268           0           0       0.000       0.000     105.226         681070354   1380      0     33          46   1380
     GPU 0  0.000  0.000  0.000  0.000  0.000  0.000  0.000  0.000               1004262                 83688           0           0       0.000       0.000     105.226         681080989   1380      0     33          46   1380
     GPU 0  0.000  0.000  0.000  0.000  0.000  0.000  0.000  0.000               7540968               5070076           0           0       0.000       0.000     105.226         681080989   1380      0     33          46   1380
     GPU 0  0.000  0.000  0.000  0.000  0.000  0.000  0.000  0.000              10943812               7015220           0           0       0.000       0.000     105.226         681080989   1380      0     33          46   1380
     GPU 0  0.000  0.000  0.000  0.000  0.000  0.000  0.000  0.000              10882544               6928683           0           0       0.000       0.000     105.226         681080989   1380      0     33          46   1380
     GPU 0  0.000  0.000  0.000  0.000  0.000  0.000  0.000  0.000               8516657               5693662           0           0       0.000       0.000     104.935         681091567   1380      0     33          46   1380
     GPU 0  0.000  0.000  0.000  0.000  0.000  0.000  0.000  0.000               8516657               5693662           0           0       0.000       0.000     104.935         681091567   1380      0     33          46   1380
     GPU 0  0.000  0.000  0.000  0.000  0.000  0.000  0.000  0.000               1674849                418712           0           0       0.000       0.000     104.935         681091567   1380      0     33          46   1380

# Entity  GRACT  SMACT  SMOCC  TENSO  DRAMA  FP64A  FP32A  FP16A                 PCITX                 PCIRX       GPUTL       MCUTL       MUSAM       GUSAM       POWER             TOTEC  SACLK  PSTAT  TMPTR       MMTMP  SMCLK
      Id                                                                                                                                                               W                mJ                    C           C       
     GPU 0  0.000  0.000  0.000  0.000  0.000  0.000  0.000  0.000               1674849                418712           0           0       0.000       0.000     104.935         681091567   1380      0     33          46   1380
     GPU 0  0.000  0.000  0.000  0.000  0.000  0.000  0.000  0.000              10973016               9532982           0           0       0.000       0.000     104.935         681091567   1380      0     33          46   1380
     GPU 0  0.000  0.000  0.000  0.000  0.017  0.000  0.000  0.000               9701772               7310490           6           0       0.000       0.000     105.523         681091567   1380      0     32          46   1380
     GPU 0  0.000  0.000  0.000  0.000  0.017  0.000  0.000  0.000               9701772               7310490           6           0       0.000       0.000     105.523         681102165   1380      0     32          46   1380
     GPU 0  0.000  0.000  0.000  0.000  0.017  0.000  0.000  0.000               9701772               7310490           6           0       0.000       0.000     105.523         681102165   1380      0     32          46   1380
     GPU 0  0.000  0.000  0.000  0.000  0.000  0.000  0.000  0.000              13700667               8822013           6           0       0.000       0.000     105.523         681102165   1380      0     32          46   1380
     GPU 0  0.000  0.000  0.000  0.000  0.000  0.000  0.000  0.000               2088009               4259539           6           0       0.000       0.000     105.523         681102165   1380      0     32          46   1380
     GPU 0  0.000  0.000  0.000  0.000  0.000  0.000  0.000  0.000              12389157               9370479           6           0       0.000       0.000     105.523         681102165   1380      0     32          46   1380
     GPU 0  0.000  0.000  0.000  0.000  0.000  0.000  0.000  0.000               8125275               6859863           6           0       0.000       0.000     104.935         681112876   1380      0     32          46   1380
     GPU 0  0.000  0.000  0.000  0.000  0.000  0.000  0.000  0.000               2728542               1696158           6           0       0.000       0.000     104.935         681112876   1380      0     32          46   1380
     GPU 0  0.000  0.000  0.000  0.000  0.000  0.000  0.000  0.000               2728542               1696158           6           0       0.000       0.000     104.935         681112876   1380      0     32          45   1380
     GPU 0  0.000  0.000  0.000  0.000  0.000  0.000  0.000  0.000               2208705                163701           6           0       0.000       0.000     104.935         681112876   1380      0     32          45   1380
     GPU 0  0.000  0.000  0.000  0.000  0.000  0.000  0.000  0.000               2208705                163701           6           0       0.000       0.000     104.935         681112876   1380      0     32          45   1380
     GPU 0  0.000  0.000  0.000  0.000  0.000  0.000  0.000  0.000               2208705                163701           6           0       0.000       0.000     104.935         681112876   1380      0     32          45   1380

# Entity  GRACT  SMACT  SMOCC  TENSO  DRAMA  FP64A  FP32A  FP16A                 PCITX                 PCIRX       GPUTL       MCUTL       MUSAM       GUSAM       POWER             TOTEC  SACLK  PSTAT  TMPTR       MMTMP  SMCLK
      Id                                                                                                                                                               W                mJ                    C           C       
     GPU 0  0.000  0.000  0.000  0.000  0.000  0.000  0.000  0.000               2208705                163701           0           0       0.000       0.000     104.935         681112876   1380      0     32          45   1380
     GPU 0  0.000  0.000  0.000  0.000  0.000  0.000  0.000  0.000               7015632               3987833           0           0       0.000       0.000     104.935         681125578   1380      0     32          46   1380
     GPU 0  0.000  0.000  0.000  0.000  0.000  0.000  0.000  0.000               7637113               4322395           0           0       0.000       0.000     104.935         681125578   1380      0     32          46   1380
     GPU 0  0.000  0.000  0.000  0.000  0.000  0.000  0.000  0.000              10269915               6281959           0           0       0.000       0.000     104.693         681134033   1380      0     32          46   1380
     GPU 0  0.000  0.000  0.000  0.000  0.000  0.000  0.000  0.000              10298137               6613241           0           0       0.000       0.000     104.693         681134033   1380      0     32          45   1380
     GPU 0  0.000  0.000  0.000  0.000  0.000  0.000  0.000  0.000               8442171               4927868           0           0       0.000       0.000     104.693         681134033   1380      0     32          46   1380
     GPU 0  0.000  0.000  0.000  0.000  0.000  0.000  0.000  0.000               8442171               4927868           0           0       0.000       0.000     104.693         681134033   1380      0     32          45   1380
     GPU 0  0.000  0.000  0.000  0.000  0.000  0.000  0.000  0.000              10058261               6485159           0           0       0.000       0.000     104.693         681134033   1380      0     32          45   1380
     GPU 0  0.000  0.000  0.000  0.000  0.000  0.000  0.000  0.000              10778406               6264667           0           0       0.000       0.000     104.693         681144610   1380      0     31          46   1380
     GPU 0  0.000  0.000  0.000  0.000  0.000  0.000  0.000  0.000               3118673                696082           0           0       0.000       0.000     104.693         681144610   1380      0     31          45   1380
     GPU 0  0.000  0.000  0.000  0.000  0.000  0.000  0.000  0.000               3066022                316345           0           0       0.000       0.000     104.693         681144610   1380      0     31          45   1380
     GPU 0  0.000  0.000  0.000  0.000  0.000  0.000  0.000  0.000               2085837                163348           0           0       0.000       0.000     104.693         681144610   1380      0     31          45   1380
     GPU 0  0.000  0.000  0.000  0.000  0.000  0.000  0.000  0.000               2085837                163348           0           0       0.000       0.000     104.693         681144610   1380      0     31          45   1380
     GPU 0  0.000  0.000  0.000  0.000  0.000  0.000  0.000  0.000               4739604               2257508           0           0       0.000       0.000     104.402         681155116   1380      0     31          45   1380

# Entity  GRACT  SMACT  SMOCC  TENSO  DRAMA  FP64A  FP32A  FP16A                 PCITX                 PCIRX       GPUTL       MCUTL       MUSAM       GUSAM       POWER             TOTEC  SACLK  PSTAT  TMPTR       MMTMP  SMCLK
      Id                                                                                                                                                               W                mJ                    C           C       
     GPU 0  0.000  0.000  0.000  0.000  0.000  0.000  0.000  0.000               8065733               4380178           0           0       0.000       0.000     104.402         681155116   1380      0     31          45   1380
     GPU 0  0.000  0.000  0.000  0.000  0.000  0.000  0.000  0.000               9922619               6433043           0           0       0.000       0.000     104.402         681155116   1380      0     31          45   1380
     GPU 0  0.000  0.000  0.000  0.000  0.000  0.000  0.000  0.000              10412983               6914944           0           0       0.000       0.000     104.402         681155116   1380      0     31          45   1380
     GPU 0  0.000  0.000  0.000  0.000  0.000  0.000  0.000  0.000              10073202               6663738           0           0       0.000       0.000     104.402         681155116   1380      0     31          45   1380
     GPU 0  0.000  0.000  0.000  0.000  0.000  0.000  0.000  0.000              10073202               6663738           0           0       0.000       0.000     104.402         681165664   1380      0     31          45   1380
     GPU 0  0.000  0.000  0.000  0.000  0.000  0.000  0.000  0.000              10956853               6652990           0           0       0.000       0.000     104.402         681165664   1380      0     31          45   1380
     GPU 0  0.000  0.000  0.000  0.000  0.000  0.000  0.000  0.000               4821488               3641355           0           0       0.000       0.000     104.402         681165664   1380      0     31          45   1380
     GPU 0  0.000  0.000  0.000  0.000  0.000  0.000  0.000  0.000               1840359                163497           0           0       0.000       0.000     104.402         681165664   1380      0     31          45   1380
     GPU 0  0.000  0.000  0.000  0.000  0.000  0.000  0.000  0.000               1963784                 41868           0           0       0.000       0.000     104.402         681165664   1380      0     31          45   1380
     GPU 0  0.000  0.000  0.000  0.000  0.000  0.000  0.000  0.000               1963784                 41868           0           0       0.000       0.000     104.402         681176185   1380      0     31          45   1380
     GPU 0  0.000  0.000  0.000  0.000  0.000  0.000  0.000  0.000               5224247               2324813           0           0       0.000       0.000     104.402         681176185   1380      0     31          45   1380
     GPU 0  0.000  0.000  0.000  0.000  0.000  0.000  0.000  0.000               6486276               3513945           0           0       0.000       0.000     104.402         681176185   1380      0     31          45   1380
     GPU 0  0.000  0.000  0.000  0.000  0.000  0.000  0.000  0.000               6338182               4084779           0           0       0.000       0.000     104.402         681176185   1380      0     31          45   1380
     GPU 0  0.000  0.000  0.000  0.000  0.000  0.000  0.000  0.000               7217456               5228129           0           0       0.000       0.000     104.402         681176185   1380      0     31          45   1380

# Entity  GRACT  SMACT  SMOCC  TENSO  DRAMA  FP64A  FP32A  FP16A                 PCITX                 PCIRX       GPUTL       MCUTL       MUSAM       GUSAM       POWER             TOTEC  SACLK  PSTAT  TMPTR       MMTMP  SMCLK
      Id                                                                                                                                                               W                mJ                    C           C       
     GPU 0  0.000  0.000  0.000  0.000  0.000  0.000  0.000  0.000               7217456               5228129           0           0       0.000       0.000     104.402         681186714   1380      0     31          45   1380
     GPU 0  0.000  0.000  0.000  0.000  0.000  0.000  0.000  0.000               7703846               4946800           0           0       0.000       0.000     104.402         681186714   1380      0     31          45   1380
     GPU 0  0.000  0.000  0.000  0.000  0.000  0.000  0.000  0.000               5047311               4053024           0           0       0.000       0.000     104.402         681186714   1380      0     31          45   1380
     GPU 0  0.000  0.000  0.000  0.000  0.000  0.000  0.000  0.000               2089685                163665           0           0       0.000       0.000     104.402         681186714   1380      0     31          45   1380
     GPU 0  0.000  0.000  0.000  0.000  0.000  0.000  0.000  0.000               3740545               1490629           0           0       0.000       0.000     104.402         681186714   1380      0     31          45   1380
     GPU 0  0.000  0.000  0.000  0.000  0.000  0.000  0.000  0.000               3740545               1490629           0           0       0.000       0.000     104.402         681197214   1380      0     31          45   1380
     GPU 0  0.000  0.000  0.000  0.000  0.000  0.000  0.000  0.000               3883532               1811338           0           0       0.000       0.000     104.402         681197214   1380      0     31          45   1380
     GPU 0  0.000  0.000  0.000  0.000  0.000  0.000  0.000  0.000               5630973               3321162           0           0       0.000       0.000     104.402         681197214   1380      0     31          45   1380
     GPU 0  0.000  0.000  0.000  0.000  0.000  0.000  0.000  0.000               7459649               5374608           0           0       0.000       0.000     104.402         681197214   1380      0     31          45   1380
     GPU 0  0.000  0.000  0.000  0.000  0.000  0.000  0.000  0.000              10424434               6862419           0           0       0.000       0.000     104.402         681197214   1380      0     31          45   1380
     GPU 0  0.000  0.000  0.000  0.000  0.000  0.000  0.000  0.000              11584664               7689849           0           0       0.000       0.000     104.402         681207782   1380      0     31          45   1380
     GPU 0  0.000  0.000  0.000  0.000  0.000  0.000  0.000  0.000              11584664               7689849           0           0       0.000       0.000     104.402         681207782   1380      0     31          45   1380
     GPU 0  0.000  0.000  0.000  0.000  0.000  0.000  0.000  0.000               9646246               5230851           0           0       0.000       0.000     104.402         681207782   1380      0     31          45   1380
     GPU 0  0.000  0.000  0.000  0.000  0.000  0.000  0.000  0.000              10174871               6649952           0           0       0.000       0.000     104.402         681207782   1380      0     31          45   1380

# Entity  GRACT  SMACT  SMOCC  TENSO  DRAMA  FP64A  FP32A  FP16A                 PCITX                 PCIRX       GPUTL       MCUTL       MUSAM       GUSAM       POWER             TOTEC  SACLK  PSTAT  TMPTR       MMTMP  SMCLK
      Id                                                                                                                                                               W                mJ                    C           C       
     GPU 0  0.000  0.000  0.000  0.000  0.000  0.000  0.000  0.000               7970060               5537598           0           0       0.000       0.000     104.402         681207782   1380      0     31          45   1380
     GPU 0  0.000  0.000  0.000  0.000  0.000  0.000  0.000  0.000               7550113               4344428           0           0       0.000       0.000     104.402         681218289   1380      0     31          45   1380
     GPU 0  0.000  0.000  0.000  0.000  0.000  0.000  0.000  0.000               7550113               4344428           0           0       0.000       0.000     104.402         681218289   1380      0     31          45   1380
     GPU 0  0.000  0.000  0.000  0.000  0.000  0.000  0.000  0.000               3403660                442644           0           0       0.000       0.000     104.402         681218289   1380      0     31          45   1380
     GPU 0  0.000  0.000  0.000  0.000  0.000  0.000  0.000  0.000               3296678                274723           0           0       0.000       0.000     104.402         681218289   1380      0     31          45   1380
     GPU 0  0.000  0.000  0.000  0.000  0.000  0.000  0.000  0.000               4163014               1880991           0           0       0.000       0.000     104.402         681218289   1380      0     31          45   1380
     GPU 0  0.000  0.000  0.000  0.000  0.000  0.000  0.000  0.000              16595749               8750486           0           0       0.000       0.000     104.160         681228898   1380      0     31          45   1380
     GPU 0  0.000  0.000  0.000  0.000  0.000  0.000  0.000  0.000              10657021               7075132           0           0       0.000       0.000     104.160         681228898   1380      0     31          45   1380
     GPU 0  0.000  0.000  0.000  0.000  0.000  0.000  0.000  0.000               7014805               2993993           0           0       0.000       0.000     104.160         681228898   1380      0     31          45   1380
     GPU 0  0.000  0.000  0.000  0.000  0.000  0.000  0.000  0.000               6163647               3672672           0           0       0.000       0.000     104.160         681228898   1380      0     31          45   1380
     GPU 0  0.000  0.000  0.000  0.000  0.000  0.000  0.000  0.000               6163647               3672672           0           0       0.000       0.000     104.160         681228898   1380      0     31          45   1380
