# Entity  GRACT  SMACT  SMOCC  TENSO  DRAMA  FP64A  FP32A  FP16A                 PCITX                 PCIRX       GPUTL       MCUTL       MUSAM       GUSAM       POWER             TOTEC  SACLK  PSTAT  TMPTR       MMTMP  SMCLK
      Id                                                                                                                                                               W                mJ                    C           C       
     GPU 0  0.000  0.000  0.000  0.000  0.000  0.000  0.000  0.000             106408706               9673518           0           0       0.000       0.000      77.850        1343702699   1335      0     27          43    210
     GPU 0  0.000  0.000  0.000  0.000  0.000  0.000  0.000  0.000               9135246               5127523           0           0       0.000       0.000      77.850        1343702699   1335      0     27          44    210
     GPU 0  0.000  0.000  0.000  0.000  0.000  0.000  0.000  0.000               9135246               5127523           0           0       0.000       0.000      77.850        1343702699   1335      0     27          43    210
     GPU 0  0.000  0.000  0.000  0.000  0.000  0.000  0.000  0.000               9108820               6170827           0           0       0.000       0.000      77.850        1343702699   1335      0     27          44    210
     GPU 0  0.000  0.000  0.000  0.000  0.000  0.000  0.000  0.000               5727702               3238200           0           0       0.000       0.000      77.850        1343702699   1335      0     27          43    210
     GPU 0  0.000  0.000  0.000  0.000  0.000  0.000  0.000  0.000               6960286               4298491           0           0       0.000       0.000      78.383        1343702699   1335      0     27          43    210
     GPU 0  0.000  0.000  0.000  0.000  0.000  0.000  0.000  0.000               6960286               4298491           0           0       0.000       0.000      78.383        1343710628   1335      0     27          43    210
     GPU 0  0.000  0.000  0.000  0.000  0.000  0.000  0.000  0.000               3506829               2276396           0           0       0.000       0.000      78.383        1343710628   1335      0     27          43    210
     GPU 0  0.000  0.000  0.000  0.000  0.000  0.000  0.000  0.000               3065571                233018           0           0       0.000       0.000      78.383        1343710628   1335      0     27          44    210
     GPU 0  0.000  0.000  0.000  0.000  0.000  0.000  0.000  0.000               5229589               1769004           0           0       0.000       0.000      78.383        1343710628   1335      0     27          43    210
     GPU 0  0.000  0.000  0.000  0.000  0.000  0.000  0.000  0.000               4591468               1984210           0           0       0.000       0.000      79.165        1343710628   1335      0     27          44    210
     GPU 0  0.000  0.000  0.000  0.000  0.000  0.000  0.000  0.000               4591468               1984210           0           0       0.000       0.000      79.165        1343718596   1335      0     27          43    210
     GPU 0  0.000  0.000  0.000  0.000  0.000  0.000  0.000  0.000               7160827               4308430           0           0       0.000       0.000      79.165        1343718596   1335      0     27          43    210
     GPU 0  0.000  0.000  0.000  0.000  0.000  0.000  0.000  0.000               7111864               4462556           0           0       0.000       0.000      79.165        1343718596   1335      0     27          44    210
     GPU 0  0.000  0.000  0.000  0.000  0.000  0.000  0.000  0.000               8939408               6294603           0           0       0.000       0.000      79.165        1343718596   1335      0     27          44    210

# Entity  GRACT  SMACT  SMOCC  TENSO  DRAMA  FP64A  FP32A  FP16A                 PCITX                 PCIRX       GPUTL       MCUTL       MUSAM       GUSAM       POWER             TOTEC  SACLK  PSTAT  TMPTR       MMTMP  SMCLK
      Id                                                                                                                                                               W                mJ                    C           C       
     GPU 0  0.000  0.000  0.000  0.000  0.000  0.000  0.000  0.000               8939408               6294603           0           0       0.000       0.000      78.383        1343718596   1335      0     27          43    210
     GPU 0  0.000  0.000  0.000  0.000  0.000  0.000  0.000  0.000               9964501               5850247           0           0       0.000       0.000      78.383        1343726783   1335      0     27          43    210
     GPU 0  0.000  0.000  0.000  0.000  0.000  0.000  0.000  0.000               3335793               1167622           0           0       0.000       0.000      78.383        1343726783   1335      0     27          44    210
     GPU 0  0.000  0.000  0.000  0.000  0.000  0.000  0.000  0.000               5769730               3457506           0           0       0.000       0.000      78.383        1343726783   1335      0     27          44    210
     GPU 0  0.000  0.000  0.000  0.000  0.000  0.000  0.000  0.000               5086211               3294094           0           0       0.000       0.000      78.383        1343726783   1335      0     27          43    210
     GPU 0  0.000  0.000  0.000  0.000  0.000  0.000  0.000  0.000               5086211               3294094           0           0       0.000       0.000      78.383        1343734465   1335      0     27          43    210
     GPU 0  0.000  0.000  0.000  0.000  0.000  0.000  0.000  0.000               7470753               4584565           0           0       0.000       0.000      78.632        1343734465   1335      0     27          44    210
     GPU 0  0.000  0.000  0.000  0.000  0.000  0.000  0.000  0.000               7615700               5356316           0           0       0.000       0.000      78.632        1343734465   1335      0     27          43    210
     GPU 0  0.000  0.000  0.000  0.000  0.000  0.000  0.000  0.000               6948918               5751556           0           0       0.000       0.000      78.632        1343734465   1335      0     27          44    210
     GPU 0  0.000  0.000  0.000  0.000  0.000  0.000  0.000  0.000               6948918               5751556           0           0       0.000       0.000      78.632        1343734465   1335      0     27          43    210
     GPU 0  0.000  0.000  0.000  0.000  0.000  0.000  0.000  0.000               6948918               5751556           0           0       0.000       0.000      78.383        1343742429   1335      0     27          43    210
     GPU 0  0.000  0.000  0.000  0.000  0.000  0.000  0.000  0.000               5435057               5279612           0           0       0.000       0.000      78.383        1343742429   1335      0     27          43    210
     GPU 0  0.000  0.000  0.000  0.000  0.000  0.000  0.000  0.000               6862929               6779235           0           0       0.000       0.000      78.383        1343742429   1335      0     27          43    210
     GPU 0  0.000  0.000  0.000  0.000  0.000  0.000  0.000  0.000               9213481              23988254           0           0       0.000       0.000      78.383        1343742429   1335      0     27          43    210

# Entity  GRACT  SMACT  SMOCC  TENSO  DRAMA  FP64A  FP32A  FP16A                 PCITX                 PCIRX       GPUTL       MCUTL       MUSAM       GUSAM       POWER             TOTEC  SACLK  PSTAT  TMPTR       MMTMP  SMCLK
      Id                                                                                                                                                               W                mJ                    C           C       
     GPU 0  0.000  0.000  0.000  0.000  0.000  0.000  0.000  0.000               4265952              16310996           0           0       0.000       0.000      78.383        1343742429   1335      0     27          44    210
     GPU 0  0.000  0.000  0.000  0.000  0.000  0.000  0.000  0.000               5735512               4601015           0           0       0.000       0.000      78.383        1343742429   1335      0     27          44    210
     GPU 0  0.000  0.000  0.000  0.000  0.000  0.000  0.000  0.000               5735512               4601015           0           0       0.000       0.000      78.092        1343750339   1335      0     27          44    210
     GPU 0  0.000  0.000  0.000  0.000  0.000  0.000  0.000  0.000               3398840               2652753           0           0       0.000       0.000      78.092        1343750339   1335      0     27          44    210
     GPU 0  0.000  0.000  0.000  0.000  0.000  0.000  0.000  0.000                956805                736004           0           0       0.000       0.000      78.092        1343750339   1335      0     27          43    210
     GPU 0  0.000  0.000  0.000  0.000  0.000  0.000  0.000  0.000               1659794               2821649           0           0       0.000       0.000      78.092        1343750339   1335      0     27          43    210
     GPU 0  0.000  0.000  0.000  0.000  0.000  0.000  0.000  0.000               1659794               2821649           0           0       0.000       0.000      78.092        1343750339   1335      0     27          44    210
     GPU 0  0.000  0.000  0.000  0.000  0.000  0.000  0.000  0.000              11459576               7292457           0           0       0.000       0.000      78.632        1343758297   1335      0     27          43    210
     GPU 0  0.000  0.000  0.000  0.000  0.000  0.000  0.000  0.000               1900246               1979423           0           0       0.000       0.000      78.632        1343758297   1335      0     27          44    210
     GPU 0  0.000  0.000  0.000  0.000  0.000  0.000  0.000  0.000               2332823               3582549           0           0       0.000       0.000      78.632        1343758297   1335      0     27          43    210
     GPU 0  0.000  0.000  0.000  0.000  0.000  0.000  0.000  0.000               2332823               3582549           0           0       0.000       0.000      78.632        1343758297   1335      0     27          43    210
     GPU 0  0.000  0.000  0.000  0.000  0.000  0.000  0.000  0.000               2332823               3582549           0           0       0.000       0.000      78.632        1343758297   1335      0     27          43    210
     GPU 0  0.000  0.000  0.000  0.000  0.000  0.000  0.000  0.000               8060916               5355911           0           0       0.000       0.000      78.632        1343758297   1335      0     27          43    210
     GPU 0  0.000  0.000  0.000  0.000  0.000  0.000  0.000  0.000               1313690               4299349           0           0       0.000       0.000      78.632        1343766223   1335      0     27          43    210

# Entity  GRACT  SMACT  SMOCC  TENSO  DRAMA  FP64A  FP32A  FP16A                 PCITX                 PCIRX       GPUTL       MCUTL       MUSAM       GUSAM       POWER             TOTEC  SACLK  PSTAT  TMPTR       MMTMP  SMCLK
      Id                                                                                                                                                               W                mJ                    C           C       
     GPU 0  0.000  0.000  0.000  0.000  0.000  0.000  0.000  0.000               7345872             329569529           0           0       0.000       0.000      78.632        1343766223   1335      0     27          44    210
     GPU 0  0.000  0.000  0.000  0.000  0.000  0.000  0.000  0.000               5643621              19005726           0           0       0.000       0.000      78.632        1343766223   1335      0     27          43    210
     GPU 0  0.000  0.000  0.000  0.000  0.000  0.000  0.000  0.000               5643621              19005726           3           0       0.000       2.000      78.632        1343766223   1335      0     27          43    210
     GPU 0  0.000  0.000  0.000  0.000  0.000  0.000  0.000  0.000               5830964              19825279           3           0       0.000       2.000      78.632        1343774356   1335      0     27          43   1335
     GPU 0  0.102  0.000  0.000  0.000  0.000  0.000  0.000  0.000              19003986              50942358           3           0       0.000       2.000      78.632        1343774356   1335      0     27          43   1335
     GPU 0  0.102  0.000  0.000  0.000  0.000  0.000  0.000  0.000              19003986              50942358           3           0       0.000       2.000      78.632        1343774356   1335      0     27          43   1335
     GPU 0  0.022  0.000  0.000  0.000  0.001  0.000  0.000  0.000             201107862            1756703954           3           0       0.000       2.000      78.632        1343774356   1335      0     27          44   1335
     GPU 0  0.926  0.000  0.000  0.000  0.002  0.000  0.000  0.000              53596338             402783584           3           0       0.000       2.000      78.632        1343786868   1335      0     29          43   1335
     GPU 0  1.000  0.944  0.754  0.000  0.002  0.000  0.607  0.000               9567908               6988161           3           0       0.000       2.000     227.860        1343786868   1335      0     29          44   1335
     GPU 0  1.000  0.947  0.744  0.000  0.002  0.000  0.625  0.000              12147620               8494414           3           0       0.000       2.000     227.860        1343786868   1335      0     31          43   1335
     GPU 0  1.000  0.000  0.000  0.000  0.002  0.000  0.000  0.000              10927383               7072836           3           0       0.000       2.000     227.860        1343786868   1335      0     33          43   1335
     GPU 0  1.000  0.955  0.775  0.000  0.002  0.000  0.635  0.000               2336531               1646771           3           0       0.000       2.000     227.860        1343786868   1335      0     33          43   1335
     GPU 0  1.000  0.000  0.000  0.000  0.002  0.000  0.000  0.000               8619258               5897387           3           0       0.000       2.000     227.860        1343811892   1335      0     33          43   1335
     GPU 0  1.000  0.000  0.000  0.000  0.002  0.000  0.000  0.000               8619258               5897387          72           0       0.000      71.000     248.951        1343811892   1335      0     34          43   1335

# Entity  GRACT  SMACT  SMOCC  TENSO  DRAMA  FP64A  FP32A  FP16A                 PCITX                 PCIRX       GPUTL       MCUTL       MUSAM       GUSAM       POWER             TOTEC  SACLK  PSTAT  TMPTR       MMTMP  SMCLK
      Id                                                                                                                                                               W                mJ                    C           C       
     GPU 0  1.000  0.946  0.763  0.000  0.002  0.000  0.629  0.000              10726506               7149247          72           0       0.000      71.000     248.951        1343811892   1335      0     34          43   1335
     GPU 0  1.000  0.947  0.763  0.000  0.002  0.000  0.619  0.000              11047017               7382039          72           0       0.000      71.000     248.951        1343811892   1335      0     35          43   1335
     GPU 0  1.000  0.000  0.000  0.000  0.002  0.000  0.000  0.000               3662644               2028228          72           0       0.000      71.000     248.951        1343811892   1335      0     35          43   1335
     GPU 0  1.000  0.000  0.000  0.000  0.002  0.000  0.000  0.000               3662644               2028228          72           0       0.000      71.000     248.951        1343811892   1335      0     35          44   1335
     GPU 0  1.000  0.945  0.748  0.000  0.002  0.000  0.611  0.000               2255351               1610920          72           0       0.000      71.000     249.241        1343837015   1335      0     35          44   1335
     GPU 0  1.000  0.953  0.785  0.000  0.002  0.000  0.635  0.000               3639717               1897024          72           0       0.000      71.000     249.241        1343837015   1335      0     36          44   1335
     GPU 0  1.000  0.000  0.000  0.000  0.002  0.000  0.000  0.000               2247063               1646163          72           0       0.000      71.000     249.241        1343837015   1335      0     36          44   1335
     GPU 0  1.000  0.949  0.757  0.000  0.002  0.000  0.617  0.000               4717821               3714314          72           0       0.000      71.000     249.241        1343837015   1335      0     36          44   1335
     GPU 0  1.000  0.957  0.751  0.000  0.002  0.000  0.633  0.000               6900701               4906741          72           0       0.000      71.000     249.241        1343837015   1335      0     36          44   1335
     GPU 0  1.000  0.957  0.751  0.000  0.002  0.000  0.633  0.000               6900701               4906741          72           0       0.000      71.000     249.241        1343862695   1335      0     36          44   1335
     GPU 0  1.000  0.957  0.751  0.000  0.002  0.000  0.633  0.000               6900701               4906741          72           0       0.000      71.000     252.500        1343862695   1335      0     36          44   1335
     GPU 0  1.000  0.957  0.751  0.000  0.002  0.000  0.633  0.000               6900701               4906741         100           0       0.000      71.000     252.500        1343862695   1335      0     36          44   1335
     GPU 0  1.000  0.000  0.000  0.000  0.002  0.000  0.000  0.000              18142680              10509479         100           0       0.000      99.000     252.500        1343862695   1335      0     37          44   1335
     GPU 0  1.000  0.946  0.759  0.000  0.002  0.000  0.626  0.000               9439759               6322339         100           0       0.000      99.000     252.500        1343862695   1335      0     37          44   1335

# Entity  GRACT  SMACT  SMOCC  TENSO  DRAMA  FP64A  FP32A  FP16A                 PCITX                 PCIRX       GPUTL       MCUTL       MUSAM       GUSAM       POWER             TOTEC  SACLK  PSTAT  TMPTR       MMTMP  SMCLK
      Id                                                                                                                                                               W                mJ                    C           C       
     GPU 0  1.000  0.000  0.000  0.000  0.002  0.000  0.000  0.000              13695473               9276609         100           0       0.000      99.000     244.919        1343887835   1335      0     37          44   1335
     GPU 0  1.000  0.000  0.000  0.000  0.002  0.000  0.000  0.000              13695473               9276609         100           0       0.000      99.000     244.919        1343887835   1335      0     37          44   1335
     GPU 0  1.000  0.944  0.744  0.000  0.002  0.000  0.605  0.000               7570332               6336836         100           0       0.000      99.000     244.919        1343887835   1335      0     37          44   1335
     GPU 0  1.000  0.953  0.782  0.000  0.002  0.000  0.634  0.000               3843811               3158371         100           0       0.000      99.000     244.919        1343887835   1335      0     37          44   1335
     GPU 0  1.000  0.000  0.000  0.000  0.002  0.000  0.000  0.000               2260096               1570258         100           0       0.000      99.000     244.919        1343912578   1335      0     37          44   1335
     GPU 0  1.000  0.950  0.768  0.000  0.002  0.000  0.626  0.000               8482327               5004428         100           0       0.000      99.000     246.279        1343912578   1335      0     37          44   1335
     GPU 0  1.000  0.947  0.758  0.000  0.002  0.000  0.616  0.000               4596599               3498890         100           0       0.000      99.000     246.279        1343912578   1335      0     37          44   1335
     GPU 0  1.000  0.947  0.758  0.000  0.002  0.000  0.616  0.000               4596599               3498890         100           0       0.000      99.000     246.279        1343912578   1335      0     37          44   1335
     GPU 0  1.000  0.000  0.000  0.000  0.002  0.000  0.000  0.000               7378781               5550475         100           0       0.000      99.000     246.279        1343912578   1335      0     38          44   1335
     GPU 0  1.000  0.946  0.758  0.000  0.002  0.000  0.625  0.000               9385630               6974863         100           0       0.000      99.000     246.279        1343912578   1335      0     38          44   1335
     GPU 0  1.000  0.946  0.760  0.000  0.002  0.000  0.625  0.000               4598937               4641017         100           0       0.000      99.000     244.919        1343937415   1335      0     38          44   1335
     GPU 0  1.000  0.946  0.760  0.000  0.002  0.000  0.625  0.000               4598937               4641017         100           0       0.000      99.000     244.919        1343937415   1335      0     38          44   1335
     GPU 0  1.000  0.000  0.000  0.000  0.002  0.000  0.000  0.000               2256099               1855677         100           0       0.000      99.000     244.919        1343937415   1335      0     38          44   1335
     GPU 0  1.000  0.947  0.761  0.000  0.002  0.000  0.627  0.000               5172427               3866097         100           0       0.000      99.000     244.919        1343937415   1335      0     38          44   1335

# Entity  GRACT  SMACT  SMOCC  TENSO  DRAMA  FP64A  FP32A  FP16A                 PCITX                 PCIRX       GPUTL       MCUTL       MUSAM       GUSAM       POWER             TOTEC  SACLK  PSTAT  TMPTR       MMTMP  SMCLK
      Id                                                                                                                                                               W                mJ                    C           C       
     GPU 0  1.000  0.941  0.728  0.000  0.002  0.000  0.594  0.000               5354922               3952783         100           0       0.000      99.000     244.919        1343937415   1335      0     38          44   1335
     GPU 0  1.000  0.941  0.728  0.000  0.002  0.000  0.594  0.000               5354922               3952783         100           0       0.000      99.000     244.919        1343962562   1335      0     38          44   1335
     GPU 0  1.000  0.941  0.728  0.000  0.002  0.000  0.594  0.000               5354922               3952783         100           0       0.000      99.000     244.919        1343962562   1335      0     38          44   1335
     GPU 0  1.000  0.941  0.728  0.000  0.002  0.000  0.594  0.000               5354922               3952783         100           0       0.000      99.000     244.919        1343962562   1335      0     38          44   1335
     GPU 0  1.000  0.000  0.000  0.000  0.002  0.000  0.000  0.000              18217364              10599783         100           0       0.000      99.000     244.919        1343962562   1335      0     38          44   1335
     GPU 0  1.000  0.938  0.752  0.000  0.002  0.000  0.619  0.000              10410655               7058004         100           0       0.000      99.000     244.919        1343962562   1335      0     38          45   1335
     GPU 0  1.000  0.938  0.752  0.000  0.002  0.000  0.619  0.000              10410655               7058004         100           0       0.000      99.000     245.990        1343987394   1335      0     38          45   1335
     GPU 0  1.000  0.000  0.000  0.000  0.002  0.000  0.000  0.000              12010588               8510952         100           0       0.000      99.000     245.990        1343987394   1335      0     38          45   1335
     GPU 0  1.000  0.945  0.766  0.000  0.002  0.000  0.625  0.000               4040870               4258695         100           0       0.000      99.000     245.990        1343987394   1335      0     38          45   1335
     GPU 0  1.000  0.952  0.729  0.000  0.002  0.000  0.625  0.000               5817899               4385748         100           0       0.000      99.000     245.990        1343987394   1335      0     39          45   1335
     GPU 0  1.000  0.000  0.000  0.000  0.002  0.000  0.000  0.000               5285139               3572360         100           0       0.000      99.000     245.990        1343987394   1335      0     39          45   1335
     GPU 0  1.000  0.943  0.758  0.000  0.002  0.000  0.623  0.000               9122807               5981027         100           0       0.000      99.000     245.693        1344012686   1335      0     39          45   1335
     GPU 0  1.000  0.943  0.743  0.000  0.002  0.000  0.622  0.000              10355005               7712634         100           0       0.000      99.000     245.693        1344012686   1335      0     39          45   1335
     GPU 0  1.000  0.943  0.743  0.000  0.002  0.000  0.622  0.000              10355005               7712634         100           0       0.000      99.000     245.693        1344012686   1335      0     39          45   1335

# Entity  GRACT  SMACT  SMOCC  TENSO  DRAMA  FP64A  FP32A  FP16A                 PCITX                 PCIRX       GPUTL       MCUTL       MUSAM       GUSAM       POWER             TOTEC  SACLK  PSTAT  TMPTR       MMTMP  SMCLK
      Id                                                                                                                                                               W                mJ                    C           C       
     GPU 0  1.000  0.000  0.000  0.000  0.002  0.000  0.000  0.000              10863963               8305939         100           0       0.000      99.000     245.693        1344012686   1335      0     39          45   1335
     GPU 0  1.000  0.954  0.767  0.000  0.002  0.000  0.630  0.000              10617957               8098412         100           0       0.000      99.000     245.693        1344012686   1335      0     39          45   1335
     GPU 0  1.000  0.947  0.746  0.000  0.002  0.000  0.624  0.000              11565596               8588571         100           0       0.000      99.000     248.171        1344037052   1335      0     39          45   1335
     GPU 0  1.000  0.000  0.000  0.000  0.002  0.000  0.000  0.000              11600812               8667188         100           0       0.000      99.000     248.171        1344037052   1335      0     39          45   1335
     GPU 0  1.000  0.000  0.000  0.000  0.002  0.000  0.000  0.000              11600812               8667188         100           0       0.000      99.000     248.171        1344037052   1335      0     39          45   1335
     GPU 0  1.000  0.952  0.760  0.000  0.002  0.000  0.632  0.000              11591220               8664968         100           0       0.000      99.000     248.171        1344037052   1335      0     39          45   1335
     GPU 0  1.000  0.945  0.766  0.000  0.002  0.000  0.605  0.000               5432179               5557761         100           0       0.000      99.000     248.171        1344037052   1335      0     39          45   1335
     GPU 0  1.000  0.000  0.000  0.000  0.001  0.000  0.000  0.000               3774403               1789889         100           0       0.000      99.000     245.990        1344061954   1335      0     39          45   1335
     GPU 0  1.000  0.942  0.746  0.000  0.002  0.000  0.621  0.000               5983904               3582131         100           0       0.000      99.000     245.990        1344061954   1335      0     39          45   1335
     GPU 0  1.000  0.951  0.739  0.000  0.002  0.000  0.627  0.000               6619203               4762773         100           0       0.000      99.000     245.990        1344061954   1335      0     39          45   1335
     GPU 0  1.000  0.951  0.739  0.000  0.002  0.000  0.627  0.000               6619203               4762773         100           0       0.000      99.000     245.990        1344061954   1335      0     39          45   1335
     GPU 0  1.000  0.000  0.000  0.000  0.002  0.000  0.000  0.000               8778360               6538150         100           0       0.000      99.000     245.990        1344061954   1335      0     39          45   1335
     GPU 0  1.000  0.944  0.753  0.000  0.002  0.000  0.605  0.000               7326733               6154776         100           0       0.000      99.000     245.990        1344086667   1335      0     39          45   1335
     GPU 0  1.000  0.947  0.752  0.000  0.002  0.000  0.607  0.000               6003795               4500157         100           0       0.000      99.000     245.990        1344086667   1335      0     39          45   1335

# Entity  GRACT  SMACT  SMOCC  TENSO  DRAMA  FP64A  FP32A  FP16A                 PCITX                 PCIRX       GPUTL       MCUTL       MUSAM       GUSAM       POWER             TOTEC  SACLK  PSTAT  TMPTR       MMTMP  SMCLK
      Id                                                                                                                                                               W                mJ                    C           C       
     GPU 0  1.000  0.947  0.752  0.000  0.002  0.000  0.607  0.000               6003795               4500157         100           0       0.000      99.000     245.990        1344086667   1335      0     39          45   1335
     GPU 0  1.000  0.000  0.000  0.000  0.002  0.000  0.000  0.000               9785462               7499231         100           0       0.000      99.000     245.990        1344086667   1335      0     39          45   1335
     GPU 0  1.000  0.953  0.769  0.000  0.002  0.000  0.633  0.000              11414104               9030296         100           0       0.000      99.000     245.990        1344086667   1335      0     39          45   1335
     GPU 0  1.000  0.953  0.754  0.000  0.002  0.000  0.618  0.000              11287004               8216910         100           0       0.000      99.000     246.279        1344111674   1335      0     39          45   1335
     GPU 0  1.000  0.000  0.000  0.000  0.002  0.000  0.000  0.000              10910316               8443509         100           0       0.000      99.000     246.279        1344111674   1335      0     40          45   1335
     GPU 0  1.000  0.953  0.763  0.000  0.002  0.000  0.633  0.000              10501606               7935627         100           0       0.000      99.000     246.279        1344111674   1335      0     40          45   1335
     GPU 0  1.000  0.943  0.737  0.000  0.002  0.000  0.620  0.000               6306963               5496787         100           0       0.000      99.000     246.279        1344111674   1335      0     40          45   1335
     GPU 0  1.000  0.943  0.737  0.000  0.002  0.000  0.620  0.000               6306963               5496787         100           0       0.000      99.000     246.279        1344111674   1335      0     40          45   1335
     GPU 0  1.000  0.000  0.000  0.000  0.002  0.000  0.000  0.000               3465421               2235829         100           0       0.000      99.000     247.060        1344136559   1335      0     40          45   1335
     GPU 0  1.000  0.947  0.747  0.000  0.002  0.000  0.612  0.000               7989266               5732755         100           0       0.000      99.000     247.060        1344136559   1335      0     40          45   1335
     GPU 0  1.000  0.000  0.000  0.000  0.002  0.000  0.000  0.000               2132488               1695171         100           0       0.000      99.000     247.060        1344136559   1335      0     40          45   1335
     GPU 0  1.000  0.953  0.755  0.000  0.002  0.000  0.614  0.000               2381366               1612041         100           0       0.000      99.000     247.060        1344136559   1335      0     40          45   1335
     GPU 0  1.000  0.946  0.734  0.000  0.002  0.000  0.621  0.000               5183659               3775329         100           0       0.000      99.000     247.060        1344136559   1335      0     40          45   1335
     GPU 0  1.000  0.000  0.000  0.000  0.002  0.000  0.000  0.000               8538410               5605117         100           0       0.000      99.000     244.629        1344161468   1335      0     40          45   1335

# Entity  GRACT  SMACT  SMOCC  TENSO  DRAMA  FP64A  FP32A  FP16A                 PCITX                 PCIRX       GPUTL       MCUTL       MUSAM       GUSAM       POWER             TOTEC  SACLK  PSTAT  TMPTR       MMTMP  SMCLK
      Id                                                                                                                                                               W                mJ                    C           C       
     GPU 0  1.000  0.000  0.000  0.000  0.002  0.000  0.000  0.000               8538410               5605117         100           0       0.000      99.000     244.629        1344161468   1335      0     40          45   1335
     GPU 0  1.000  0.949  0.760  0.000  0.002  0.000  0.628  0.000               8584236               6296668         100           0       0.000      99.000     244.629        1344161468   1335      0     40          45   1335
     GPU 0  1.000  0.954  0.754  0.000  0.002  0.000  0.614  0.000              10607685               8107320         100           0       0.000      99.000     244.629        1344161468   1335      0     40          45   1335
     GPU 0  1.000  0.000  0.000  0.000  0.002  0.000  0.000  0.000               8669009               6555097         100           0       0.000      99.000     244.629        1344161468   1335      0     40          45   1335
     GPU 0  1.000  0.000  0.000  0.000  0.002  0.000  0.000  0.000               8669009               6555097         100           0       0.000      99.000     246.521        1344186265   1335      0     40          45   1335
     GPU 0  1.000  0.945  0.756  0.000  0.002  0.000  0.606  0.000               1423763               2010018         100           0       0.000      99.000     246.521        1344186265   1335      0     40          45   1335
     GPU 0  1.000  0.000  0.000  0.000  0.002  0.000  0.000  0.000               9594941               7451768         100           0       0.000      99.000     246.521        1344186265   1335      0     40          45   1335
     GPU 0  1.000  0.937  0.752  0.000  0.002  0.000  0.601  0.000               3945823               3507485         100           0       0.000      99.000     246.521        1344186265   1335      0     40          45   1335
     GPU 0  1.000  0.955  0.785  0.000  0.002  0.000  0.635  0.000               2257589               1530219         100           0       0.000      99.000     246.521        1344186265   1335      0     40          45   1335
     GPU 0  1.000  0.000  0.000  0.000  0.002  0.000  0.000  0.000               7057272               4193027         100           0       0.000      99.000     246.811        1344186265   1335      0     40          45   1335
     GPU 0  1.000  0.953  0.767  0.000  0.002  0.000  0.633  0.000               6837181               5097586         100           0       0.000      99.000     246.811        1344211819   1335      0     40          45   1335
     GPU 0  1.000  0.953  0.767  0.000  0.002  0.000  0.633  0.000               6837181               5097586         100           0       0.000      99.000     246.811        1344211819   1335      0     40          45   1335
     GPU 0  1.000  0.950  0.765  0.000  0.002  0.000  0.614  0.000               8830442               6574827         100           0       0.000      99.000     246.811        1344211819   1335      0     40          45   1335
     GPU 0  1.000  0.000  0.000  0.000  0.002  0.000  0.000  0.000               9090291               7499070         100           0       0.000      99.000     246.811        1344211819   1335      0     40          45   1335

# Entity  GRACT  SMACT  SMOCC  TENSO  DRAMA  FP64A  FP32A  FP16A                 PCITX                 PCIRX       GPUTL       MCUTL       MUSAM       GUSAM       POWER             TOTEC  SACLK  PSTAT  TMPTR       MMTMP  SMCLK
      Id                                                                                                                                                               W                mJ                    C           C       
     GPU 0  1.000  0.949  0.755  0.000  0.002  0.000  0.625  0.000               9587685               7201188         100           0       0.000      99.000     248.171        1344236163   1335      0     40          45   1335
     GPU 0  1.000  0.949  0.755  0.000  0.002  0.000  0.625  0.000               9587685               7201188         100           0       0.000      99.000     248.171        1344236163   1335      0     40          46   1335
     GPU 0  1.000  0.945  0.754  0.000  0.002  0.000  0.624  0.000               8956299               6391021         100           0       0.000      99.000     248.171        1344236163   1335      0     40          46   1335
     GPU 0  1.000  0.000  0.000  0.000  0.002  0.000  0.000  0.000              12287922               9205410         100           0       0.000      99.000     248.171        1344236163   1335      0     40          46   1335
     GPU 0  1.000  0.948  0.772  0.000  0.002  0.000  0.630  0.000               5485174               4447914         100           0       0.000      99.000     248.171        1344236163   1335      0     40          45   1335
     GPU 0  1.000  0.948  0.772  0.000  0.002  0.000  0.630  0.000               5485174               4447914         100           0       0.000      99.000     245.161        1344261181   1335      0     40          46   1335
     GPU 0  1.000  0.930  0.770  0.000  0.002  0.000  0.617  0.000               3700343               1835324         100           0       0.000      99.000     245.161        1344261181   1335      0     40          45   1335
     GPU 0  1.000  0.000  0.000  0.000  0.001  0.000  0.000  0.000               6678672               3381007         100           0       0.000      99.000     245.161        1344261181   1335      0     40          45   1335
     GPU 0  1.000  0.949  0.756  0.000  0.002  0.000  0.616  0.000               7934772               5371839         100           0       0.000      99.000     245.161        1344261181   1335      0     40          46   1335
     GPU 0  1.000  0.949  0.756  0.000  0.002  0.000  0.616  0.000               7934772               5371839         100           0       0.000      99.000     245.161        1344261181   1335      0     40          46   1335
     GPU 0  1.000  0.954  0.771  0.000  0.002  0.000  0.634  0.000               9382221               6395335         100           0       0.000      99.000     248.710        1344286229   1335      0     40          46   1335
     GPU 0  1.000  0.000  0.000  0.000  0.002  0.000  0.000  0.000               7719512               6401280         100           0       0.000      99.000     248.710        1344286229   1335      0     40          46   1335
     GPU 0  1.000  0.945  0.752  0.000  0.002  0.000  0.625  0.000              14223417              10320788         100           0       0.000      99.000     248.710        1344286229   1335      0     40          46   1335
     GPU 0  1.000  0.950  0.750  0.000  0.002  0.000  0.611  0.000              14443867              10202917         100           0       0.000      99.000     248.710        1344286229   1335      0     40          46   1335

# Entity  GRACT  SMACT  SMOCC  TENSO  DRAMA  FP64A  FP32A  FP16A                 PCITX                 PCIRX       GPUTL       MCUTL       MUSAM       GUSAM       POWER             TOTEC  SACLK  PSTAT  TMPTR       MMTMP  SMCLK
      Id                                                                                                                                                               W                mJ                    C           C       
     GPU 0  1.000  0.000  0.000  0.000  0.001  0.000  0.000  0.000               4124263               1285508         100           0       0.000      99.000     248.710        1344286229   1335      0     40          46   1335
     GPU 0  1.000  0.000  0.000  0.000  0.001  0.000  0.000  0.000               4124263               1285508         100           0       0.000      99.000     247.350        1344311181   1335      0     41          46   1335
     GPU 0  1.000  0.950  0.763  0.000  0.002  0.000  0.620  0.000               5347394               2418047         100           0       0.000      99.000     247.350        1344311181   1335      0     41          46   1335
     GPU 0  1.000  0.936  0.757  0.000  0.002  0.000  0.617  0.000               5142914               3786309         100           0       0.000      99.000     247.350        1344311181   1335      0     41          46   1335
     GPU 0  1.000  0.000  0.000  0.000  0.002  0.000  0.000  0.000               8347183               6393522         100           0       0.000      99.000     247.350        1344311181   1335      0     41          46   1335
     GPU 0  1.000  0.000  0.000  0.000  0.002  0.000  0.000  0.000               8347183               6393522         100           0       0.000      99.000     247.350        1344311181   1335      0     41          46   1335
     GPU 0  1.000  0.945  0.750  0.000  0.002  0.000  0.624  0.000               9041711               6556548         100           0       0.000      99.000     247.350        1344336064   1335      0     41          46   1335
     GPU 0  1.000  0.948  0.742  0.000  0.002  0.000  0.625  0.000              11210944               8008201         100           0       0.000      99.000     247.350        1344336064   1335      0     41          46   1335
     GPU 0  1.000  0.000  0.000  0.000  0.002  0.000  0.000  0.000              14295507              10176650         100           0       0.000      99.000     247.350        1344336064   1335      0     41          46   1335
     GPU 0  1.000  0.951  0.757  0.000  0.002  0.000  0.627  0.000              11570643               8597259         100           0       0.000      99.000     247.350        1344336064   1335      0     41          46   1335
     GPU 0  1.000  0.952  0.751  0.000  0.002  0.000  0.629  0.000               9061066               7214563         100           0       0.000      99.000     247.350        1344336064   1335      0     41          46   1335
     GPU 0  1.000  0.952  0.751  0.000  0.002  0.000  0.629  0.000               9061066               7214563         100           0       0.000      99.000     245.451        1344361116   1335      0     41          46   1335
     GPU 0  1.000  0.000  0.000  0.000  0.002  0.000  0.000  0.000               5302915               2417315         100           0       0.000      99.000     245.451        1344361116   1335      0     41          46   1335
     GPU 0  1.000  0.948  0.758  0.000  0.002  0.000  0.624  0.000               6414123               3905788         100           0       0.000      99.000     245.451        1344361116   1335      0     41          46   1335

# Entity  GRACT  SMACT  SMOCC  TENSO  DRAMA  FP64A  FP32A  FP16A                 PCITX                 PCIRX       GPUTL       MCUTL       MUSAM       GUSAM       POWER             TOTEC  SACLK  PSTAT  TMPTR       MMTMP  SMCLK
      Id                                                                                                                                                               W                mJ                    C           C       
     GPU 0  1.000  0.948  0.747  0.000  0.002  0.000  0.597  0.000               8683330               5998936         100           0       0.000      99.000     245.451        1344361116   1335      0     41          46   1335
     GPU 0  1.000  0.000  0.000  0.000  0.002  0.000  0.000  0.000              11131812               8441077         100           0       0.000      99.000     245.451        1344361116   1335      0     41          46   1335
     GPU 0  1.000  0.000  0.000  0.000  0.002  0.000  0.000  0.000              11131812               8441077         100           0       0.000      99.000     245.451        1344386187   1335      0     41          46   1335
     GPU 0  1.000  0.954  0.758  0.000  0.002  0.000  0.632  0.000               8362801               6983582         100           0       0.000      99.000     248.951        1344386187   1335      0     41          46   1335
     GPU 0  1.000  0.953  0.765  0.000  0.002  0.000  0.633  0.000               7770354               5871104         100           0       0.000      99.000     248.951        1344386187   1335      0     41          46   1335
     GPU 0  1.000  0.000  0.000  0.000  0.002  0.000  0.000  0.000              10974837               8326502         100           0       0.000      99.000     248.951        1344386187   1335      0     41          46   1335
     GPU 0  1.000  0.956  0.765  0.000  0.002  0.000  0.618  0.000              10763463               8293347         100           0       0.000      99.000     248.951        1344386187   1335      0     41          46   1335
     GPU 0  1.000  0.949  0.756  0.000  0.002  0.000  0.629  0.000               9122918               7323590         100           0       0.000      99.000     246.521        1344411144   1335      0     41          46   1335
     GPU 0  1.000  0.949  0.756  0.000  0.002  0.000  0.629  0.000               9122918               7323590         100           0       0.000      99.000     246.521        1344411144   1335      0     41          46   1335
     GPU 0  1.000  0.000  0.000  0.000  0.002  0.000  0.000  0.000               3427621               1369481         100           0       0.000      99.000     246.521        1344411144   1335      0     41          46   1335
     GPU 0  1.000  0.958  0.774  0.000  0.002  0.000  0.637  0.000               3652804               2023997         100           0       0.000      99.000     246.521        1344411144   1335      0     41          46   1335
     GPU 0  1.000  0.956  0.778  0.000  0.002  0.000  0.628  0.000               5881374               3952081         100           0       0.000      99.000     246.521        1344411144   1335      0     41          46   1335
     GPU 0  1.000  0.000  0.000  0.000  0.002  0.000  0.000  0.000               7412343               5254938         100           0       0.000      99.000     246.521        1344436272   1335      0     41          46   1335
     GPU 0  1.000  0.948  0.767  0.000  0.002  0.000  0.630  0.000              10708032               6943297         100           0       0.000      99.000     247.060        1344436272   1335      0     41          46   1335

# Entity  GRACT  SMACT  SMOCC  TENSO  DRAMA  FP64A  FP32A  FP16A                 PCITX                 PCIRX       GPUTL       MCUTL       MUSAM       GUSAM       POWER             TOTEC  SACLK  PSTAT  TMPTR       MMTMP  SMCLK
      Id                                                                                                                                                               W                mJ                    C           C       
     GPU 0  1.000  0.948  0.767  0.000  0.002  0.000  0.630  0.000              10708032               6943297         100           0       0.000      99.000     247.060        1344436272   1335      0     41          46   1335
     GPU 0  1.000  0.946  0.744  0.000  0.002  0.000  0.624  0.000              10863409               8113620         100           0       0.000      99.000     247.060        1344436272   1335      0     41          46   1335
     GPU 0  1.000  0.000  0.000  0.000  0.002  0.000  0.000  0.000               7979412               6475272         100           0       0.000      99.000     247.060        1344436272   1335      0     41          46   1335
     GPU 0  0.000  0.000  0.000  0.000  0.001  0.000  0.000  0.000            1454322622               4727887         100           0       0.000      99.000     184.474        1344460528   1335      0     41          46   1335
     GPU 0  0.000  0.000  0.000  0.000  0.000  0.000  0.000  0.000               8810927               5009979         100           0       0.000      99.000     184.474        1344460528   1335      0     39          46   1335
     GPU 0  0.000  0.000  0.000  0.000  0.000  0.000  0.000  0.000               8810927               5009979         100           0       0.000      99.000     184.474        1344460528   1335      0     37          46   1335
     GPU 0  0.000  0.000  0.000  0.000  0.000  0.000  0.000  0.000              10765011               5771426         100           0       0.000      99.000     184.474        1344460528   1335      0     36          46   1335
     GPU 0  0.000  0.000  0.000  0.000  0.000  0.000  0.000  0.000              11507338               6211188         100           0       0.000      99.000     184.474        1344460528   1335      0     36          46   1335
     GPU 0  0.000  0.000  0.000  0.000  0.000  0.000  0.000  0.000              11051909               7089151         100           0       0.000      99.000     184.474        1344471660   1335      0     36          46   1335
     GPU 0  0.000  0.000  0.000  0.000  0.000  0.000  0.000  0.000              10359003               5663790         100           0       0.000      99.000     101.966        1344471660   1335      0     35          46   1335
     GPU 0  0.000  0.000  0.000  0.000  0.000  0.000  0.000  0.000               3151378                275074         100           0       0.000      99.000     101.966        1344471660   1335      0     35          46   1335
     GPU 0  0.000  0.000  0.000  0.000  0.000  0.000  0.000  0.000               2047002                160124         100           0       0.000      99.000     101.966        1344471660   1335      0     34          46   1335
     GPU 0  0.000  0.000  0.000  0.000  0.000  0.000  0.000  0.000               4644697               2058425         100           0       0.000      99.000     101.966        1344471660   1335      0     34          46   1335
     GPU 0  0.000  0.000  0.000  0.000  0.000  0.000  0.000  0.000               4644697               2058425           1           0       0.000       0.000     101.426        1344481892   1335      0     34          46   1335

# Entity  GRACT  SMACT  SMOCC  TENSO  DRAMA  FP64A  FP32A  FP16A                 PCITX                 PCIRX       GPUTL       MCUTL       MUSAM       GUSAM       POWER             TOTEC  SACLK  PSTAT  TMPTR       MMTMP  SMCLK
      Id                                                                                                                                                               W                mJ                    C           C       
     GPU 0  0.000  0.000  0.000  0.000  0.000  0.000  0.000  0.000               6979449               3837251           1           0       0.000       0.000     101.426        1344481892   1335      0     34          46   1335
     GPU 0  0.000  0.000  0.000  0.000  0.000  0.000  0.000  0.000               7111092               4761074           1           0       0.000       0.000     101.426        1344481892   1335      0     33          46   1335
     GPU 0  0.000  0.000  0.000  0.000  0.000  0.000  0.000  0.000              11960542               7962049           1           0       0.000       0.000     101.426        1344481892   1335      0     33          46   1335
     GPU 0  0.000  0.000  0.000  0.000  0.000  0.000  0.000  0.000              12055460               7592233           1           0       0.000       0.000     101.426        1344481892   1335      0     33          46   1335
     GPU 0  0.000  0.000  0.000  0.000  0.000  0.000  0.000  0.000              12719809               7936590           1           0       0.000       0.000     101.136        1344492141   1335      0     33          46   1335
     GPU 0  0.000  0.000  0.000  0.000  0.000  0.000  0.000  0.000               8235514               4191887           1           0       0.000       0.000     101.136        1344492141   1335      0     33          46   1335
     GPU 0  0.000  0.000  0.000  0.000  0.000  0.000  0.000  0.000               8235514               4191887           1           0       0.000       0.000     101.136        1344492141   1335      0     33          46   1335
     GPU 0  0.000  0.000  0.000  0.000  0.000  0.000  0.000  0.000               8177230               5241831           1           0       0.000       0.000     101.136        1344492141   1335      0     33          46   1335
     GPU 0  0.000  0.000  0.000  0.000  0.000  0.000  0.000  0.000               7377009               4778096           1           0       0.000       0.000     101.136        1344492141   1335      0     33          45   1335
     GPU 0  0.000  0.000  0.000  0.000  0.000  0.000  0.000  0.000               6316545               3761448           0           0       0.000       0.000     100.894        1344502341   1335      0     33          46   1335
     GPU 0  0.000  0.000  0.000  0.000  0.000  0.000  0.000  0.000               9683071               6239870           0           0       0.000       0.000     100.894        1344502341   1335      0     33          46   1335
     GPU 0  0.000  0.000  0.000  0.000  0.000  0.000  0.000  0.000               8777574               5534148           0           0       0.000       0.000     100.894        1344502341   1335      0     32          45   1335
     GPU 0  0.000  0.000  0.000  0.000  0.000  0.000  0.000  0.000               8777574               5534148           0           0       0.000       0.000     100.894        1344502341   1335      0     32          45   1335
     GPU 0  0.000  0.000  0.000  0.000  0.000  0.000  0.000  0.000               9029284               5500291           0           0       0.000       0.000     100.894        1344502341   1335      0     32          45   1335

# Entity  GRACT  SMACT  SMOCC  TENSO  DRAMA  FP64A  FP32A  FP16A                 PCITX                 PCIRX       GPUTL       MCUTL       MUSAM       GUSAM       POWER             TOTEC  SACLK  PSTAT  TMPTR       MMTMP  SMCLK
      Id                                                                                                                                                               W                mJ                    C           C       
     GPU 0  0.000  0.000  0.000  0.000  0.000  0.000  0.000  0.000              10815043               6923767           0           0       0.000       0.000     100.894        1344512536   1335      0     32          45   1335
     GPU 0  0.000  0.000  0.000  0.000  0.000  0.000  0.000  0.000              11431560               6508159           0           0       0.000       0.000     100.894        1344512536   1335      0     32          45   1335
     GPU 0  0.003  0.000  0.000  0.000  0.000  0.000  0.000  0.000               3601945               6824738           0           0       0.000       0.000     100.894        1344512536   1335      0     32          45   1335
     GPU 0  0.003  0.000  0.000  0.000  0.000  0.000  0.000  0.000               3601945               6824738           0           0       0.000       0.000     100.894        1344512536   1335      0     32          45   1335
     GPU 0  0.003  0.000  0.000  0.000  0.000  0.000  0.000  0.000               3601945               6824738           0           0       0.000       0.000     100.894        1344512536   1335      0     32          45   1335
     GPU 0  0.000  0.000  0.000  0.000  0.000  0.000  0.000  0.000               9503665              10739914           6           0       0.000       0.000     101.426        1344512536   1335      0     32          45   1335
     GPU 0  0.000  0.000  0.000  0.000  0.000  0.000  0.000  0.000               9503665              10739914           6           0       0.000       0.000     101.426        1344522754   1335      0     32          45   1335
     GPU 0  0.000  0.000  0.000  0.000  0.000  0.000  0.000  0.000              10100069              15067316           6           0       0.000       0.000     101.426        1344522754   1335      0     32          45   1335
     GPU 0  0.000  0.000  0.000  0.000  0.000  0.000  0.000  0.000              10100069              15067316           6           0       0.000       0.000     101.426        1344522754   1335      0     32          45   1335
     GPU 0  0.000  0.000  0.000  0.000  0.000  0.000  0.000  0.000               9952112               7771166           6           0       0.000       0.000     101.426        1344522754   1335      0     32          45   1335
     GPU 0  0.000  0.000  0.000  0.000  0.000  0.000  0.000  0.000               9952112               7771166           6           0       0.000       0.000     100.603        1344522754   1335      0     31          45   1335
     GPU 0  0.000  0.000  0.000  0.000  0.000  0.000  0.000  0.000              10462226               7478362           6           0       0.000       0.000     100.603        1344532918   1335      0     31          45   1335
     GPU 0  0.000  0.000  0.000  0.000  0.000  0.000  0.000  0.000               8031254               7817608           6           0       0.000       0.000     100.603        1344532918   1335      0     31          45   1335
     GPU 0  0.000  0.000  0.000  0.000  0.000  0.000  0.000  0.000              13973943               8515530           6           0       0.000       0.000     100.603        1344532918   1335      0     31          45   1335

# Entity  GRACT  SMACT  SMOCC  TENSO  DRAMA  FP64A  FP32A  FP16A                 PCITX                 PCIRX       GPUTL       MCUTL       MUSAM       GUSAM       POWER             TOTEC  SACLK  PSTAT  TMPTR       MMTMP  SMCLK
      Id                                                                                                                                                               W                mJ                    C           C       
     GPU 0  0.000  0.000  0.000  0.000  0.000  0.000  0.000  0.000              13750604               8477215           6           0       0.000       0.000     100.603        1344532918   1335      0     31          45   1335
     GPU 0  0.000  0.000  0.000  0.000  0.000  0.000  0.000  0.000              13750604               8477215           0           0       0.000       0.000     100.603        1344543072   1335      0     31          45   1335
     GPU 0  0.000  0.000  0.000  0.000  0.000  0.000  0.000  0.000               9325318               5351614           0           0       0.000       0.000     100.603        1344543072   1335      0     31          45   1335
     GPU 0  0.000  0.000  0.000  0.000  0.000  0.000  0.000  0.000               3255144                274753           0           0       0.000       0.000     100.603        1344543072   1335      0     31          45   1335
     GPU 0  0.000  0.000  0.000  0.000  0.000  0.000  0.000  0.000               3295681                274640           0           0       0.000       0.000     100.603        1344543072   1335      0     31          45   1335
     GPU 0  0.000  0.000  0.000  0.000  0.000  0.000  0.000  0.000               7302103               2494384           0           0       0.000       0.000     100.603        1344543072   1335      0     31          45   1335
     GPU 0  0.000  0.000  0.000  0.000  0.000  0.000  0.000  0.000               4621460               1853061           0           0       0.000       0.000     100.603        1344543072   1335      0     31          45   1335
     GPU 0  0.000  0.000  0.000  0.000  0.000  0.000  0.000  0.000               7038438               3332513           0           0       0.000       0.000     100.603        1344553230   1335      0     31          45   1335
     GPU 0  0.000  0.000  0.000  0.000  0.000  0.000  0.000  0.000               7038438               3332513           0           0       0.000       0.000     100.603        1344553230   1335      0     31          45   1335
     GPU 0  0.000  0.000  0.000  0.000  0.000  0.000  0.000  0.000               6534736               3526858           0           0       0.000       0.000     100.603        1344553230   1335      0     31          45   1335
     GPU 0  0.000  0.000  0.000  0.000  0.000  0.000  0.000  0.000               9455809               5543703           0           0       0.000       0.000     100.603        1344553230   1335      0     31          45   1335
     GPU 0  0.000  0.000  0.000  0.000  0.000  0.000  0.000  0.000              11171386               7251512           0           0       0.000       0.000     100.603        1344563846   1335      0     31          45   1335
     GPU 0  0.000  0.000  0.000  0.000  0.000  0.000  0.000  0.000              11171386               7251512           0           0       0.000       0.000     100.354        1344563846   1335      0     31          45   1335
     GPU 0  0.000  0.000  0.000  0.000  0.000  0.000  0.000  0.000              11171386               7251512           0           0       0.000       0.000     100.354        1344563846   1335      0     31          45   1335

# Entity  GRACT  SMACT  SMOCC  TENSO  DRAMA  FP64A  FP32A  FP16A                 PCITX                 PCIRX       GPUTL       MCUTL       MUSAM       GUSAM       POWER             TOTEC  SACLK  PSTAT  TMPTR       MMTMP  SMCLK
      Id                                                                                                                                                               W                mJ                    C           C       
     GPU 0  0.000  0.000  0.000  0.000  0.000  0.000  0.000  0.000              21554408              11048197           0           0       0.000       0.000     100.354        1344563846   1335      0     31          45   1335
     GPU 0  0.000  0.000  0.000  0.000  0.000  0.000  0.000  0.000              21554408              11048197           0           0       0.000       0.000     100.354        1344563846   1335      0     31          45   1335
     GPU 0  0.000  0.000  0.000  0.000  0.000  0.000  0.000  0.000               9188722               5358105           0           0       0.000       0.000     101.426        1344573746   1335      0     31          45   1335
     GPU 0  0.000  0.000  0.000  0.000  0.000  0.000  0.000  0.000              12242526               7366405           0           0       0.000       0.000     101.426        1344573746   1335      0     31          45   1335
     GPU 0  0.000  0.000  0.000  0.000  0.000  0.000  0.000  0.000               8431645               5939031           0           0       0.000       0.000     101.426        1344573746   1335      0     31          45   1335
     GPU 0  0.000  0.000  0.000  0.000  0.000  0.000  0.000  0.000               9365971               5335722           0           0       0.000       0.000     101.426        1344573746   1335      0     31          45   1335
     GPU 0  0.000  0.000  0.000  0.000  0.000  0.000  0.000  0.000               9365971               5335722           0           0       0.000       0.000     101.426        1344573746   1335      0     31          45   1335
     GPU 0  0.000  0.000  0.000  0.000  0.000  0.000  0.000  0.000               9562156               5407660           0           0       0.000       0.000     100.894        1344583915   1335      0     31          45   1335
     GPU 0  0.000  0.000  0.000  0.000  0.000  0.000  0.000  0.000               8074461               5177932           0           0       0.000       0.000     100.894        1344583915   1335      0     31          45   1335
     GPU 0  0.000  0.000  0.000  0.000  0.000  0.000  0.000  0.000               8074461               5177932           0           0       0.000       0.000     100.894        1344583915   1335      0     31          45   1335
     GPU 0  0.000  0.000  0.000  0.000  0.000  0.000  0.000  0.000               6653050               4560399           0           0       0.000       0.000     100.894        1344583915   1335      0     31          45   1335
     GPU 0  0.000  0.000  0.000  0.000  0.000  0.000  0.000  0.000               9642543               6098065           0           0       0.000       0.000     100.894        1344583915   1335      0     31          45   1335
     GPU 0  0.000  0.000  0.000  0.000  0.000  0.000  0.000  0.000               3299849                 41853           0           0       0.000       0.000     100.894        1344594153   1335      0     31          45   1335
     GPU 0  0.000  0.000  0.000  0.000  0.000  0.000  0.000  0.000               1004073                 83672           0           0       0.000       0.000     101.426        1344594153   1335      0     31          45   1335

# Entity  GRACT  SMACT  SMOCC  TENSO  DRAMA  FP64A  FP32A  FP16A                 PCITX                 PCIRX       GPUTL       MCUTL       MUSAM       GUSAM       POWER             TOTEC  SACLK  PSTAT  TMPTR       MMTMP  SMCLK
      Id                                                                                                                                                               W                mJ                    C           C       
     GPU 0  0.000  0.000  0.000  0.000  0.000  0.000  0.000  0.000               3306923               1627058           0           0       0.000       0.000     101.426        1344594153   1335      0     31          45   1335
     GPU 0  0.000  0.000  0.000  0.000  0.000  0.000  0.000  0.000               2091542                163822           0           0       0.000       0.000     101.426        1344594153   1335      0     31          45   1335
     GPU 0  0.000  0.000  0.000  0.000  0.000  0.000  0.000  0.000               2091542                163822           0           0       0.000       0.000     101.426        1344594153   1335      0     30          45   1335
     GPU 0  0.000  0.000  0.000  0.000  0.000  0.000  0.000  0.000               4089019               1815733           0           0       0.000       0.000     101.426        1344604399   1335      0     30          45   1335
     GPU 0  0.000  0.000  0.000  0.000  0.000  0.000  0.000  0.000               6594032               3146407           0           0       0.000       0.000     101.426        1344604399   1335      0     30          45   1335
     GPU 0  0.000  0.000  0.000  0.000  0.000  0.000  0.000  0.000               6845169               3810841           0           0       0.000       0.000     101.426        1344604399   1335      0     30          45   1335
     GPU 0  0.000  0.000  0.000  0.000  0.000  0.000  0.000  0.000               9854037               6234044           0           0       0.000       0.000     101.426        1344604399   1335      0     30          45   1335
     GPU 0  0.000  0.000  0.000  0.000  0.000  0.000  0.000  0.000              11276818               7105745           0           0       0.000       0.000     101.426        1344604399   1335      0     30          45   1335
     GPU 0  0.000  0.000  0.000  0.000  0.000  0.000  0.000  0.000              11276818               7105745           0           0       0.000       0.000     101.426        1344614659   1335      0     30          45   1335
     GPU 0  0.000  0.000  0.000  0.000  0.000  0.000  0.000  0.000               9698062               5979380           0           0       0.000       0.000     101.426        1344614659   1335      0     30          45   1335
     GPU 0  0.000  0.000  0.000  0.000  0.000  0.000  0.000  0.000               9521943               5998475           0           0       0.000       0.000     101.426        1344614659   1335      0     30          45   1335
     GPU 0  0.000  0.000  0.000  0.000  0.000  0.000  0.000  0.000               4625005               3653913           0           0       0.000       0.000     101.426        1344614659   1335      0     30          45   1335
     GPU 0  0.000  0.000  0.000  0.000  0.000  0.000  0.000  0.000               2047926                 41933           0           0       0.000       0.000     101.426        1344614659   1335      0     30          45   1335
     GPU 0  0.000  0.000  0.000  0.000  0.000  0.000  0.000  0.000               2047926                 41933           0           0       0.000       0.000     101.426        1344624899   1335      0     30          45   1335

# Entity  GRACT  SMACT  SMOCC  TENSO  DRAMA  FP64A  FP32A  FP16A                 PCITX                 PCIRX       GPUTL       MCUTL       MUSAM       GUSAM       POWER             TOTEC  SACLK  PSTAT  TMPTR       MMTMP  SMCLK
      Id                                                                                                                                                               W                mJ                    C           C       
     GPU 0  0.000  0.000  0.000  0.000  0.000  0.000  0.000  0.000               4000103                     0           0           0       0.000       0.000     101.426        1344624899   1335      0     30          45   1335
     GPU 0  0.000  0.000  0.000  0.000  0.000  0.000  0.000  0.000               4384121               1997124           0           0       0.000       0.000     101.426        1344624899   1335      0     30          45   1335
     GPU 0  0.000  0.000  0.000  0.000  0.000  0.000  0.000  0.000               7070005               3984174           0           0       0.000       0.000     101.426        1344624899   1335      0     30          45   1335
     GPU 0  0.000  0.000  0.000  0.000  0.000  0.000  0.000  0.000               7070005               3984174           0           0       0.000       0.000     101.426        1344624899   1335      0     30          45   1335
     GPU 0  0.000  0.000  0.000  0.000  0.000  0.000  0.000  0.000              10763999               6638217           0           0       0.000       0.000     101.426        1344635128   1335      0     30          45   1335
     GPU 0  0.000  0.000  0.000  0.000  0.000  0.000  0.000  0.000               6628505               3611227           0           0       0.000       0.000     101.426        1344635128   1335      0     30          45   1335
     GPU 0  0.000  0.000  0.000  0.000  0.000  0.000  0.000  0.000               1918051                163320           0           0       0.000       0.000     101.426        1344635128   1335      0     30          45   1335
     GPU 0  0.000  0.000  0.000  0.000  0.000  0.000  0.000  0.000               4740311               1785031           0           0       0.000       0.000     101.426        1344635128   1335      0     30          45   1335
     GPU 0  0.000  0.000  0.000  0.000  0.000  0.000  0.000  0.000               4740311               1785031           0           0       0.000       0.000     101.426        1344635128   1335      0     30          45   1335
     GPU 0  0.000  0.000  0.000  0.000  0.000  0.000  0.000  0.000               6199205               3259952           0           0       0.000       0.000     101.426        1344645396   1335      0     30          45   1335
     GPU 0  0.000  0.000  0.000  0.000  0.000  0.000  0.000  0.000              12566863               5231780           0           0       0.000       0.000     101.426        1344645396   1335      0     30          45   1335
     GPU 0  0.000  0.000  0.000  0.000  0.000  0.000  0.000  0.000               6380579               3504145           0           0       0.000       0.000     101.426        1344645396   1335      0     30          45   1335
     GPU 0  0.000  0.000  0.000  0.000  0.000  0.000  0.000  0.000               6380579               3504145           0           0       0.000       0.000     101.426        1344645396   1335      0     30          45   1335
     GPU 0  0.000  0.000  0.000  0.000  0.000  0.000  0.000  0.000               9338467               5538607           0           0       0.000       0.000     101.426        1344645396   1335      0     30          45   1335
