# Entity  GRACT  SMACT  SMOCC  TENSO  DRAMA  FP64A  FP32A  FP16A                 PCITX                 PCIRX       GPUTL       MCUTL       MUSAM       GUSAM       POWER             TOTEC  SACLK  PSTAT  TMPTR       MMTMP  SMCLK
      Id                                                                                                                                                               W                mJ                    C           C       
     GPU 0  0.000  0.000  0.000  0.000  0.000  0.000  0.000  0.000             101792943               9253903           0           0       0.000       0.000      76.729        7209018245    915      0     26          43    210
     GPU 0  0.000  0.000  0.000  0.000  0.000  0.000  0.000  0.000             101792943               9253903           0           0       0.000       0.000      76.729        7209018245    915      0     26          43    210
     GPU 0  0.000  0.000  0.000  0.000  0.000  0.000  0.000  0.000               9254038               5115909           0           0       0.000       0.000      78.383        7209026089    915      0     26          43    210
     GPU 0  0.000  0.000  0.000  0.000  0.000  0.000  0.000  0.000               7308465               3825125           0           0       0.000       0.000      78.383        7209026089    915      0     26          43    210
     GPU 0  0.000  0.000  0.000  0.000  0.000  0.000  0.000  0.000               7751316               4818133           0           0       0.000       0.000      78.383        7209026089    915      0     26          43    210
     GPU 0  0.000  0.000  0.000  0.000  0.000  0.000  0.000  0.000               7803240               5392806           0           0       0.000       0.000      78.383        7209026089    915      0     26          43    210
     GPU 0  0.000  0.000  0.000  0.000  0.000  0.000  0.000  0.000               7803240               5392806           0           0       0.000       0.000      78.383        7209026089    915      0     26          43    210
     GPU 0  0.000  0.000  0.000  0.000  0.000  0.000  0.000  0.000               3623717               2810478           0           0       0.000       0.000      78.383        7209033966    915      0     26          43    210
     GPU 0  0.000  0.000  0.000  0.000  0.000  0.000  0.000  0.000               1172326                 83737           0           0       0.000       0.000      78.383        7209033966    915      0     26          43    210
     GPU 0  0.000  0.000  0.000  0.000  0.000  0.000  0.000  0.000               5871902               4068960           0           0       0.000       0.000      78.383        7209033966    915      0     26          43    210
     GPU 0  0.000  0.000  0.000  0.000  0.000  0.000  0.000  0.000               9562258               6718784           0           0       0.000       0.000      78.383        7209033966    915      0     26          43    210
     GPU 0  0.000  0.000  0.000  0.000  0.000  0.000  0.000  0.000               9031913               6192233           0           0       0.000       0.000      78.383        7209033966    915      0     26          43    210
     GPU 0  0.000  0.000  0.000  0.000  0.000  0.000  0.000  0.000               8936730               5431484           0           0       0.000       0.000      78.383        7209041891    915      0     26          43    210
     GPU 0  0.000  0.000  0.000  0.000  0.000  0.000  0.000  0.000               8936730               5431484           0           0       0.000       0.000      78.383        7209041891    915      0     26          43    210
     GPU 0  0.000  0.000  0.000  0.000  0.000  0.000  0.000  0.000               3015675                274152           0           0       0.000       0.000      78.383        7209041891    915      0     26          43    210

# Entity  GRACT  SMACT  SMOCC  TENSO  DRAMA  FP64A  FP32A  FP16A                 PCITX                 PCIRX       GPUTL       MCUTL       MUSAM       GUSAM       POWER             TOTEC  SACLK  PSTAT  TMPTR       MMTMP  SMCLK
      Id                                                                                                                                                               W                mJ                    C           C       
     GPU 0  0.000  0.000  0.000  0.000  0.000  0.000  0.000  0.000               4456189               1977032           0           0       0.000       0.000      78.383        7209041891    915      0     26          43    210
     GPU 0  0.000  0.000  0.000  0.000  0.000  0.000  0.000  0.000               5247255               3230137           0           0       0.000       0.000      78.383        7209041891    915      0     26          43    210
     GPU 0  0.000  0.000  0.000  0.000  0.000  0.000  0.000  0.000               5257108               3320467           0           0       0.000       0.000      78.383        7209049813    915      0     26          43    210
     GPU 0  0.000  0.000  0.000  0.000  0.000  0.000  0.000  0.000               5257108               3320467           0           0       0.000       0.000      78.383        7209049813    915      0     26          43    210
     GPU 0  0.000  0.000  0.000  0.000  0.000  0.000  0.000  0.000               9067831               5332536           0           0       0.000       0.000      78.383        7209049813    915      0     26          43    210
     GPU 0  0.000  0.000  0.000  0.000  0.000  0.000  0.000  0.000               6649818               4854648           0           0       0.000       0.000      78.383        7209049813    915      0     26          43    210
     GPU 0  0.000  0.000  0.000  0.000  0.000  0.000  0.000  0.000               6600648               3796768           0           0       0.000       0.000      78.383        7209049813    915      0     26          43    210
     GPU 0  0.000  0.000  0.000  0.000  0.000  0.000  0.000  0.000               3297836                274819           0           0       0.000       0.000      78.383        7209057739    915      0     26          43    210
     GPU 0  0.000  0.000  0.000  0.000  0.000  0.000  0.000  0.000               1005125                 83760           0           0       0.000       0.000      78.383        7209057739    915      0     26          43    210
     GPU 0  0.000  0.000  0.000  0.000  0.000  0.000  0.000  0.000               1005125                 83760           0           0       0.000       0.000      78.383        7209057739    915      0     26          43    210
     GPU 0  0.000  0.000  0.000  0.000  0.000  0.000  0.000  0.000               4661814               6788255           0           0       0.000       0.000      78.383        7209057739    915      0     26          43    210
     GPU 0  0.000  0.000  0.000  0.000  0.000  0.000  0.000  0.000               4661814               6788255           0           0       0.000       0.000      78.383        7209057739    915      0     26          43    210
     GPU 0  0.000  0.000  0.000  0.000  0.000  0.000  0.000  0.000               6423571               4648459           0           0       0.000       0.000      78.383        7209065681    915      0     26          43    210
     GPU 0  0.000  0.000  0.000  0.000  0.000  0.000  0.000  0.000               5990639               4065076           0           0       0.000       0.000      78.383        7209065681    915      0     26          43    210

# Entity  GRACT  SMACT  SMOCC  TENSO  DRAMA  FP64A  FP32A  FP16A                 PCITX                 PCIRX       GPUTL       MCUTL       MUSAM       GUSAM       POWER             TOTEC  SACLK  PSTAT  TMPTR       MMTMP  SMCLK
      Id                                                                                                                                                               W                mJ                    C           C       
     GPU 0  0.000  0.000  0.000  0.000  0.000  0.000  0.000  0.000               5990639               4065076           0           0       0.000       0.000      78.383        7209065681    915      0     26          43    210
     GPU 0  0.000  0.000  0.000  0.000  0.000  0.000  0.000  0.000              14494831              15310154           0           0       0.000       0.000      78.383        7209065681    915      0     26          43    210
     GPU 0  0.000  0.000  0.000  0.000  0.000  0.000  0.000  0.000               6931025               5217738           0           0       0.000       0.000      78.383        7209065681    915      0     26          43    210
     GPU 0  0.000  0.000  0.000  0.000  0.000  0.000  0.000  0.000               6931025               5217738           0           0       0.000       0.000      78.383        7209073618    915      0     26          43    210
     GPU 0  0.000  0.000  0.000  0.000  0.000  0.000  0.000  0.000               6931025               5217738           0           0       0.000       0.000      78.383        7209073618    915      0     26          43    210
     GPU 0  0.000  0.000  0.000  0.000  0.000  0.000  0.000  0.000               7849839               6012279           0           0       0.000       0.000      78.383        7209073618    915      0     26          43    210
     GPU 0  0.000  0.000  0.000  0.000  0.000  0.000  0.000  0.000               2040319               1916663           0           0       0.000       0.000      78.383        7209073618    915      0     26          43    210
     GPU 0  0.000  0.000  0.000  0.000  0.000  0.000  0.000  0.000               2486601               3449157           0           0       0.000       0.000      78.383        7209073618    915      0     26          43    210
     GPU 0  0.000  0.000  0.000  0.000  0.000  0.000  0.000  0.000               2486601               3449157           0           0       0.000       0.000      78.383        7209081495    915      0     26          43    210
     GPU 0  0.000  0.000  0.000  0.000  0.000  0.000  0.000  0.000               8438338               5524379           0           0       0.000       0.000      78.383        7209081495    915      0     26          43    210
     GPU 0  0.000  0.000  0.000  0.000  0.000  0.000  0.000  0.000              15106543              10098849           0           0       0.000       0.000      78.383        7209081495    915      0     26          43    210
     GPU 0  0.000  0.000  0.000  0.000  0.000  0.000  0.000  0.000               9067269               5019474           0           0       0.000       0.000      78.383        7209081495    915      0     26          43    210
     GPU 0  0.000  0.000  0.000  0.000  0.000  0.000  0.000  0.000               9067269               5019474           0           0       0.000       0.000      78.383        7209081495    915      0     26          43    210
     GPU 0  0.000  0.000  0.000  0.000  0.000  0.000  0.000  0.000               9067269               5019474           0           0       0.000       0.000      78.383        7209081495    915      0     26          43    210

# Entity  GRACT  SMACT  SMOCC  TENSO  DRAMA  FP64A  FP32A  FP16A                 PCITX                 PCIRX       GPUTL       MCUTL       MUSAM       GUSAM       POWER             TOTEC  SACLK  PSTAT  TMPTR       MMTMP  SMCLK
      Id                                                                                                                                                               W                mJ                    C           C       
     GPU 0  0.000  0.000  0.000  0.000  0.000  0.000  0.000  0.000               5509139               3726770           0           0       0.000       0.000      78.383        7209089411    915      0     26          43    210
     GPU 0  0.000  0.000  0.000  0.000  0.000  0.000  0.000  0.000               1314141               4468082           0           0       0.000       0.000      78.383        7209089411    915      0     26          43    210
     GPU 0  0.000  0.000  0.000  0.000  0.000  0.000  0.000  0.000               1314141               4468082           0           0       0.000       0.000      78.383        7209089411    915      0     26          43    210
     GPU 0  0.000  0.000  0.000  0.000  0.000  0.000  0.000  0.000               9763928              18851893           0           0       0.000       0.000      78.383        7209089411    915      0     26          43    210
     GPU 0  0.000  0.000  0.000  0.000  0.000  0.000  0.000  0.000               9354261              16187465           0           0       0.000       0.000      78.383        7209097374    915      0     26          43    210
     GPU 0  0.000  0.000  0.000  0.000  0.000  0.000  0.000  0.000               9354261              16187465           0           0       0.000       0.000      78.383        7209097374    915      0     26          43    210
     GPU 0  0.000  0.000  0.000  0.000  0.000  0.000  0.000  0.000              10301652              17461665           0           0       0.000       0.000      78.383        7209097374    915      0     26          43    915
     GPU 0  0.009  0.000  0.000  0.000  0.000  0.000  0.000  0.000              40903189             278672741           0           0       0.000       0.000      78.383        7209097374    915      0     26          43    915
     GPU 0  0.017  0.000  0.000  0.000  0.001  0.000  0.000  0.000             367821149            3209072142           0           0       0.000       0.000      78.383        7209097374    915      0     27          43    915
     GPU 0  0.748  0.940  0.750  0.000  0.002  0.000  0.622  0.000             275110804            2406231170           0           0       0.000       0.000      88.424        7209105747    915      0     27          43    915
     GPU 0  0.748  0.940  0.750  0.000  0.002  0.000  0.622  0.000             275110804            2406231170           0           0       0.000       0.000      88.424        7209105747    915      0     28          43    915
     GPU 0  1.000  0.000  0.000  0.000  0.001  0.000  0.000  0.000              10419072               6670517           0           0       0.000       0.000      88.424        7209105747    915      0     28          43    915
     GPU 0  1.000  0.944  0.770  0.000  0.001  0.000  0.628  0.000              10530770               7170212           0           0       0.000       0.000      88.424        7209105747    915      0     29          43    915
     GPU 0  1.000  0.936  0.749  0.000  0.001  0.000  0.619  0.000               8107529               5398265          47           0       0.000      46.000      88.424        7209105747    915      0     29          43    915

# Entity  GRACT  SMACT  SMOCC  TENSO  DRAMA  FP64A  FP32A  FP16A                 PCITX                 PCIRX       GPUTL       MCUTL       MUSAM       GUSAM       POWER             TOTEC  SACLK  PSTAT  TMPTR       MMTMP  SMCLK
      Id                                                                                                                                                               W                mJ                    C           C       
     GPU 0  1.000  0.000  0.000  0.000  0.001  0.000  0.000  0.000               2290788               1272878          47           0       0.000      46.000      88.424        7209105747    915      0     29          43    915
     GPU 0  1.000  0.941  0.738  0.000  0.001  0.000  0.621  0.000               6857005               3917745          47           0       0.000      46.000     155.762        7209121028    915      0     30          43    915
     GPU 0  1.000  0.932  0.743  0.000  0.001  0.000  0.615  0.000               4598403               3106917          47           0       0.000      46.000     155.762        7209121028    915      0     30          43    915
     GPU 0  1.000  0.932  0.743  0.000  0.001  0.000  0.615  0.000               4598403               3106917          47           0       0.000      46.000     155.762        7209121028    915      0     30          43    915
     GPU 0  1.000  0.000  0.000  0.000  0.001  0.000  0.000  0.000               7101811               4891492          47           0       0.000      46.000     155.762        7209121028    915      0     30          43    915
     GPU 0  1.000  0.932  0.742  0.000  0.001  0.000  0.613  0.000              10121733               7708011          47           0       0.000      46.000     156.882        7209136753    915      0     30          43    915
     GPU 0  1.000  0.931  0.734  0.000  0.001  0.000  0.588  0.000              10286787               7321959          47           0       0.000      46.000     156.882        7209136753    915      0     30          43    915
     GPU 0  1.000  0.931  0.734  0.000  0.001  0.000  0.588  0.000              10286787               7321959          47           0       0.000      46.000     156.882        7209136753    915      0     31          43    915
     GPU 0  1.000  0.000  0.000  0.000  0.001  0.000  0.000  0.000               4266808               4057916          47           0       0.000      46.000     156.882        7209136753    915      0     31          43    915
     GPU 0  1.000  0.944  0.740  0.000  0.001  0.000  0.624  0.000               9644442               6322710         100           0       0.000      99.000     156.882        7209136753    915      0     31          43    915
     GPU 0  1.000  0.917  0.753  0.000  0.001  0.000  0.600  0.000               2340180               1444039         100           0       0.000      99.000     156.882        7209136753    915      0     31          43    915
     GPU 0  1.000  0.000  0.000  0.000  0.001  0.000  0.000  0.000               3514161               1244957         100           0       0.000      99.000     156.882        7209152669    915      0     31          43    915
     GPU 0  1.000  0.932  0.750  0.000  0.001  0.000  0.614  0.000               2447907               1514954         100           0       0.000      99.000     156.882        7209152669    915      0     31          43    915
     GPU 0  1.000  0.932  0.750  0.000  0.001  0.000  0.614  0.000               2447907               1514954         100           0       0.000      99.000     156.882        7209152669    915      0     31          43    915

# Entity  GRACT  SMACT  SMOCC  TENSO  DRAMA  FP64A  FP32A  FP16A                 PCITX                 PCIRX       GPUTL       MCUTL       MUSAM       GUSAM       POWER             TOTEC  SACLK  PSTAT  TMPTR       MMTMP  SMCLK
      Id                                                                                                                                                               W                mJ                    C           C       
     GPU 0  1.000  0.948  0.724  0.000  0.001  0.000  0.627  0.000               4294948               2769613         100           0       0.000      99.000     156.882        7209152669    915      0     31          43    915
     GPU 0  1.000  0.000  0.000  0.000  0.001  0.000  0.000  0.000               7153509               4749931         100           0       0.000      99.000     157.124        7209168425    915      0     31          43    915
     GPU 0  1.000  0.942  0.748  0.000  0.001  0.000  0.623  0.000               8726944               6072006         100           0       0.000      99.000     157.124        7209168425    915      0     31          44    915
     GPU 0  1.000  0.941  0.758  0.000  0.001  0.000  0.613  0.000              11103259               7285354         100           0       0.000      99.000     157.124        7209168425    915      0     31          44    915
     GPU 0  1.000  0.941  0.758  0.000  0.001  0.000  0.613  0.000              11103259               7285354         100           0       0.000      99.000     157.124        7209168425    915      0     31          43    915
     GPU 0  1.000  0.000  0.000  0.000  0.001  0.000  0.000  0.000               6898573               4866660         100           0       0.000      99.000     157.124        7209168425    915      0     31          43    915
     GPU 0  1.000  0.930  0.727  0.000  0.001  0.000  0.611  0.000               4271515               3903454         100           0       0.000      99.000     157.124        7209168425    915      0     31          44    915
     GPU 0  1.000  0.930  0.838  0.000  0.001  0.000  0.635  0.000               3508298               1327202         100           0       0.000      99.000     156.882        7209184382    915      0     31          44    915
     GPU 0  1.000  0.000  0.000  0.000  0.001  0.000  0.000  0.000               2570460               1272721         100           0       0.000      99.000     156.882        7209184382    915      0     31          44    915
     GPU 0  1.000  0.000  0.000  0.000  0.001  0.000  0.000  0.000               2570460               1272721         100           0       0.000      99.000     156.882        7209184382    915      0     32          44    915
     GPU 0  1.000  0.945  0.772  0.000  0.001  0.000  0.628  0.000               2244428               1390233         100           0       0.000      99.000     156.882        7209184382    915      0     32          44    915
     GPU 0  1.000  0.919  0.693  0.000  0.001  0.000  0.598  0.000               4717601               3049569         100           0       0.000      99.000     156.882        7209200050    915      0     32          44    915
     GPU 0  1.000  0.000  0.000  0.000  0.001  0.000  0.000  0.000               7822353               5478663         100           0       0.000      99.000     156.882        7209200050    915      0     32          44    915
     GPU 0  1.000  0.000  0.000  0.000  0.001  0.000  0.000  0.000               7822353               5478663         100           0       0.000      99.000     156.882        7209200050    915      0     32          44    915

# Entity  GRACT  SMACT  SMOCC  TENSO  DRAMA  FP64A  FP32A  FP16A                 PCITX                 PCIRX       GPUTL       MCUTL       MUSAM       GUSAM       POWER             TOTEC  SACLK  PSTAT  TMPTR       MMTMP  SMCLK
      Id                                                                                                                                                               W                mJ                    C           C       
     GPU 0  1.000  0.939  0.747  0.000  0.001  0.000  0.620  0.000              10053476               6285162         100           0       0.000      99.000     156.882        7209200050    915      0     32          44    915
     GPU 0  1.000  0.938  0.736  0.000  0.001  0.000  0.603  0.000               6915231               4934684         100           0       0.000      99.000     156.882        7209200050    915      0     32          44    915
     GPU 0  1.000  0.000  0.000  0.000  0.001  0.000  0.000  0.000               4644162               4643378         100           0       0.000      99.000     156.882        7209200050    915      0     32          44    915
     GPU 0  1.000  0.931  0.725  0.000  0.001  0.000  0.612  0.000               3507560               1243395         100           0       0.000      99.000     157.421        7209216015    915      0     32          44    915
     GPU 0  1.000  0.970  0.752  0.000  0.001  0.000  0.646  0.000               2082701                990683         100           0       0.000      99.000     157.421        7209216015    915      0     32          44    915
     GPU 0  1.000  0.970  0.752  0.000  0.001  0.000  0.646  0.000               2082701                990683         100           0       0.000      99.000     157.421        7209216015    915      0     32          44    915
     GPU 0  1.000  0.000  0.000  0.000  0.001  0.000  0.000  0.000               2045579                909227         100           0       0.000      99.000     157.421        7209216015    915      0     32          44    915
     GPU 0  1.000  0.935  0.749  0.000  0.001  0.000  0.620  0.000               4981180               3153218         100           0       0.000      99.000     157.421        7209231751    915      0     32          44    915
     GPU 0  1.000  0.937  0.744  0.000  0.001  0.000  0.620  0.000               7600323               4942262         100           0       0.000      99.000     157.421        7209231751    915      0     32          44    915
     GPU 0  1.000  0.000  0.000  0.000  0.001  0.000  0.000  0.000               9054249               5848140         100           0       0.000      99.000     157.421        7209231751    915      0     32          44    915
     GPU 0  1.000  0.931  0.728  0.000  0.001  0.000  0.614  0.000              10490387               6624380         100           0       0.000      99.000     157.421        7209231751    915      0     32          44    915
     GPU 0  1.000  0.948  0.769  0.000  0.001  0.000  0.630  0.000               9717028               6873825         100           0       0.000      99.000     157.421        7209231751    915      0     32          44    915
     GPU 0  1.000  0.948  0.769  0.000  0.001  0.000  0.630  0.000               9717028               6873825         100           0       0.000      99.000     157.421        7209231751    915      0     32          44    915
     GPU 0  1.000  0.000  0.000  0.000  0.001  0.000  0.000  0.000               8343226               6459463         100           0       0.000      99.000     157.421        7209247709    915      0     32          44    915

# Entity  GRACT  SMACT  SMOCC  TENSO  DRAMA  FP64A  FP32A  FP16A                 PCITX                 PCIRX       GPUTL       MCUTL       MUSAM       GUSAM       POWER             TOTEC  SACLK  PSTAT  TMPTR       MMTMP  SMCLK
      Id                                                                                                                                                               W                mJ                    C           C       
     GPU 0  1.000  0.938  0.744  0.000  0.001  0.000  0.593  0.000               4608949               3694996         100           0       0.000      99.000     157.421        7209247709    915      0     32          44    915
     GPU 0  1.000  0.951  0.771  0.000  0.001  0.000  0.633  0.000              10591423               7756036         100           0       0.000      99.000     157.421        7209247709    915      0     32          44    915
     GPU 0  1.000  0.000  0.000  0.000  0.001  0.000  0.000  0.000              10038315               7473268         100           0       0.000      99.000     157.421        7209247709    915      0     32          44    915
     GPU 0  1.000  0.946  0.740  0.000  0.001  0.000  0.625  0.000              10486806               7476770         100           0       0.000      99.000     156.882        7209263544    915      0     32          44    915
     GPU 0  1.000  0.946  0.740  0.000  0.001  0.000  0.625  0.000              10486806               7476770         100           0       0.000      99.000     156.882        7209263544    915      0     32          44    915
     GPU 0  1.000  0.936  0.763  0.000  0.001  0.000  0.619  0.000               7718340               6099708         100           0       0.000      99.000     156.882        7209263544    915      0     32          44    915
     GPU 0  1.000  0.000  0.000  0.000  0.001  0.000  0.000  0.000               3387973               1244882         100           0       0.000      99.000     156.882        7209263544    915      0     32          44    915
     GPU 0  1.000  0.931  0.734  0.000  0.001  0.000  0.612  0.000               3378645               1242469         100           0       0.000      99.000     156.882        7209263544    915      0     32          44    915
     GPU 0  1.000  0.959  0.757  0.000  0.001  0.000  0.643  0.000               4888624               2704563         100           0       0.000      99.000     156.882        7209263544    915      0     32          44    915
     GPU 0  1.000  0.000  0.000  0.000  0.001  0.000  0.000  0.000               7483745               3856213         100           0       0.000      99.000     157.663        7209279493    915      0     32          44    915
     GPU 0  1.000  0.000  0.000  0.000  0.001  0.000  0.000  0.000               7483745               3856213         100           0       0.000      99.000     157.663        7209279493    915      0     32          44    915
     GPU 0  1.000  0.931  0.732  0.000  0.001  0.000  0.613  0.000               4701581               3194999         100           0       0.000      99.000     157.663        7209279493    915      0     32          44    915
     GPU 0  1.000  0.929  0.720  0.000  0.001  0.000  0.610  0.000               8165120               5794509         100           0       0.000      99.000     157.663        7209279493    915      0     32          44    915
     GPU 0  1.000  0.000  0.000  0.000  0.001  0.000  0.000  0.000               9647422               7284426         100           0       0.000      99.000     156.591        7209295287    915      0     32          44    915

# Entity  GRACT  SMACT  SMOCC  TENSO  DRAMA  FP64A  FP32A  FP16A                 PCITX                 PCIRX       GPUTL       MCUTL       MUSAM       GUSAM       POWER             TOTEC  SACLK  PSTAT  TMPTR       MMTMP  SMCLK
      Id                                                                                                                                                               W                mJ                    C           C       
     GPU 0  1.000  0.941  0.767  0.000  0.001  0.000  0.623  0.000              11081629               7986724         100           0       0.000      99.000     156.591        7209295287    915      0     32          44    915
     GPU 0  1.000  0.941  0.767  0.000  0.001  0.000  0.623  0.000              11081629               7986724         100           0       0.000      99.000     156.591        7209295287    915      0     32          44    915
     GPU 0  1.000  0.943  0.755  0.000  0.001  0.000  0.609  0.000               7880377               5443861         100           0       0.000      99.000     156.591        7209295287    915      0     32          44    915
     GPU 0  1.000  0.000  0.000  0.000  0.001  0.000  0.000  0.000               3373070               1240813         100           0       0.000      99.000     156.591        7209295287    915      0     32          44    915
     GPU 0  1.000  0.940  0.771  0.000  0.001  0.000  0.624  0.000               3551345               1243689         100           0       0.000      99.000     156.591        7209295287    915      0     33          44    915
     GPU 0  1.000  0.000  0.000  0.000  0.001  0.000  0.000  0.000               7905575               5251955         100           0       0.000      99.000     157.421        7209311278    915      0     33          44    915
     GPU 0  1.000  0.930  0.750  0.000  0.001  0.000  0.613  0.000               3509235               1243670         100           0       0.000      99.000     157.421        7209311278    915      0     33          44    915
     GPU 0  1.000  0.919  0.721  0.000  0.001  0.000  0.599  0.000               4077812               1159260         100           0       0.000      99.000     157.421        7209311278    915      0     33          44    915
     GPU 0  1.000  0.919  0.721  0.000  0.001  0.000  0.599  0.000               4077812               1159260         100           0       0.000      99.000     157.421        7209311278    915      0     33          44    915
     GPU 0  1.000  0.000  0.000  0.000  0.001  0.000  0.000  0.000               4611749               2749721         100           0       0.000      99.000     156.591        7209327085    915      0     33          44    915
     GPU 0  1.000  0.942  0.736  0.000  0.001  0.000  0.603  0.000               6590853               4578588         100           0       0.000      99.000     156.591        7209327085    915      0     33          44    915
     GPU 0  1.000  0.937  0.752  0.000  0.001  0.000  0.599  0.000               8791276               6176603         100           0       0.000      99.000     156.591        7209327085    915      0     33          44    915
     GPU 0  1.000  0.937  0.752  0.000  0.001  0.000  0.599  0.000               8791276               6176603         100           0       0.000      99.000     156.591        7209327085    915      0     33          44    915
     GPU 0  1.000  0.000  0.000  0.000  0.001  0.000  0.000  0.000               7108246               5503784         100           0       0.000      99.000     156.591        7209327085    915      0     33          44    915

# Entity  GRACT  SMACT  SMOCC  TENSO  DRAMA  FP64A  FP32A  FP16A                 PCITX                 PCIRX       GPUTL       MCUTL       MUSAM       GUSAM       POWER             TOTEC  SACLK  PSTAT  TMPTR       MMTMP  SMCLK
      Id                                                                                                                                                               W                mJ                    C           C       
     GPU 0  1.000  0.926  0.739  0.000  0.001  0.000  0.609  0.000               7844876               6334555         100           0       0.000      99.000     156.591        7209327085    915      0     33          44    915
     GPU 0  1.000  0.915  0.680  0.000  0.001  0.000  0.598  0.000               6068110               4503329         100           0       0.000      99.000     157.124        7209343035    915      0     33          44    915
     GPU 0  1.000  0.000  0.000  0.000  0.001  0.000  0.000  0.000               3321860               1370327         100           0       0.000      99.000     157.124        7209343035    915      0     33          44    915
     GPU 0  1.000  0.000  0.000  0.000  0.001  0.000  0.000  0.000               3321860               1370327         100           0       0.000      99.000     157.124        7209343035    915      0     33          44    915
     GPU 0  1.000  0.933  0.722  0.000  0.001  0.000  0.614  0.000               2537207               1150300         100           0       0.000      99.000     157.124        7209343035    915      0     33          44    915
     GPU 0  1.000  0.920  0.688  0.000  0.001  0.000  0.599  0.000               4466049               2853970         100           0       0.000      99.000     157.124        7209358872    915      0     33          44    915
     GPU 0  1.000  0.000  0.000  0.000  0.001  0.000  0.000  0.000               6935051               4445066         100           0       0.000      99.000     157.124        7209358872    915      0     33          44    915
     GPU 0  1.000  0.929  0.725  0.000  0.001  0.000  0.602  0.000               7279217               5048788         100           0       0.000      99.000     157.124        7209358872    915      0     33          44    915
     GPU 0  1.000  0.929  0.725  0.000  0.001  0.000  0.602  0.000               7279217               5048788         100           0       0.000      99.000     157.124        7209358872    915      0     33          44    915
     GPU 0  1.000  0.947  0.742  0.000  0.001  0.000  0.601  0.000               9886958               6971078         100           0       0.000      99.000     157.124        7209358872    915      0     33          44    915
     GPU 0  1.000  0.000  0.000  0.000  0.001  0.000  0.000  0.000               5327429               3661825         100           0       0.000      99.000     157.663        7209374794    915      0     33          44    915
     GPU 0  1.000  0.000  0.000  0.000  0.001  0.000  0.000  0.000               5327429               3661825         100           0       0.000      99.000     157.663        7209374794    915      0     33          44    915
     GPU 0  1.000  0.935  0.761  0.000  0.001  0.000  0.618  0.000               8702652               6812059         100           0       0.000      99.000     157.663        7209374794    915      0     33          44    915
     GPU 0  1.000  0.000  0.000  0.000  0.001  0.000  0.000  0.000               1255847               1088401         100           0       0.000      99.000     157.663        7209374794    915      0     33          44    915

# Entity  GRACT  SMACT  SMOCC  TENSO  DRAMA  FP64A  FP32A  FP16A                 PCITX                 PCIRX       GPUTL       MCUTL       MUSAM       GUSAM       POWER             TOTEC  SACLK  PSTAT  TMPTR       MMTMP  SMCLK
      Id                                                                                                                                                               W                mJ                    C           C       
     GPU 0  1.000  0.939  0.732  0.000  0.001  0.000  0.594  0.000               6327703               5415697         100           0       0.000      99.000     157.663        7209374794    915      0     33          44    915
     GPU 0  1.000  0.966  0.738  0.000  0.001  0.000  0.639  0.000               3386236                693734         100           0       0.000      99.000     157.663        7209390772    915      0     33          44    915
     GPU 0  1.000  0.000  0.000  0.000  0.001  0.000  0.000  0.000               1423480                921075         100           0       0.000      99.000     156.301        7209390772    915      0     33          44    915
     GPU 0  1.000  0.955  0.758  0.000  0.001  0.000  0.641  0.000               3472482               2288320         100           0       0.000      99.000     156.301        7209390772    915      0     33          44    915
     GPU 0  1.000  0.000  0.000  0.000  0.001  0.000  0.000  0.000               3540433               1682615         100           0       0.000      99.000     156.301        7209390772    915      0     33          44    915
     GPU 0  1.000  0.000  0.000  0.000  0.001  0.000  0.000  0.000               3540433               1682615         100           0       0.000      99.000     156.301        7209390772    915      0     33          44    915
     GPU 0  1.000  0.936  0.739  0.000  0.001  0.000  0.615  0.000               4176025               2585324         100           0       0.000      99.000     157.421        7209406601    915      0     33          44    915
     GPU 0  1.000  0.932  0.741  0.000  0.001  0.000  0.610  0.000               6802144               4753086         100           0       0.000      99.000     157.421        7209406601    915      0     33          44    915
     GPU 0  1.000  0.000  0.000  0.000  0.001  0.000  0.000  0.000               9651156               7198076         100           0       0.000      99.000     157.421        7209406601    915      0     33          44    915
     GPU 0  1.000  0.000  0.000  0.000  0.001  0.000  0.000  0.000               9651156               7198076         100           0       0.000      99.000     157.421        7209406601    915      0     33          44    915
     GPU 0  1.000  0.946  0.766  0.000  0.001  0.000  0.606  0.000               4639523               4054514         100           0       0.000      99.000     157.421        7209406601    915      0     33          44    915
     GPU 0  1.000  0.923  0.699  0.000  0.001  0.000  0.604  0.000               6222121               4715882         100           0       0.000      99.000     157.421        7209422502    915      0     33          44    915
     GPU 0  1.000  0.000  0.000  0.000  0.001  0.000  0.000  0.000               1088583                921109         100           0       0.000      99.000     157.663        7209422502    915      0     33          44    915
     GPU 0  1.000  0.931  0.729  0.000  0.001  0.000  0.607  0.000               3138903               3075788         100           0       0.000      99.000     157.663        7209422502    915      0     33          44    915

# Entity  GRACT  SMACT  SMOCC  TENSO  DRAMA  FP64A  FP32A  FP16A                 PCITX                 PCIRX       GPUTL       MCUTL       MUSAM       GUSAM       POWER             TOTEC  SACLK  PSTAT  TMPTR       MMTMP  SMCLK
      Id                                                                                                                                                               W                mJ                    C           C       
     GPU 0  1.000  0.000  0.000  0.000  0.001  0.000  0.000  0.000               3185144               1358842         100           0       0.000      99.000     157.663        7209422502    915      0     33          44    915
     GPU 0  1.000  0.000  0.000  0.000  0.001  0.000  0.000  0.000               3185144               1358842         100           0       0.000      99.000     157.663        7209422502    915      0     33          44    915
     GPU 0  1.000  0.933  0.739  0.000  0.001  0.000  0.596  0.000               4825257               2979265         100           0       0.000      99.000     157.124        7209438366    915      0     33          44    915
     GPU 0  1.000  0.933  0.718  0.000  0.001  0.000  0.610  0.000               5416048               3473983         100           0       0.000      99.000     157.124        7209438366    915      0     33          44    915
     GPU 0  1.000  0.000  0.000  0.000  0.001  0.000  0.000  0.000               6966235               4827731         100           0       0.000      99.000     157.124        7209438366    915      0     33          44    915
     GPU 0  1.000  0.949  0.757  0.000  0.001  0.000  0.626  0.000              10230200               7616713         100           0       0.000      99.000     157.124        7209438366    915      0     33          44    915
     GPU 0  1.000  0.949  0.757  0.000  0.001  0.000  0.626  0.000              10230200               7616713         100           0       0.000      99.000     157.124        7209438366    915      0     33          44    915
     GPU 0  1.000  0.945  0.761  0.000  0.001  0.000  0.628  0.000               7804913               5295898         100           0       0.000      99.000     157.124        7209454277    915      0     33          44    915
     GPU 0  1.000  0.000  0.000  0.000  0.001  0.000  0.000  0.000               1256182               1256182         100           0       0.000      99.000     157.663        7209454277    915      0     33          44    915
     GPU 0  1.000  0.939  0.746  0.000  0.001  0.000  0.607  0.000               8839445               6544317         100           0       0.000      99.000     157.663        7209454277    915      0     33          44    915
     GPU 0  1.000  0.000  0.000  0.000  0.001  0.000  0.000  0.000               3619075               2724771         100           0       0.000      99.000     157.663        7209454277    915      0     33          44    915
     GPU 0  1.000  0.933  0.742  0.000  0.001  0.000  0.592  0.000               2334551               1483694         100           0       0.000      99.000     157.663        7209454277    915      0     33          44    915
     GPU 0  1.000  0.933  0.742  0.000  0.001  0.000  0.592  0.000               2334551               1483694         100           0       0.000      99.000     157.421        7209470102    915      0     33          44    915
     GPU 0  1.000  0.930  0.697  0.000  0.001  0.000  0.608  0.000               6790478               3311212         100           0       0.000      99.000     157.421        7209470102    915      0     33          44    915

# Entity  GRACT  SMACT  SMOCC  TENSO  DRAMA  FP64A  FP32A  FP16A                 PCITX                 PCIRX       GPUTL       MCUTL       MUSAM       GUSAM       POWER             TOTEC  SACLK  PSTAT  TMPTR       MMTMP  SMCLK
      Id                                                                                                                                                               W                mJ                    C           C       
     GPU 0  1.000  0.000  0.000  0.000  0.001  0.000  0.000  0.000               4543727               3191081         100           0       0.000      99.000     157.421        7209470102    915      0     33          44    915
     GPU 0  1.000  0.943  0.746  0.000  0.001  0.000  0.622  0.000               7303096               4975855         100           0       0.000      99.000     157.421        7209470102    915      0     33          44    915
     GPU 0  1.000  0.943  0.746  0.000  0.001  0.000  0.622  0.000               7303096               4975855         100           0       0.000      99.000     157.421        7209470102    915      0     33          44    915
     GPU 0  1.000  0.933  0.740  0.000  0.001  0.000  0.614  0.000              10578800               7568574         100           0       0.000      99.000     157.421        7209485988    915      0     33          44    915
     GPU 0  1.000  0.000  0.000  0.000  0.001  0.000  0.000  0.000              10190075               6484767         100           0       0.000      99.000     157.124        7209485988    915      0     33          44    915
     GPU 0  1.000  0.941  0.740  0.000  0.001  0.000  0.602  0.000               3549846               1601915         100           0       0.000      99.000     157.124        7209485988    915      0     33          44    915
     GPU 0  1.000  0.931  0.799  0.000  0.001  0.000  0.611  0.000               3501900               1199995         100           0       0.000      99.000     157.124        7209485988    915      0     33          44    915
     GPU 0  1.000  0.931  0.799  0.000  0.001  0.000  0.611  0.000               3501900               1199995         100           0       0.000      99.000     157.124        7209485988    915      0     33          44    915
     GPU 0  1.000  0.000  0.000  0.000  0.001  0.000  0.000  0.000               4781417               3071606         100           0       0.000      99.000     157.421        7209501867    915      0     33          44    915
     GPU 0  1.000  0.944  0.764  0.000  0.001  0.000  0.624  0.000               7046330               4591988         100           0       0.000      99.000     157.421        7209501867    915      0     33          44    915
     GPU 0  1.000  0.930  0.744  0.000  0.001  0.000  0.612  0.000               7540317               5615906         100           0       0.000      99.000     157.421        7209501867    915      0     33          44    915
     GPU 0  1.000  0.930  0.744  0.000  0.001  0.000  0.612  0.000               7540317               5615906         100           0       0.000      99.000     157.421        7209501867    915      0     33          44    915
     GPU 0  1.000  0.000  0.000  0.000  0.001  0.000  0.000  0.000               6111874               4532851         100           0       0.000      99.000     157.421        7209501867    915      0     33          44    915
     GPU 0  1.000  0.941  0.763  0.000  0.001  0.000  0.626  0.000              11481421               8299395         100           0       0.000      99.000     157.421        7209501867    915      0     33          44    915

# Entity  GRACT  SMACT  SMOCC  TENSO  DRAMA  FP64A  FP32A  FP16A                 PCITX                 PCIRX       GPUTL       MCUTL       MUSAM       GUSAM       POWER             TOTEC  SACLK  PSTAT  TMPTR       MMTMP  SMCLK
      Id                                                                                                                                                               W                mJ                    C           C       
     GPU 0  1.000  0.946  0.755  0.000  0.001  0.000  0.628  0.000              10851966               7476173         100           0       0.000      99.000     157.421        7209517779    915      0     33          44    915
     GPU 0  1.000  0.000  0.000  0.000  0.001  0.000  0.000  0.000               8289327               6106393         100           0       0.000      99.000     157.421        7209517779    915      0     33          44    915
     GPU 0  1.000  0.000  0.000  0.000  0.001  0.000  0.000  0.000               8289327               6106393         100           0       0.000      99.000     157.421        7209517779    915      0     33          44    915
     GPU 0  1.000  0.930  0.724  0.000  0.001  0.000  0.587  0.000               5872000               4245777         100           0       0.000      99.000     157.421        7209517779    915      0     33          44    915
     GPU 0  1.000  0.956  0.781  0.000  0.001  0.000  0.643  0.000               4592676               2709086         100           0       0.000      99.000     157.421        7209533705    915      0     33          44    915
     GPU 0  1.000  0.000  0.000  0.000  0.001  0.000  0.000  0.000               5386863               3932284         100           0       0.000      99.000     157.421        7209533705    915      0     33          44    915
     GPU 0  1.000  0.000  0.000  0.000  0.001  0.000  0.000  0.000               5386863               3932284         100           0       0.000      99.000     157.421        7209533705    915      0     33          44    915
     GPU 0  1.000  0.939  0.738  0.000  0.001  0.000  0.620  0.000               7819537               5634948         100           0       0.000      99.000     157.421        7209533705    915      0     33          44    915
     GPU 0  1.000  0.938  0.756  0.000  0.001  0.000  0.622  0.000               9123465               5653344         100           0       0.000      99.000     157.421        7209533705    915      0     33          44    915
     GPU 0  1.000  0.000  0.000  0.000  0.001  0.000  0.000  0.000               3423536               1284936         100           0       0.000      99.000     157.421        7209533705    915      0     33          44    915
     GPU 0  1.000  0.931  0.735  0.000  0.001  0.000  0.611  0.000               1423256               1004651         100           0       0.000      99.000     156.882        7209549624    915      0     33          44    915
     GPU 0  1.000  0.000  0.000  0.000  0.001  0.000  0.000  0.000               3318031               1285463         100           0       0.000      99.000     156.882        7209549624    915      0     33          44    915
     GPU 0  1.000  0.000  0.000  0.000  0.001  0.000  0.000  0.000               3318031               1285463         100           0       0.000      99.000     156.882        7209549624    915      0     33          44    915
     GPU 0  1.000  0.933  0.724  0.000  0.001  0.000  0.613  0.000               3309991                734306         100           0       0.000      99.000     156.882        7209549624    915      0     33          44    915

# Entity  GRACT  SMACT  SMOCC  TENSO  DRAMA  FP64A  FP32A  FP16A                 PCITX                 PCIRX       GPUTL       MCUTL       MUSAM       GUSAM       POWER             TOTEC  SACLK  PSTAT  TMPTR       MMTMP  SMCLK
      Id                                                                                                                                                               W                mJ                    C           C       
     GPU 0  1.000  0.921  0.754  0.000  0.001  0.000  0.602  0.000               4388400               2875587         100           0       0.000      99.000     157.421        7209565516    915      0     33          44    915
     GPU 0  1.000  0.000  0.000  0.000  0.001  0.000  0.000  0.000               5898379               4011067         100           0       0.000      99.000     157.421        7209565516    915      0     33          44    915
     GPU 0  1.000  0.932  0.740  0.000  0.001  0.000  0.614  0.000               8216283               5839339         100           0       0.000      99.000     157.421        7209565516    915      0     33          44    915
     GPU 0  1.000  0.932  0.740  0.000  0.001  0.000  0.614  0.000               8216283               5839339         100           0       0.000      99.000     157.421        7209565516    915      0     33          44    915
     GPU 0  1.000  0.946  0.753  0.000  0.001  0.000  0.629  0.000               8753349               6183766         100           0       0.000      99.000     157.421        7209565516    915      0     33          44    915
     GPU 0  1.000  0.000  0.000  0.000  0.001  0.000  0.000  0.000               9790636               6267718         100           0       0.000      99.000     157.421        7209565516    915      0     33          44    915
     GPU 0  1.000  0.947  0.762  0.000  0.001  0.000  0.604  0.000              10607723               6882854         100           0       0.000      99.000     157.421        7209581479    915      0     33          44    915
     GPU 0  1.000  0.910  0.792  0.000  0.001  0.000  0.600  0.000               3466429               1351023         100           0       0.000      99.000     157.421        7209581479    915      0     33          44    915
     GPU 0  1.000  0.910  0.792  0.000  0.001  0.000  0.600  0.000               3466429               1351023         100           0       0.000      99.000     157.421        7209581479    915      0     33          44    915
     GPU 0  1.000  0.000  0.000  0.000  0.001  0.000  0.000  0.000               4399652               2930533         100           0       0.000      99.000     157.421        7209581479    915      0     33          44    915
     GPU 0  1.000  0.941  0.750  0.000  0.001  0.000  0.622  0.000               6832858               4585424         100           0       0.000      99.000     157.421        7209597353    915      0     33          44    915
     GPU 0  1.000  0.945  0.760  0.000  0.001  0.000  0.628  0.000               9410781               7136837         100           0       0.000      99.000     157.421        7209597353    915      0     33          44    915
     GPU 0  1.000  0.945  0.760  0.000  0.001  0.000  0.628  0.000               9410781               7136837         100           0       0.000      99.000     157.421        7209597353    915      0     33          44    915
     GPU 0  1.000  0.000  0.000  0.000  0.001  0.000  0.000  0.000               7555500               6387186         100           0       0.000      99.000     157.421        7209597353    915      0     33          44    915

# Entity  GRACT  SMACT  SMOCC  TENSO  DRAMA  FP64A  FP32A  FP16A                 PCITX                 PCIRX       GPUTL       MCUTL       MUSAM       GUSAM       POWER             TOTEC  SACLK  PSTAT  TMPTR       MMTMP  SMCLK
      Id                                                                                                                                                               W                mJ                    C           C       
     GPU 0  1.000  0.933  0.743  0.000  0.001  0.000  0.614  0.000               8666292               6126086         100           0       0.000      99.000     157.421        7209597353    915      0     33          44    915
     GPU 0  1.000  0.930  0.724  0.000  0.001  0.000  0.600  0.000               3455947               2966402         100           0       0.000      99.000     157.421        7209597353    915      0     33          44    915
     GPU 0  1.000  0.000  0.000  0.000  0.001  0.000  0.000  0.000               1172424                837446         100           0       0.000      99.000     157.124        7209613279    915      0     33          44    915
     GPU 0  1.000  0.946  0.781  0.000  0.001  0.000  0.628  0.000               2768875               2438123         100           0       0.000      99.000     157.124        7209613279    915      0     33          44    915
     GPU 0  1.000  0.000  0.000  0.000  0.001  0.000  0.000  0.000               3509182               1201689         100           0       0.000      99.000     157.124        7209613279    915      0     33          44    915
     GPU 0  1.000  0.000  0.000  0.000  0.001  0.000  0.000  0.000               3509182               1201689         100           0       0.000      99.000     157.124        7209613279    915      0     33          44    915
     GPU 0  1.000  0.944  0.768  0.000  0.001  0.000  0.628  0.000               3313511               1158005         100           0       0.000      99.000     157.663        7209629113    915      0     33          44    915
     GPU 0  1.000  0.923  0.680  0.000  0.001  0.000  0.602  0.000               5193729               3339466         100           0       0.000      99.000     157.663        7209629113    915      0     33          44    915
     GPU 0  1.000  0.000  0.000  0.000  0.001  0.000  0.000  0.000               6133147               4050688         100           0       0.000      99.000     157.663        7209629113    915      0     34          44    915
     GPU 0  1.000  0.000  0.000  0.000  0.001  0.000  0.000  0.000               6133147               4050688         100           0       0.000      99.000     157.663        7209629113    915      0     34          44    915
     GPU 0  1.000  0.939  0.738  0.000  0.001  0.000  0.622  0.000               8728451               6181852         100           0       0.000      99.000     157.663        7209629113    915      0     34          44    915
     GPU 0  1.000  0.937  0.730  0.000  0.001  0.000  0.617  0.000               5222678               3886282         100           0       0.000      99.000     157.663        7209629113    915      0     33          44    915
     GPU 0  1.000  0.000  0.000  0.000  0.001  0.000  0.000  0.000               1172645                837604         100           0       0.000      99.000     157.953        7209645015    915      0     34          44    915
     GPU 0  1.000  0.942  0.773  0.000  0.001  0.000  0.626  0.000               6873021               5615668         100           0       0.000      99.000     157.953        7209645015    915      0     34          44    915

# Entity  GRACT  SMACT  SMOCC  TENSO  DRAMA  FP64A  FP32A  FP16A                 PCITX                 PCIRX       GPUTL       MCUTL       MUSAM       GUSAM       POWER             TOTEC  SACLK  PSTAT  TMPTR       MMTMP  SMCLK
      Id                                                                                                                                                               W                mJ                    C           C       
     GPU 0  1.000  0.000  0.000  0.000  0.001  0.000  0.000  0.000               3459339               1116122         100           0       0.000      99.000     157.953        7209645015    915      0     34          44    915
     GPU 0  1.000  0.000  0.000  0.000  0.001  0.000  0.000  0.000               3459339               1116122         100           0       0.000      99.000     157.953        7209645015    915      0     34          44    915
     GPU 0  1.000  0.934  0.738  0.000  0.002  0.000  0.615  0.000               3507067               1900001         100           0       0.000      99.000     157.124        7209660876    915      0     34          44    915
     GPU 0  1.000  0.989  0.770  0.000  0.001  0.000  0.661  0.000               3150528                418501         100           0       0.000      99.000     157.124        7209660876    915      0     34          44    915
     GPU 0  1.000  0.000  0.000  0.000  0.001  0.000  0.000  0.000               5232919               2938053         100           0       0.000      99.000     157.124        7209660876    915      0     34          44    915
     GPU 0  1.000  0.939  0.765  0.000  0.001  0.000  0.623  0.000               6081212               4124565         100           0       0.000      99.000     157.124        7209660876    915      0     34          44    915
     GPU 0  1.000  0.939  0.765  0.000  0.001  0.000  0.623  0.000               6081212               4124565         100           0       0.000      99.000     157.124        7209660876    915      0     34          44    915
     GPU 0  1.000  0.941  0.743  0.000  0.001  0.000  0.608  0.000               9527770               6745226         100           0       0.000      99.000     157.124        7209660876    915      0     34          44    915
     GPU 0  1.000  0.000  0.000  0.000  0.001  0.000  0.000  0.000               8902343               5884163         100           0       0.000      99.000     157.953        7209676794    915      0     34          44    915
     GPU 0  1.000  0.939  0.771  0.000  0.001  0.000  0.625  0.000               3382209               1117503         100           0       0.000      99.000     157.953        7209676794    915      0     34          44    915
     GPU 0  1.000  0.997  0.801  0.000  0.001  0.000  0.675  0.000               3509506                862059         100           0       0.000      99.000     157.953        7209676794    915      0     34          45    915
     GPU 0  1.000  0.997  0.801  0.000  0.001  0.000  0.675  0.000               3509506                862059         100           0       0.000      99.000     157.953        7209676794    915      0     34          45    915
     GPU 0  1.000  0.000  0.000  0.000  0.001  0.000  0.000  0.000               4499814               2637254         100           0       0.000      99.000     157.124        7209692615    915      0     34          45    915
     GPU 0  1.000  0.932  0.751  0.000  0.001  0.000  0.616  0.000               5941008               3845590         100           0       0.000      99.000     157.124        7209692615    915      0     34          44    915

# Entity  GRACT  SMACT  SMOCC  TENSO  DRAMA  FP64A  FP32A  FP16A                 PCITX                 PCIRX       GPUTL       MCUTL       MUSAM       GUSAM       POWER             TOTEC  SACLK  PSTAT  TMPTR       MMTMP  SMCLK
      Id                                                                                                                                                               W                mJ                    C           C       
     GPU 0  1.000  0.942  0.753  0.000  0.001  0.000  0.622  0.000               7038532               4546893         100           0       0.000      99.000     157.124        7209692615    915      0     34          45    915
     GPU 0  1.000  0.942  0.753  0.000  0.001  0.000  0.622  0.000               7038532               4546893         100           0       0.000      99.000     157.124        7209692615    915      0     34          45    915
     GPU 0  1.000  0.000  0.000  0.000  0.001  0.000  0.000  0.000               9227287               6785825         100           0       0.000      99.000     157.124        7209692615    915      0     34          45    915
     GPU 0  1.000  0.945  0.771  0.000  0.001  0.000  0.604  0.000               6229904               4257940         100           0       0.000      99.000     157.421        7209692615    915      0     34          45    915
     GPU 0  1.000  0.949  0.775  0.000  0.001  0.000  0.630  0.000              10543853               7584492         100           0       0.000      99.000     157.421        7209708585    915      0     34          45    915
     GPU 0  1.000  0.000  0.000  0.000  0.001  0.000  0.000  0.000               7287281               5139750         100           0       0.000      99.000     157.421        7209708585    915      0     34          44    915
     GPU 0  1.000  0.000  0.000  0.000  0.001  0.000  0.000  0.000               7287281               5139750         100           0       0.000      99.000     157.421        7209708585    915      0     34          45    915
     GPU 0  1.000  0.933  0.725  0.000  0.001  0.000  0.614  0.000               3267806                692911         100           0       0.000      99.000     157.421        7209708585    915      0     34          45    915
     GPU 0  1.000  0.948  0.781  0.000  0.001  0.000  0.638  0.000               4436400               2255614         100           0       0.000      99.000     157.124        7209724493    915      0     34          45    915
     GPU 0  1.000  0.000  0.000  0.000  0.001  0.000  0.000  0.000               5020040               3655942         100           0       0.000      99.000     157.124        7209724493    915      0     34          45    915
     GPU 0  1.000  0.938  0.750  0.000  0.001  0.000  0.620  0.000               7110255               5361228         100           0       0.000      99.000     157.124        7209724493    915      0     34          45    915
     GPU 0  1.000  0.938  0.750  0.000  0.001  0.000  0.620  0.000               7110255               5361228         100           0       0.000      99.000     157.124        7209724493    915      0     34          45    915
     GPU 0  1.000  0.934  0.732  0.000  0.001  0.000  0.613  0.000               8872552               5984963         100           0       0.000      99.000     157.124        7209724493    915      0     34          45    915
     GPU 0  1.000  0.000  0.000  0.000  0.001  0.000  0.000  0.000               8276630               5350586         100           0       0.000      99.000     157.124        7209724493    915      0     34          45    915

# Entity  GRACT  SMACT  SMOCC  TENSO  DRAMA  FP64A  FP32A  FP16A                 PCITX                 PCIRX       GPUTL       MCUTL       MUSAM       GUSAM       POWER             TOTEC  SACLK  PSTAT  TMPTR       MMTMP  SMCLK
      Id                                                                                                                                                               W                mJ                    C           C       
     GPU 0  0.037  0.068  0.047  0.000  0.001  0.000  0.038  0.000            1270346677               6999322         100           0       0.000      99.000     157.124        7209740405    915      0     34          44    915
     GPU 0  0.000  0.000  0.000  0.000  0.000  0.000  0.000  0.000               1956800                976936         100           0       0.000      99.000     157.124        7209740405    915      0     32          45    915
     GPU 0  0.000  0.000  0.000  0.000  0.000  0.000  0.000  0.000               1494273                     0         100           0       0.000      99.000     157.124        7209740405    915      0     32          45    915
     GPU 0  0.000  0.000  0.000  0.000  0.000  0.000  0.000  0.000               1494273                     0          68           0       0.000      67.000     157.124        7209740405    915      0     31          45    915
     GPU 0  0.000  0.000  0.000  0.000  0.000  0.000  0.000  0.000               3912205               1846754          68           0       0.000      67.000      85.988        7209749821    915      0     31          45    915
     GPU 0  0.000  0.000  0.000  0.000  0.000  0.000  0.000  0.000               6617955               2746023          68           0       0.000      67.000      85.988        7209749821    915      0     31          44    915
     GPU 0  0.000  0.000  0.000  0.000  0.000  0.000  0.000  0.000               4603471               2130347          68           0       0.000      67.000      85.988        7209749821    915      0     31          44    915
     GPU 0  0.000  0.000  0.000  0.000  0.000  0.000  0.000  0.000               6523999               3609570          68           0       0.000      67.000      85.988        7209749821    915      0     30          45    915
     GPU 0  0.000  0.000  0.000  0.000  0.000  0.000  0.000  0.000               6523999               3609570          68           0       0.000      67.000      85.988        7209749821    915      0     30          44    915
     GPU 0  0.000  0.000  0.000  0.000  0.000  0.000  0.000  0.000               9180735               5507265          68           0       0.000      67.000      85.690        7209749821    915      0     30          44    915
     GPU 0  0.000  0.000  0.000  0.000  0.000  0.000  0.000  0.000               8163866               4940008          68           0       0.000      67.000      85.690        7209758497    915      0     30          44    915
     GPU 0  0.000  0.000  0.000  0.000  0.000  0.000  0.000  0.000               8557457               4912647          68           0       0.000      67.000      85.690        7209758497    915      0     30          44    915
     GPU 0  0.000  0.000  0.000  0.000  0.000  0.000  0.000  0.000               8557457               4912647          68           0       0.000      67.000      85.690        7209758497    915      0     30          44    915
     GPU 0  0.000  0.000  0.000  0.000  0.000  0.000  0.000  0.000              10977017               7332275           0           0       0.000      67.000      85.690        7209758497    915      0     30          44    915

# Entity  GRACT  SMACT  SMOCC  TENSO  DRAMA  FP64A  FP32A  FP16A                 PCITX                 PCIRX       GPUTL       MCUTL       MUSAM       GUSAM       POWER             TOTEC  SACLK  PSTAT  TMPTR       MMTMP  SMCLK
      Id                                                                                                                                                               W                mJ                    C           C       
     GPU 0  0.000  0.000  0.000  0.000  0.000  0.000  0.000  0.000               8284833               5232002           0           0       0.000       0.000      85.690        7209767177    915      0     30          44    915
     GPU 0  0.000  0.000  0.000  0.000  0.000  0.000  0.000  0.000               3248795                506571           0           0       0.000       0.000      85.690        7209767177    915      0     30          44    915
     GPU 0  0.000  0.000  0.000  0.000  0.000  0.000  0.000  0.000               3072084                467180           0           0       0.000       0.000      85.690        7209767177    915      0     30          44    915
     GPU 0  0.000  0.000  0.000  0.000  0.000  0.000  0.000  0.000                921113                 83737           0           0       0.000       0.000      85.690        7209767177    915      0     30          44    915
     GPU 0  0.000  0.000  0.000  0.000  0.000  0.000  0.000  0.000               3260257                275176           0           0       0.000       0.000      85.690        7209767177    915      0     30          44    915
     GPU 0  0.000  0.000  0.000  0.000  0.000  0.000  0.000  0.000               3196211                275322           0           0       0.000       0.000      85.690        7209767177    915      0     29          44    915
     GPU 0  0.000  0.000  0.000  0.000  0.000  0.000  0.000  0.000               3196211                275322           0           0       0.000       0.000      85.400        7209775898    915      0     29          44    915
     GPU 0  0.000  0.000  0.000  0.000  0.000  0.000  0.000  0.000               3190902                316543           0           0       0.000       0.000      85.400        7209775898    915      0     29          44    915
     GPU 0  0.000  0.000  0.000  0.000  0.000  0.000  0.000  0.000               4777808               1860850           0           0       0.000       0.000      85.400        7209775898    915      0     29          44    915
     GPU 0  0.000  0.000  0.000  0.000  0.000  0.000  0.000  0.000               4416113               2217452           0           0       0.000       0.000      85.400        7209775898    915      0     29          44    915
     GPU 0  0.000  0.000  0.000  0.000  0.000  0.000  0.000  0.000               6698249               3739823           0           0       0.000       0.000      85.400        7209784477    915      0     29          44    915
     GPU 0  0.000  0.000  0.000  0.000  0.000  0.000  0.000  0.000               8576477               5160381           0           0       0.000       0.000      85.400        7209784477    915      0     29          44    915
     GPU 0  0.000  0.000  0.000  0.000  0.000  0.000  0.000  0.000               8576477               5160381           0           0       0.000       0.000      85.400        7209784477    915      0     29          44    915
     GPU 0  0.000  0.000  0.000  0.000  0.000  0.000  0.000  0.000               9442541               5886945           0           0       0.000       0.000      85.400        7209784477    915      0     29          44    915

# Entity  GRACT  SMACT  SMOCC  TENSO  DRAMA  FP64A  FP32A  FP16A                 PCITX                 PCIRX       GPUTL       MCUTL       MUSAM       GUSAM       POWER             TOTEC  SACLK  PSTAT  TMPTR       MMTMP  SMCLK
      Id                                                                                                                                                               W                mJ                    C           C       
     GPU 0  0.000  0.000  0.000  0.000  0.000  0.000  0.000  0.000              16793002              10962099           0           0       0.000       0.000      85.400        7209784477    915      0     29          44    915
     GPU 0  0.000  0.000  0.000  0.000  0.000  0.000  0.000  0.000              16793002              10962099           0           0       0.000       0.000      85.400        7209784477    915      0     29          44    915
     GPU 0  0.000  0.000  0.000  0.000  0.000  0.000  0.000  0.000               8522094               9839145           0           0       0.000       0.000      85.400        7209784477    915      0     29          44    915
     GPU 0  0.000  0.000  0.000  0.000  0.000  0.000  0.000  0.000               8522094               9839145           0           0       0.000       0.000      85.400        7209793156    915      0     29          44    915
     GPU 0  0.000  0.000  0.000  0.000  0.000  0.000  0.000  0.000              11792887               8391092           0           0       0.000       0.000      85.400        7209793156    915      0     29          44    915
     GPU 0  0.000  0.000  0.000  0.000  0.000  0.000  0.000  0.000              11792887               8391092           0           0       0.000       0.000      85.400        7209793156    915      0     29          44    915
     GPU 0  0.000  0.000  0.000  0.000  0.000  0.000  0.000  0.000               7313208               6288557           9           0       0.000       0.000      85.400        7209801756    915      0     29          44    915
     GPU 0  0.000  0.000  0.000  0.000  0.000  0.000  0.000  0.000               7313208               6288557           9           0       0.000       0.000      85.400        7209801756    915      0     29          44    915
     GPU 0  0.000  0.000  0.000  0.000  0.000  0.000  0.000  0.000               1818454               3471594           9           0       0.000       0.000      85.400        7209801756    915      0     29          44    915
     GPU 0  0.000  0.000  0.000  0.000  0.000  0.000  0.000  0.000               8777843               7008136           9           0       0.000       0.000      85.400        7209801756    915      0     29          44    915
     GPU 0  0.000  0.000  0.000  0.000  0.000  0.000  0.000  0.000               3920924               2267644           9           0       0.000       0.000      85.400        7209801756    915      0     29          44    915
     GPU 0  0.000  0.000  0.000  0.000  0.000  0.000  0.000  0.000               3920924               2267644           9           0       0.000       0.000      85.400        7209801756    915      0     29          44    915
     GPU 0  0.000  0.000  0.000  0.000  0.000  0.000  0.000  0.000               3425735                 83815           9           0       0.000       0.000      85.400        7209810506    915      0     29          44    915
     GPU 0  0.000  0.000  0.000  0.000  0.000  0.000  0.000  0.000               4767471               2101578           9           0       0.000       0.000      85.400        7209810506    915      0     29          44    915

# Entity  GRACT  SMACT  SMOCC  TENSO  DRAMA  FP64A  FP32A  FP16A                 PCITX                 PCIRX       GPUTL       MCUTL       MUSAM       GUSAM       POWER             TOTEC  SACLK  PSTAT  TMPTR       MMTMP  SMCLK
      Id                                                                                                                                                               W                mJ                    C           C       
     GPU 0  0.000  0.000  0.000  0.000  0.000  0.000  0.000  0.000               5166187               2474922           9           0       0.000       0.000      85.400        7209810506    915      0     29          44    915
     GPU 0  0.000  0.000  0.000  0.000  0.000  0.000  0.000  0.000               6878422               3935883           0           0       0.000       0.000      85.400        7209810506    915      0     29          44    915
     GPU 0  0.000  0.000  0.000  0.000  0.000  0.000  0.000  0.000               9156754               5893864           0           0       0.000       0.000      85.400        7209819005    915      0     29          44    915
     GPU 0  0.000  0.000  0.000  0.000  0.000  0.000  0.000  0.000               9156754               5893864           0           0       0.000       0.000      85.400        7209819005    915      0     29          44    915
     GPU 0  0.000  0.000  0.000  0.000  0.000  0.000  0.000  0.000               9648854               6071604           0           0       0.000       0.000      85.400        7209819005    915      0     29          44    915
     GPU 0  0.000  0.000  0.000  0.000  0.000  0.000  0.000  0.000               4532026               2668369           0           0       0.000       0.000      85.400        7209819005    915      0     29          44    915
     GPU 0  0.000  0.000  0.000  0.000  0.000  0.000  0.000  0.000               3834384               2757833           0           0       0.000       0.000      85.400        7209819005    915      0     29          44    915
     GPU 0  0.000  0.000  0.000  0.000  0.000  0.000  0.000  0.000               3028436                275312           0           0       0.000       0.000      85.400        7209819005    915      0     29          44    915
     GPU 0  0.000  0.000  0.000  0.000  0.000  0.000  0.000  0.000               3028436                275312           0           0       0.000       0.000      85.400        7209827646    915      0     29          44    915
     GPU 0  0.000  0.000  0.000  0.000  0.000  0.000  0.000  0.000               3154427                275346           0           0       0.000       0.000      85.400        7209827646    915      0     29          44    915
     GPU 0  0.000  0.000  0.000  0.000  0.000  0.000  0.000  0.000               2080887                204795           0           0       0.000       0.000      85.400        7209827646    915      0     29          44    915
     GPU 0  0.000  0.000  0.000  0.000  0.000  0.000  0.000  0.000               4326890               1882087           0           0       0.000       0.000      85.400        7209827646    915      0     29          44    915
     GPU 0  0.000  0.000  0.000  0.000  0.000  0.000  0.000  0.000               4302180               2220553           0           0       0.000       0.000      85.400        7209836266    915      0     29          44    915
     GPU 0  0.000  0.000  0.000  0.000  0.000  0.000  0.000  0.000               4302180               2220553           0           0       0.000       0.000      85.400        7209836266    915      0     29          44    915

# Entity  GRACT  SMACT  SMOCC  TENSO  DRAMA  FP64A  FP32A  FP16A                 PCITX                 PCIRX       GPUTL       MCUTL       MUSAM       GUSAM       POWER             TOTEC  SACLK  PSTAT  TMPTR       MMTMP  SMCLK
      Id                                                                                                                                                               W                mJ                    C           C       
     GPU 0  0.000  0.000  0.000  0.000  0.000  0.000  0.000  0.000               7481146               4562547           0           0       0.000       0.000      85.400        7209836266    915      0     29          44    915
     GPU 0  0.000  0.000  0.000  0.000  0.000  0.000  0.000  0.000               3805076               2594509           0           0       0.000       0.000      85.400        7209836266    915      0     28          44    915
     GPU 0  0.000  0.000  0.000  0.000  0.000  0.000  0.000  0.000               3260491                275194           0           0       0.000       0.000      85.400        7209836266    915      0     28          44    915
     GPU 0  0.000  0.000  0.000  0.000  0.000  0.000  0.000  0.000               3260491                275194           0           0       0.000       0.000      85.400        7209836266    915      0     28          44    915
     GPU 0  0.000  0.000  0.000  0.000  0.000  0.000  0.000  0.000               7795156               2899286           0           0       0.000       0.000      85.158        7209844925    915      0     28          44    915
     GPU 0  0.000  0.000  0.000  0.000  0.000  0.000  0.000  0.000               9810207               6520850           0           0       0.000       0.000      85.158        7209844925    915      0     28          44    915
     GPU 0  0.000  0.000  0.000  0.000  0.000  0.000  0.000  0.000               6921055               4709722           0           0       0.000       0.000      85.158        7209844925    915      0     28          44    915
     GPU 0  0.000  0.000  0.000  0.000  0.000  0.000  0.000  0.000               6921055               4709722           0           0       0.000       0.000      85.158        7209844925    915      0     28          44    915
     GPU 0  0.000  0.000  0.000  0.000  0.000  0.000  0.000  0.000               5394909               3554289           0           0       0.000       0.000      85.158        7209853481    915      0     28          44    915
     GPU 0  0.000  0.000  0.000  0.000  0.000  0.000  0.000  0.000               7781334               5003151           0           0       0.000       0.000      85.158        7209853481    915      0     28          44    915
     GPU 0  0.000  0.000  0.000  0.000  0.000  0.000  0.000  0.000               3065641                274890           0           0       0.000       0.000      85.158        7209853481    915      0     28          44    915
     GPU 0  0.000  0.000  0.000  0.000  0.000  0.000  0.000  0.000               5351506               3010222           0           0       0.000       0.000      85.158        7209853481    915      0     28          44    915
     GPU 0  0.000  0.000  0.000  0.000  0.000  0.000  0.000  0.000               8855886               6029530           0           0       0.000       0.000      85.158        7209853481    915      0     28          44    915
     GPU 0  0.000  0.000  0.000  0.000  0.000  0.000  0.000  0.000               9117320               5969081           0           0       0.000       0.000      85.400        7209853481    915      0     28          44    915

# Entity  GRACT  SMACT  SMOCC  TENSO  DRAMA  FP64A  FP32A  FP16A                 PCITX                 PCIRX       GPUTL       MCUTL       MUSAM       GUSAM       POWER             TOTEC  SACLK  PSTAT  TMPTR       MMTMP  SMCLK
      Id                                                                                                                                                               W                mJ                    C           C       
     GPU 0  0.000  0.000  0.000  0.000  0.000  0.000  0.000  0.000               9117320               5969081           0           0       0.000       0.000      85.400        7209862125    915      0     28          44    915
     GPU 0  0.000  0.000  0.000  0.000  0.000  0.000  0.000  0.000               6444758               4310277           0           0       0.000       0.000      85.400        7209862125    915      0     28          44    915
     GPU 0  0.000  0.000  0.000  0.000  0.000  0.000  0.000  0.000               3145658                232686           0           0       0.000       0.000      85.400        7209862125    915      0     28          44    915
     GPU 0  0.000  0.000  0.000  0.000  0.000  0.000  0.000  0.000               3021486                274680           0           0       0.000       0.000      85.400        7209862125    915      0     28          44    915
     GPU 0  0.000  0.000  0.000  0.000  0.000  0.000  0.000  0.000               1799672                 83191           0           0       0.000       0.000      85.400        7209870683    915      0     28          44    915
     GPU 0  0.000  0.000  0.000  0.000  0.000  0.000  0.000  0.000               5235264               2697583           0           0       0.000       0.000      85.158        7209870683    915      0     28          44    915
     GPU 0  0.000  0.000  0.000  0.000  0.000  0.000  0.000  0.000               5235264               2697583           0           0       0.000       0.000      85.158        7209870683    915      0     28          44    915
     GPU 0  0.000  0.000  0.000  0.000  0.000  0.000  0.000  0.000               6980642               4709412           0           0       0.000       0.000      85.158        7209870683    915      0     28          44    915
     GPU 0  0.000  0.000  0.000  0.000  0.000  0.000  0.000  0.000               5860423               3683067           0           0       0.000       0.000      85.158        7209870683    915      0     28          44    915
     GPU 0  0.000  0.000  0.000  0.000  0.000  0.000  0.000  0.000               6702833               4660912           0           0       0.000       0.000      85.158        7209870683    915      0     28          44    915
     GPU 0  0.000  0.000  0.000  0.000  0.000  0.000  0.000  0.000               6702833               4660912           0           0       0.000       0.000      85.158        7209879308    915      0     28          44    915
     GPU 0  0.000  0.000  0.000  0.000  0.000  0.000  0.000  0.000               3194280                233222           0           0       0.000       0.000      85.158        7209879308    915      0     28          44    915
     GPU 0  0.000  0.000  0.000  0.000  0.000  0.000  0.000  0.000               3385567                275150           0           0       0.000       0.000      85.158        7209879308    915      0     28          44    915
     GPU 0  0.000  0.000  0.000  0.000  0.000  0.000  0.000  0.000               3953033                274699           0           0       0.000       0.000      85.158        7209879308    915      0     28          44    915

# Entity  GRACT  SMACT  SMOCC  TENSO  DRAMA  FP64A  FP32A  FP16A                 PCITX                 PCIRX       GPUTL       MCUTL       MUSAM       GUSAM       POWER             TOTEC  SACLK  PSTAT  TMPTR       MMTMP  SMCLK
      Id                                                                                                                                                               W                mJ                    C           C       
     GPU 0  0.000  0.000  0.000  0.000  0.000  0.000  0.000  0.000               4240021               1882234           0           0       0.000       0.000      85.158        7209887912    915      0     28          44    915
     GPU 0  0.000  0.000  0.000  0.000  0.000  0.000  0.000  0.000               6203539               3420611           0           0       0.000       0.000      85.158        7209887912    915      0     28          44    915
     GPU 0  0.000  0.000  0.000  0.000  0.000  0.000  0.000  0.000               6203539               3420611           0           0       0.000       0.000      85.158        7209887912    915      0     28          44    915
     GPU 0  0.000  0.000  0.000  0.000  0.000  0.000  0.000  0.000               8011131               4779816           0           0       0.000       0.000      85.158        7209887912    915      0     28          44    915
     GPU 0  0.000  0.000  0.000  0.000  0.000  0.000  0.000  0.000               8981971               5623250           0           0       0.000       0.000      85.158        7209887912    915      0     28          44    915
     GPU 0  0.000  0.000  0.000  0.000  0.000  0.000  0.000  0.000               4355873               2268115           0           0       0.000       0.000      85.158        7209896525    915      0     28          44    915
     GPU 0  0.000  0.000  0.000  0.000  0.000  0.000  0.000  0.000               4355873               2268115           0           0       0.000       0.000      85.158        7209896525    915      0     28          44    915
     GPU 0  0.000  0.000  0.000  0.000  0.000  0.000  0.000  0.000              10737534               6935840           0           0       0.000       0.000      85.158        7209896525    915      0     28          44    915
     GPU 0  0.000  0.000  0.000  0.000  0.000  0.000  0.000  0.000               3015724                340759           0           0       0.000       0.000      85.158        7209896525    915      0     28          44    915
     GPU 0  0.000  0.000  0.000  0.000  0.000  0.000  0.000  0.000               3027802                275254           0           0       0.000       0.000      85.158        7209896525    915      0     28          44    915
     GPU 0  0.000  0.000  0.000  0.000  0.000  0.000  0.000  0.000               3027802                275254           0           0       0.000       0.000      85.158        7209896525    915      0     28          44    915
     GPU 0  0.000  0.000  0.000  0.000  0.000  0.000  0.000  0.000               4673874               2092753           0           0       0.000       0.000      85.158        7209905144    915      0     28          44    915
     GPU 0  0.000  0.000  0.000  0.000  0.000  0.000  0.000  0.000               9271463               4073146           0           0       0.000       0.000      85.158        7209905144    915      0     28          44    915
