# Entity  GRACT  SMACT  SMOCC  TENSO  DRAMA  FP64A  FP32A  FP16A                 PCITX                 PCIRX       GPUTL       MCUTL       MUSAM       GUSAM       POWER             TOTEC  SACLK  PSTAT  TMPTR       MMTMP  SMCLK
      Id                                                                                                                                                               W                mJ                    C           C       
     GPU 0  0.000  0.000  0.000  0.000  0.000  0.000  0.000  0.000             127068166              10589013           0           0       0.000       0.000      76.729        8401501686    825      0     26          43    210
     GPU 0  0.000  0.000  0.000  0.000  0.000  0.000  0.000  0.000               8457721               4850551           0           0       0.000       0.000      78.383        8401501686    825      0     26          43    210
     GPU 0  0.000  0.000  0.000  0.000  0.000  0.000  0.000  0.000               8457721               4850551           0           0       0.000       0.000      78.383        8401509532    825      0     27          43    210
     GPU 0  0.000  0.000  0.000  0.000  0.000  0.000  0.000  0.000               9870746               5245994           0           0       0.000       0.000      78.383        8401509532    825      0     27          43    210
     GPU 0  0.000  0.000  0.000  0.000  0.000  0.000  0.000  0.000               5970762               3171826           0           0       0.000       0.000      78.383        8401509532    825      0     27          43    210
     GPU 0  0.000  0.000  0.000  0.000  0.000  0.000  0.000  0.000               8194862               5402461           0           0       0.000       0.000      78.383        8401509532    825      0     27          43    210
     GPU 0  0.000  0.000  0.000  0.000  0.000  0.000  0.000  0.000               8194862               5402461           0           0       0.000       0.000      78.383        8401517465    825      0     27          43    210
     GPU 0  0.000  0.000  0.000  0.000  0.000  0.000  0.000  0.000               5391774               3758200           0           0       0.000       0.000      78.383        8401517465    825      0     27          43    210
     GPU 0  0.000  0.000  0.000  0.000  0.000  0.000  0.000  0.000               3593545                442473           0           0       0.000       0.000      78.383        8401517465    825      0     27          43    210
     GPU 0  0.000  0.000  0.000  0.000  0.000  0.000  0.000  0.000               4601664               2039928           0           0       0.000       0.000      78.383        8401517465    825      0     27          43    210
     GPU 0  0.000  0.000  0.000  0.000  0.000  0.000  0.000  0.000               6876314               3728647           0           0       0.000       0.000      78.383        8401517465    825      0     27          43    210
     GPU 0  0.000  0.000  0.000  0.000  0.000  0.000  0.000  0.000               6876314               3728647           0           0       0.000       0.000      78.383        8401517465    825      0     27          43    210
     GPU 0  0.000  0.000  0.000  0.000  0.000  0.000  0.000  0.000               8373591               4562767           0           0       0.000       0.000      78.383        8401525480    825      0     27          43    210
     GPU 0  0.000  0.000  0.000  0.000  0.000  0.000  0.000  0.000               4298391               2878229           0           0       0.000       0.000      78.383        8401525480    825      0     27          43    210
     GPU 0  0.000  0.000  0.000  0.000  0.000  0.000  0.000  0.000               4298391               2878229           0           0       0.000       0.000      78.383        8401525480    825      0     27          43    210

# Entity  GRACT  SMACT  SMOCC  TENSO  DRAMA  FP64A  FP32A  FP16A                 PCITX                 PCIRX       GPUTL       MCUTL       MUSAM       GUSAM       POWER             TOTEC  SACLK  PSTAT  TMPTR       MMTMP  SMCLK
      Id                                                                                                                                                               W                mJ                    C           C       
     GPU 0  0.000  0.000  0.000  0.000  0.000  0.000  0.000  0.000               4546754               3601082           0           0       0.000       0.000      78.383        8401525480    825      0     27          43    210
     GPU 0  0.000  0.000  0.000  0.000  0.000  0.000  0.000  0.000               3301549                 41899           0           0       0.000       0.000      78.383        8401533340    825      0     27          43    210
     GPU 0  0.000  0.000  0.000  0.000  0.000  0.000  0.000  0.000                920699                 83699           0           0       0.000       0.000      78.383        8401533340    825      0     27          43    210
     GPU 0  0.000  0.000  0.000  0.000  0.000  0.000  0.000  0.000               3732697                692934           0           0       0.000       0.000      78.383        8401533340    825      0     27          43    210
     GPU 0  0.000  0.000  0.000  0.000  0.000  0.000  0.000  0.000               5230855               1782956           0           0       0.000       0.000      78.383        8401533340    825      0     27          43    210
     GPU 0  0.000  0.000  0.000  0.000  0.000  0.000  0.000  0.000               5553352               2564019           0           0       0.000       0.000      78.383        8401533340    825      0     27          43    210
     GPU 0  0.000  0.000  0.000  0.000  0.000  0.000  0.000  0.000               5553352               2564019           0           0       0.000       0.000      78.383        8401533340    825      0     27          43    210
     GPU 0  0.000  0.000  0.000  0.000  0.000  0.000  0.000  0.000               7068671               3839656           0           0       0.000       0.000      78.383        8401541349    825      0     27          43    210
     GPU 0  0.000  0.000  0.000  0.000  0.000  0.000  0.000  0.000              11570107               9461736           0           0       0.000       0.000      78.383        8401541349    825      0     27          43    210
     GPU 0  0.000  0.000  0.000  0.000  0.000  0.000  0.000  0.000              11570107               9461736           0           0       0.000       0.000      78.383        8401541349    825      0     27          43    210
     GPU 0  0.000  0.000  0.000  0.000  0.000  0.000  0.000  0.000               2335547               4337444           0           0       0.000       0.000      78.383        8401541349    825      0     27          43    210
     GPU 0  0.000  0.000  0.000  0.000  0.000  0.000  0.000  0.000               1148029                984024           0           0       0.000       0.000      78.383        8401541349    825      0     27          43    210
     GPU 0  0.000  0.000  0.000  0.000  0.000  0.000  0.000  0.000              11391074              18623503           0           0       0.000       0.000      78.383        8401549192    825      0     27          43    210
     GPU 0  0.000  0.000  0.000  0.000  0.000  0.000  0.000  0.000              11391074              18623503           0           0       0.000       0.000      78.383        8401549192    825      0     27          43    210

# Entity  GRACT  SMACT  SMOCC  TENSO  DRAMA  FP64A  FP32A  FP16A                 PCITX                 PCIRX       GPUTL       MCUTL       MUSAM       GUSAM       POWER             TOTEC  SACLK  PSTAT  TMPTR       MMTMP  SMCLK
      Id                                                                                                                                                               W                mJ                    C           C       
     GPU 0  0.000  0.000  0.000  0.000  0.000  0.000  0.000  0.000               6386510              17212424           0           0       0.000       0.000      78.383        8401549192    825      0     27          43    210
     GPU 0  0.000  0.000  0.000  0.000  0.000  0.000  0.000  0.000               5878558               4716517           0           0       0.000       0.000      78.383        8401549192    825      0     27          43    210
     GPU 0  0.000  0.000  0.000  0.000  0.000  0.000  0.000  0.000               3037205               2557646           0           0       0.000       0.000      78.383        8401557128    825      0     27          43    210
     GPU 0  0.000  0.000  0.000  0.000  0.000  0.000  0.000  0.000               3037205               2557646           0           0       0.000       0.000      78.383        8401557128    825      0     27          43    210
     GPU 0  0.000  0.000  0.000  0.000  0.000  0.000  0.000  0.000               6180967               4054183           0           0       0.000       0.000      78.383        8401557128    825      0     27          43    210
     GPU 0  0.000  0.000  0.000  0.000  0.000  0.000  0.000  0.000               6180967               4054183           0           0       0.000       0.000      78.383        8401557128    825      0     27          43    210
     GPU 0  0.000  0.000  0.000  0.000  0.000  0.000  0.000  0.000               6180967               4054183           0           0       0.000       0.000      78.383        8401557128    825      0     27          43    210
     GPU 0  0.000  0.000  0.000  0.000  0.000  0.000  0.000  0.000               9857961               7472859           0           0       0.000       0.000      78.383        8401565065    825      0     27          43    210
     GPU 0  0.000  0.000  0.000  0.000  0.000  0.000  0.000  0.000              10004618               6996693           0           0       0.000       0.000      78.383        8401565065    825      0     27          43    210
     GPU 0  0.000  0.000  0.000  0.000  0.000  0.000  0.000  0.000              10004618               6996693           0           0       0.000       0.000      78.383        8401565065    825      0     27          43    210
     GPU 0  0.000  0.000  0.000  0.000  0.000  0.000  0.000  0.000               8343191               6633570           0           0       0.000       0.000      78.383        8401565065    825      0     27          43    210
     GPU 0  0.000  0.000  0.000  0.000  0.000  0.000  0.000  0.000               8343191               6633570           0           0       0.000       0.000      78.383        8401565065    825      0     27          43    210
     GPU 0  0.000  0.000  0.000  0.000  0.000  0.000  0.000  0.000               7816469               5054650           0           0       0.000       0.000      78.383        8401565065    825      0     27          43    210
     GPU 0  0.000  0.000  0.000  0.000  0.000  0.000  0.000  0.000               7816469               5054650           0           0       0.000       0.000      78.383        8401573057    825      0     27          43    210

# Entity  GRACT  SMACT  SMOCC  TENSO  DRAMA  FP64A  FP32A  FP16A                 PCITX                 PCIRX       GPUTL       MCUTL       MUSAM       GUSAM       POWER             TOTEC  SACLK  PSTAT  TMPTR       MMTMP  SMCLK
      Id                                                                                                                                                               W                mJ                    C           C       
     GPU 0  0.000  0.000  0.000  0.000  0.000  0.000  0.000  0.000               1407559               3921057           0           0       0.000       0.000      78.383        8401573057    825      0     27          43    210
     GPU 0  0.000  0.000  0.000  0.000  0.000  0.000  0.000  0.000               7355340             340322883           0           0       0.000       0.000      78.383        8401573057    825      0     27          43    210
     GPU 0  0.000  0.000  0.000  0.000  0.000  0.000  0.000  0.000               5327866              19063773           0           0       0.000       0.000      78.383        8401573057    825      0     27          43    210
     GPU 0  0.000  0.000  0.000  0.000  0.000  0.000  0.000  0.000               5327866              19063773           0           0       0.000       3.000      78.383        8401573057    825      0     27          43    210
     GPU 0  0.000  0.000  0.000  0.000  0.000  0.000  0.000  0.000               5755845              20270587           3           0       0.000       3.000      78.383        8401580974    825      0     27          43    825
     GPU 0  0.141  0.000  0.000  0.000  0.000  0.000  0.000  0.000              53935162             336163038           3           0       0.000       3.000      78.383        8401580974    825      0     27          43    825
     GPU 0  0.010  0.000  0.000  0.000  0.002  0.000  0.000  0.000             494102983            4413144444           3           0       0.000       3.000      78.383        8401580974    825      0     27          43    825
     GPU 0  0.010  0.000  0.000  0.000  0.002  0.000  0.000  0.000             494102983            4413144444           3           0       0.000       3.000      78.383        8401580974    825      0     27          43    825
     GPU 0  0.901  0.759  0.609  0.000  0.001  0.000  0.492  0.000              76940439             679854787           3           0       0.000       3.000     139.270        8401590470    825      0     28          43    825
     GPU 0  1.000  0.944  0.767  0.000  0.001  0.000  0.627  0.000               1661727                956708           3           0       0.000       3.000     139.270        8401590470    825      0     28          43    825
     GPU 0  1.000  0.000  0.000  0.000  0.001  0.000  0.000  0.000               5051940               2911379           3           0       0.000       3.000     139.270        8401590470    825      0     29          43    825
     GPU 0  1.000  0.944  0.765  0.000  0.001  0.000  0.605  0.000               4479796               2950721           3           0       0.000       3.000     139.270        8401590470    825      0     29          43    825
     GPU 0  1.000  0.958  0.780  0.000  0.001  0.000  0.612  0.000               5796115               3669827           3           0       0.000       3.000     139.270        8401590470    825      0     29          43    825
     GPU 0  1.000  0.000  0.000  0.000  0.001  0.000  0.000  0.000               6926736               4625423           3           0       0.000       3.000     139.270        8401605403    825      0     30          43    825

# Entity  GRACT  SMACT  SMOCC  TENSO  DRAMA  FP64A  FP32A  FP16A                 PCITX                 PCIRX       GPUTL       MCUTL       MUSAM       GUSAM       POWER             TOTEC  SACLK  PSTAT  TMPTR       MMTMP  SMCLK
      Id                                                                                                                                                               W                mJ                    C           C       
     GPU 0  1.000  0.944  0.758  0.000  0.001  0.000  0.613  0.000              17801719              10643944          70           0       0.000      70.000     148.463        8401605403    825      0     30          43    825
     GPU 0  1.000  0.000  0.000  0.000  0.001  0.000  0.000  0.000               8484657               6134107          70           0       0.000      70.000     148.463        8401605403    825      0     30          43    825
     GPU 0  1.000  0.000  0.000  0.000  0.001  0.000  0.000  0.000               8484657               6134107          70           0       0.000      70.000     148.463        8401605403    825      0     30          43    825
     GPU 0  1.000  0.940  0.750  0.000  0.001  0.000  0.622  0.000               8336179               5168720          70           0       0.000      70.000     148.463        8401605403    825      0     30          43    825
     GPU 0  1.000  0.940  0.753  0.000  0.001  0.000  0.621  0.000               7046156               4769512          70           0       0.000      70.000     148.705        8401620460    825      0     30          43    825
     GPU 0  1.000  0.000  0.000  0.000  0.001  0.000  0.000  0.000              10071404               7399787          70           0       0.000      70.000     148.705        8401620460    825      0     30          43    825
     GPU 0  1.000  0.942  0.749  0.000  0.001  0.000  0.616  0.000              10551690               7352476          70           0       0.000      70.000     148.705        8401620460    825      0     30          43    825
     GPU 0  1.000  0.948  0.764  0.000  0.001  0.000  0.608  0.000               9904369               7369724          70           0       0.000      70.000     148.705        8401620460    825      0     30          43    825
     GPU 0  1.000  0.000  0.000  0.000  0.001  0.000  0.000  0.000               9328462               6639954          70           0       0.000      70.000     148.705        8401620460    825      0     30          43    825
     GPU 0  1.000  0.930  0.736  0.000  0.001  0.000  0.585  0.000               9907893               7509553          70           0       0.000      70.000     149.002        8401620460    825      0     31          43    825
     GPU 0  1.000  0.930  0.736  0.000  0.001  0.000  0.585  0.000               9907893               7509553         100           0       0.000      99.000     149.002        8401635452    825      0     31          44    825
     GPU 0  1.000  0.941  0.729  0.000  0.001  0.000  0.594  0.000              11974480               8494154         100           0       0.000      99.000     149.002        8401635452    825      0     31          44    825
     GPU 0  1.000  0.000  0.000  0.000  0.001  0.000  0.000  0.000              11819439               8656880         100           0       0.000      99.000     149.002        8401635452    825      0     31          44    825
     GPU 0  1.000  0.936  0.728  0.000  0.001  0.000  0.613  0.000              11100950               8011244         100           0       0.000      99.000     149.002        8401635452    825      0     31          44    825

# Entity  GRACT  SMACT  SMOCC  TENSO  DRAMA  FP64A  FP32A  FP16A                 PCITX                 PCIRX       GPUTL       MCUTL       MUSAM       GUSAM       POWER             TOTEC  SACLK  PSTAT  TMPTR       MMTMP  SMCLK
      Id                                                                                                                                                               W                mJ                    C           C       
     GPU 0  1.000  0.940  0.750  0.000  0.001  0.000  0.616  0.000               5951226               4511421         100           0       0.000      99.000     147.931        8401650478    825      0     31          44    825
     GPU 0  1.000  0.000  0.000  0.000  0.001  0.000  0.000  0.000               6565788               5235866         100           0       0.000      99.000     147.931        8401650478    825      0     31          44    825
     GPU 0  1.000  0.938  0.740  0.000  0.001  0.000  0.618  0.000               9109820               6517085         100           0       0.000      99.000     147.931        8401650478    825      0     31          44    825
     GPU 0  1.000  0.946  0.759  0.000  0.001  0.000  0.626  0.000               8290558               6022523         100           0       0.000      99.000     147.931        8401650478    825      0     31          44    825
     GPU 0  1.000  0.000  0.000  0.000  0.001  0.000  0.000  0.000               7921625               5962196         100           0       0.000      99.000     147.931        8401650478    825      0     31          44    825
     GPU 0  1.000  0.941  0.752  0.000  0.001  0.000  0.625  0.000               8875134               6615325         100           0       0.000      99.000     147.931        8401665564    825      0     31          44    825
     GPU 0  1.000  0.941  0.752  0.000  0.001  0.000  0.625  0.000               8875134               6615325         100           0       0.000      99.000     149.002        8401665564    825      0     31          44    825
     GPU 0  1.000  0.942  0.756  0.000  0.001  0.000  0.624  0.000               9398310               6669403         100           0       0.000      99.000     149.002        8401665564    825      0     31          44    825
     GPU 0  1.000  0.000  0.000  0.000  0.001  0.000  0.000  0.000               8719393               6749385         100           0       0.000      99.000     149.002        8401665564    825      0     31          44    825
     GPU 0  1.000  0.941  0.741  0.000  0.001  0.000  0.623  0.000               9203295               6511882         100           0       0.000      99.000     149.002        8401665564    825      0     31          44    825
     GPU 0  1.000  0.928  0.743  0.000  0.001  0.000  0.612  0.000               4510607               3691772         100           0       0.000      99.000     148.705        8401665564    825      0     31          44    825
     GPU 0  1.000  0.928  0.743  0.000  0.001  0.000  0.612  0.000               4510607               3691772         100           0       0.000      99.000     148.705        8401680835    825      0     31          44    825
     GPU 0  1.000  0.000  0.000  0.000  0.001  0.000  0.000  0.000               7678338               6984328         100           0       0.000      99.000     148.705        8401680835    825      0     31          44    825
     GPU 0  1.000  0.937  0.740  0.000  0.001  0.000  0.619  0.000               9420980               6821237         100           0       0.000      99.000     148.705        8401680835    825      0     31          44    825

# Entity  GRACT  SMACT  SMOCC  TENSO  DRAMA  FP64A  FP32A  FP16A                 PCITX                 PCIRX       GPUTL       MCUTL       MUSAM       GUSAM       POWER             TOTEC  SACLK  PSTAT  TMPTR       MMTMP  SMCLK
      Id                                                                                                                                                               W                mJ                    C           C       
     GPU 0  1.000  0.941  0.764  0.000  0.001  0.000  0.625  0.000               9767990               7174874         100           0       0.000      99.000     148.705        8401680835    825      0     31          44    825
     GPU 0  1.000  0.000  0.000  0.000  0.001  0.000  0.000  0.000              10058534               7577417         100           0       0.000      99.000     148.705        8401680835    825      0     31          44    825
     GPU 0  1.000  0.940  0.753  0.000  0.001  0.000  0.622  0.000               8819117               6767447         100           0       0.000      99.000     149.002        8401695660    825      0     31          44    825
     GPU 0  1.000  0.951  0.760  0.000  0.001  0.000  0.638  0.000               4219456               2866409         100           0       0.000      99.000     149.002        8401695660    825      0     31          44    825
     GPU 0  1.000  0.000  0.000  0.000  0.001  0.000  0.000  0.000               3388183                778211         100           0       0.000      99.000     149.002        8401695660    825      0     31          44    825
     GPU 0  1.000  0.000  0.000  0.000  0.001  0.000  0.000  0.000               3388183                778211         100           0       0.000      99.000     149.002        8401695660    825      0     32          44    825
     GPU 0  1.000  0.942  0.755  0.000  0.001  0.000  0.624  0.000               3581445               1395083         100           0       0.000      99.000     149.292        8401710760    825      0     32          44    825
     GPU 0  1.000  1.000  0.808  0.000  0.001  0.000  0.683  0.000               3276933                777451         100           0       0.000      99.000     149.292        8401710760    825      0     32          44    825
     GPU 0  1.000  0.000  0.000  0.000  0.001  0.000  0.000  0.000               5122211               2868266         100           0       0.000      99.000     149.292        8401710760    825      0     32          44    825
     GPU 0  1.000  0.932  0.722  0.000  0.001  0.000  0.611  0.000               4581768               3077881         100           0       0.000      99.000     149.292        8401710760    825      0     32          44    825
     GPU 0  1.000  0.940  0.743  0.000  0.001  0.000  0.625  0.000               7056135               4675015         100           0       0.000      99.000     149.292        8401710760    825      0     32          44    825
     GPU 0  1.000  0.000  0.000  0.000  0.001  0.000  0.000  0.000               9166682               6755643         100           0       0.000      99.000     149.292        8401710760    825      0     32          44    825
     GPU 0  1.000  0.000  0.000  0.000  0.001  0.000  0.000  0.000               9166682               6755643         100           0       0.000      99.000     149.002        8401725836    825      0     32          44    825
     GPU 0  1.000  0.948  0.775  0.000  0.001  0.000  0.632  0.000              11072027               7782468         100           0       0.000      99.000     149.002        8401725836    825      0     32          44    825

# Entity  GRACT  SMACT  SMOCC  TENSO  DRAMA  FP64A  FP32A  FP16A                 PCITX                 PCIRX       GPUTL       MCUTL       MUSAM       GUSAM       POWER             TOTEC  SACLK  PSTAT  TMPTR       MMTMP  SMCLK
      Id                                                                                                                                                               W                mJ                    C           C       
     GPU 0  1.000  0.947  0.754  0.000  0.001  0.000  0.628  0.000               7904259               5089968         100           0       0.000      99.000     149.002        8401725836    825      0     32          44    825
     GPU 0  1.000  0.947  0.754  0.000  0.001  0.000  0.628  0.000               7904259               5089968         100           0       0.000      99.000     149.002        8401725836    825      0     32          44    825
     GPU 0  1.000  0.000  0.000  0.000  0.001  0.000  0.000  0.000               5713254               3448361         100           0       0.000      99.000     147.931        8401740941    825      0     32          44    825
     GPU 0  1.000  0.943  0.746  0.000  0.001  0.000  0.624  0.000               5945344               3722733         100           0       0.000      99.000     147.931        8401740941    825      0     32          44    825
     GPU 0  1.000  0.930  0.705  0.000  0.001  0.000  0.597  0.000               4342312               2532657         100           0       0.000      99.000     147.931        8401740941    825      0     32          44    825
     GPU 0  1.000  0.000  0.000  0.000  0.001  0.000  0.000  0.000               2530176               1189632         100           0       0.000      99.000     147.931        8401740941    825      0     32          44    825
     GPU 0  1.000  0.943  0.755  0.000  0.001  0.000  0.621  0.000               4645955               2791712         100           0       0.000      99.000     147.931        8401740941    825      0     32          44    825
     GPU 0  1.000  0.946  0.734  0.000  0.001  0.000  0.616  0.000               6157220               4142740         100           0       0.000      99.000     147.931        8401740941    825      0     32          44    825
     GPU 0  1.000  0.946  0.734  0.000  0.001  0.000  0.616  0.000               6157220               4142740         100           0       0.000      99.000     149.002        8401755982    825      0     32          44    825
     GPU 0  1.000  0.000  0.000  0.000  0.001  0.000  0.000  0.000               9202150               6239596         100           0       0.000      99.000     149.002        8401755982    825      0     32          44    825
     GPU 0  1.000  0.941  0.756  0.000  0.001  0.000  0.617  0.000               7712915               5258773         100           0       0.000      99.000     149.002        8401755982    825      0     32          44    825
     GPU 0  1.000  0.941  0.756  0.000  0.001  0.000  0.617  0.000               7712915               5258773         100           0       0.000      99.000     149.002        8401755982    825      0     32          44    825
     GPU 0  1.000  1.000  0.840  0.000  0.001  0.000  0.690  0.000               3147653                776969         100           0       0.000      99.000     149.292        8401755982    825      0     32          44    825
     GPU 0  1.000  0.000  0.000  0.000  0.002  0.000  0.000  0.000               3506462               1117475         100           0       0.000      99.000     149.292        8401771353    825      0     32          44    825

# Entity  GRACT  SMACT  SMOCC  TENSO  DRAMA  FP64A  FP32A  FP16A                 PCITX                 PCIRX       GPUTL       MCUTL       MUSAM       GUSAM       POWER             TOTEC  SACLK  PSTAT  TMPTR       MMTMP  SMCLK
      Id                                                                                                                                                               W                mJ                    C           C       
     GPU 0  1.000  0.947  0.757  0.000  0.001  0.000  0.629  0.000               7951532               3982700         100           0       0.000      99.000     149.292        8401771353    825      0     32          44    825
     GPU 0  1.000  0.944  0.762  0.000  0.001  0.000  0.626  0.000               4682453               3000501         100           0       0.000      99.000     149.292        8401771353    825      0     32          44    825
     GPU 0  1.000  0.000  0.000  0.000  0.001  0.000  0.000  0.000               6761993               4717023         100           0       0.000      99.000     149.292        8401771353    825      0     32          44    825
     GPU 0  1.000  0.000  0.000  0.000  0.001  0.000  0.000  0.000               6761993               4717023         100           0       0.000      99.000     149.292        8401771353    825      0     32          44    825
     GPU 0  1.000  0.944  0.740  0.000  0.001  0.000  0.625  0.000               9831498               7426952         100           0       0.000      99.000     149.292        8401786157    825      0     32          44    825
     GPU 0  1.000  0.936  0.726  0.000  0.001  0.000  0.616  0.000              10065210               7098092         100           0       0.000      99.000     149.292        8401786157    825      0     32          44    825
     GPU 0  1.000  0.936  0.726  0.000  0.001  0.000  0.616  0.000              10065210               7098092         100           0       0.000      99.000     149.292        8401786157    825      0     32          44    825
     GPU 0  1.000  0.000  0.000  0.000  0.001  0.000  0.000  0.000               3380894               1117546         100           0       0.000      99.000     149.292        8401786157    825      0     32          44    825
     GPU 0  1.000  0.940  0.752  0.000  0.001  0.000  0.621  0.000               5142279               3444615         100           0       0.000      99.000     149.292        8401801358    825      0     32          44    825
     GPU 0  1.000  0.940  0.752  0.000  0.001  0.000  0.621  0.000               5142279               3444615         100           0       0.000      99.000     149.534        8401801358    825      0     32          44    825
     GPU 0  1.000  0.941  0.740  0.000  0.001  0.000  0.610  0.000              11519472               7375464         100           0       0.000      99.000     149.534        8401801358    825      0     32          44    825
     GPU 0  1.000  0.000  0.000  0.000  0.001  0.000  0.000  0.000              10177324               7254882         100           0       0.000      99.000     149.534        8401801358    825      0     32          44    825
     GPU 0  1.000  0.939  0.743  0.000  0.001  0.000  0.614  0.000               7796033               6287270         100           0       0.000      99.000     149.534        8401801358    825      0     32          44    825
     GPU 0  1.000  0.925  0.701  0.000  0.001  0.000  0.597  0.000               3717885               2821462         100           0       0.000      99.000     149.534        8401801358    825      0     32          44    825

# Entity  GRACT  SMACT  SMOCC  TENSO  DRAMA  FP64A  FP32A  FP16A                 PCITX                 PCIRX       GPUTL       MCUTL       MUSAM       GUSAM       POWER             TOTEC  SACLK  PSTAT  TMPTR       MMTMP  SMCLK
      Id                                                                                                                                                               W                mJ                    C           C       
     GPU 0  1.000  0.925  0.701  0.000  0.001  0.000  0.597  0.000               3717885               2821462         100           0       0.000      99.000     149.825        8401816407    825      0     32          44    825
     GPU 0  1.000  0.000  0.000  0.000  0.001  0.000  0.000  0.000               1172560                837542         100           0       0.000      99.000     149.825        8401816407    825      0     32          44    825
     GPU 0  1.000  0.960  0.751  0.000  0.001  0.000  0.643  0.000               6445416               4218803         100           0       0.000      99.000     149.825        8401816407    825      0     32          44    825
     GPU 0  1.000  0.000  0.000  0.000  0.001  0.000  0.000  0.000               4543053               2877653         100           0       0.000      99.000     149.825        8401816407    825      0     32          44    825
     GPU 0  1.000  0.932  0.748  0.000  0.001  0.000  0.614  0.000               6986697               4674979         100           0       0.000      99.000     149.002        8401831427    825      0     32          44    825
     GPU 0  1.000  0.932  0.748  0.000  0.001  0.000  0.614  0.000               6986697               4674979         100           0       0.000      99.000     149.002        8401831427    825      0     32          44    825
     GPU 0  1.000  0.939  0.753  0.000  0.001  0.000  0.622  0.000               9166084               6944226         100           0       0.000      99.000     149.002        8401831427    825      0     32          44    825
     GPU 0  1.000  0.000  0.000  0.000  0.001  0.000  0.000  0.000               4122228               3963897         100           0       0.000      99.000     149.002        8401831427    825      0     32          44    825
     GPU 0  1.000  0.945  0.752  0.000  0.001  0.000  0.626  0.000               5444761               4818248         100           0       0.000      99.000     149.002        8401831427    825      0     32          44    825
     GPU 0  1.000  0.945  0.752  0.000  0.001  0.000  0.626  0.000               5444761               4818248         100           0       0.000      99.000     149.002        8401831427    825      0     32          44    825
     GPU 0  1.000  0.923  0.669  0.000  0.001  0.000  0.599  0.000               3319288               1227542         100           0       0.000      99.000     149.292        8401846530    825      0     32          44    825
     GPU 0  1.000  0.000  0.000  0.000  0.001  0.000  0.000  0.000               6110262               4304957         100           0       0.000      99.000     149.292        8401846530    825      0     32          44    825
     GPU 0  1.000  0.956  0.733  0.000  0.001  0.000  0.638  0.000               7448576               4215510         100           0       0.000      99.000     149.292        8401846530    825      0     32          44    825
     GPU 0  1.000  0.000  0.000  0.000  0.001  0.000  0.000  0.000               8202846               5175310         100           0       0.000      99.000     149.292        8401846530    825      0     32          44    825

# Entity  GRACT  SMACT  SMOCC  TENSO  DRAMA  FP64A  FP32A  FP16A                 PCITX                 PCIRX       GPUTL       MCUTL       MUSAM       GUSAM       POWER             TOTEC  SACLK  PSTAT  TMPTR       MMTMP  SMCLK
      Id                                                                                                                                                               W                mJ                    C           C       
     GPU 0  1.000  0.944  0.776  0.000  0.001  0.000  0.623  0.000               9388349               7228194         100           0       0.000      99.000     148.705        8401861558    825      0     32          44    825
     GPU 0  1.000  0.944  0.776  0.000  0.001  0.000  0.623  0.000               9388349               7228194         100           0       0.000      99.000     148.705        8401861558    825      0     32          44    825
     GPU 0  1.000  0.943  0.757  0.000  0.001  0.000  0.624  0.000               4134355               3841628         100           0       0.000      99.000     148.705        8401861558    825      0     32          44    825
     GPU 0  1.000  0.000  0.000  0.000  0.001  0.000  0.000  0.000              10071799               7562648         100           0       0.000      99.000     148.705        8401861558    825      0     32          44    825
     GPU 0  1.000  0.944  0.758  0.000  0.001  0.000  0.624  0.000               5964881               5257118         100           0       0.000      99.000     148.705        8401861558    825      0     32          44    825
     GPU 0  1.000  0.909  0.688  0.000  0.001  0.000  0.589  0.000               3420612               1326127         100           0       0.000      99.000     148.705        8401861558    825      0     32          44    825
     GPU 0  1.000  0.909  0.688  0.000  0.001  0.000  0.589  0.000               3420612               1326127         100           0       0.000      99.000     149.292        8401876600    825      0     32          44    825
     GPU 0  1.000  0.000  0.000  0.000  0.001  0.000  0.000  0.000               1172247                837319         100           0       0.000      99.000     149.292        8401876600    825      0     32          44    825
     GPU 0  1.000  0.956  0.818  0.000  0.001  0.000  0.641  0.000               8557893               5513166         100           0       0.000      99.000     149.292        8401876600    825      0     32          44    825
     GPU 0  1.000  0.000  0.000  0.000  0.001  0.000  0.000  0.000               7970361               5046318         100           0       0.000      99.000     149.292        8401876600    825      0     32          44    825
     GPU 0  1.000  0.000  0.000  0.000  0.001  0.000  0.000  0.000               7970361               5046318         100           0       0.000      99.000     149.292        8401891710    825      0     32          44    825
     GPU 0  1.000  0.951  0.760  0.000  0.001  0.000  0.629  0.000               3137439               2969379         100           0       0.000      99.000     149.292        8401891710    825      0     32          44    825
     GPU 0  1.000  0.939  0.737  0.000  0.001  0.000  0.595  0.000              10706714               7820927         100           0       0.000      99.000     149.292        8401891710    825      0     32          44    825
     GPU 0  1.000  0.000  0.000  0.000  0.001  0.000  0.000  0.000               7412311               5988462         100           0       0.000      99.000     149.292        8401891710    825      0     32          44    825

# Entity  GRACT  SMACT  SMOCC  TENSO  DRAMA  FP64A  FP32A  FP16A                 PCITX                 PCIRX       GPUTL       MCUTL       MUSAM       GUSAM       POWER             TOTEC  SACLK  PSTAT  TMPTR       MMTMP  SMCLK
      Id                                                                                                                                                               W                mJ                    C           C       
     GPU 0  1.000  0.946  0.754  0.000  0.001  0.000  0.599  0.000               3139939                860572         100           0       0.000      99.000     149.292        8401891710    825      0     32          44    825
     GPU 0  1.000  0.947  0.693  0.000  0.001  0.000  0.620  0.000               3143929                692976         100           0       0.000      99.000     149.292        8401891710    825      0     33          44    825
     GPU 0  1.000  0.947  0.693  0.000  0.001  0.000  0.620  0.000               3143929                692976         100           0       0.000      99.000     149.825        8401906826    825      0     33          44    825
     GPU 0  1.000  0.000  0.000  0.000  0.001  0.000  0.000  0.000               5519726               4026153         100           0       0.000      99.000     149.825        8401906826    825      0     32          44    825
     GPU 0  1.000  0.932  0.739  0.000  0.001  0.000  0.614  0.000               8855865               6941526         100           0       0.000      99.000     149.825        8401906826    825      0     33          44    825
     GPU 0  1.000  0.000  0.000  0.000  0.001  0.000  0.000  0.000               7876082               4845968         100           0       0.000      99.000     149.825        8401906826    825      0     33          44    825
     GPU 0  1.000  0.000  0.000  0.000  0.001  0.000  0.000  0.000               7876082               4845968         100           0       0.000      99.000     148.705        8401921897    825      0     33          44    825
     GPU 0  1.000  0.941  0.743  0.000  0.001  0.000  0.622  0.000               9173653               6199598         100           0       0.000      99.000     148.705        8401921897    825      0     33          44    825
     GPU 0  1.000  0.940  0.755  0.000  0.001  0.000  0.623  0.000               3050522               3091735         100           0       0.000      99.000     148.705        8401921897    825      0     33          44    825
     GPU 0  1.000  0.000  0.000  0.000  0.001  0.000  0.000  0.000               7455475               6198924         100           0       0.000      99.000     148.705        8401921897    825      0     33          44    825
     GPU 0  1.000  0.935  0.749  0.000  0.001  0.000  0.619  0.000               4339938               3124293         100           0       0.000      99.000     148.705        8401921897    825      0     33          44    825
     GPU 0  1.000  0.935  0.749  0.000  0.001  0.000  0.619  0.000               4339938               3124293         100           0       0.000      99.000     148.705        8401921897    825      0     33          44    825
     GPU 0  1.000  0.926  0.695  0.000  0.001  0.000  0.599  0.000               3383164               1626049         100           0       0.000      99.000     148.705        8401936981    825      0     33          44    825
     GPU 0  1.000  0.000  0.000  0.000  0.001  0.000  0.000  0.000               6962712               5006894         100           0       0.000      99.000     148.705        8401936981    825      0     33          44    825

# Entity  GRACT  SMACT  SMOCC  TENSO  DRAMA  FP64A  FP32A  FP16A                 PCITX                 PCIRX       GPUTL       MCUTL       MUSAM       GUSAM       POWER             TOTEC  SACLK  PSTAT  TMPTR       MMTMP  SMCLK
      Id                                                                                                                                                               W                mJ                    C           C       
     GPU 0  1.000  0.943  0.759  0.000  0.001  0.000  0.599  0.000               8830377               6909601         100           0       0.000      99.000     148.705        8401936981    825      0     33          44    825
     GPU 0  1.000  0.000  0.000  0.000  0.001  0.000  0.000  0.000               8125762               4899657         100           0       0.000      99.000     148.705        8401936981    825      0     33          44    825
     GPU 0  1.000  0.000  0.000  0.000  0.001  0.000  0.000  0.000               8125762               4899657         100           0       0.000      99.000     148.705        8401952017    825      0     33          44    825
     GPU 0  1.000  0.943  0.750  0.000  0.001  0.000  0.596  0.000               9214229               6324336         100           0       0.000      99.000     148.705        8401952017    825      0     33          44    825
     GPU 0  1.000  0.943  0.763  0.000  0.001  0.000  0.625  0.000               5293468               3633231         100           0       0.000      99.000     148.705        8401952017    825      0     33          44    825
     GPU 0  1.000  0.000  0.000  0.000  0.001  0.000  0.000  0.000               4482354               4439285         100           0       0.000      99.000     148.705        8401952017    825      0     33          44    825
     GPU 0  1.000  0.939  0.753  0.000  0.001  0.000  0.621  0.000               4081321               1392164         100           0       0.000      99.000     148.705        8401952017    825      0     33          44    825
     GPU 0  1.000  0.939  0.753  0.000  0.001  0.000  0.621  0.000               4081321               1392164         100           0       0.000      99.000     148.705        8401952017    825      0     33          44    825
     GPU 0  1.000  0.948  0.752  0.000  0.001  0.000  0.628  0.000               5625704               3675391         100           0       0.000      99.000     148.705        8401967187    825      0     33          44    825
     GPU 0  1.000  0.000  0.000  0.000  0.001  0.000  0.000  0.000               4101276               4101276         100           0       0.000      99.000     148.705        8401967187    825      0     33          44    825
     GPU 0  1.000  0.946  0.761  0.000  0.001  0.000  0.629  0.000               6045269               4214027         100           0       0.000      99.000     148.705        8401967187    825      0     33          44    825
     GPU 0  1.000  0.000  0.000  0.000  0.001  0.000  0.000  0.000               5723673               5329311         100           0       0.000      99.000     148.705        8401967187    825      0     33          44    825
     GPU 0  1.000  0.939  0.737  0.000  0.001  0.000  0.618  0.000               3323385                691676         100           0       0.000      99.000     148.705        8401967187    825      0     33          44    825
     GPU 0  1.000  0.000  0.000  0.000  0.001  0.000  0.000  0.000               5574592               4000590         100           0       0.000      99.000     149.825        8401982210    825      0     33          44    825

# Entity  GRACT  SMACT  SMOCC  TENSO  DRAMA  FP64A  FP32A  FP16A                 PCITX                 PCIRX       GPUTL       MCUTL       MUSAM       GUSAM       POWER             TOTEC  SACLK  PSTAT  TMPTR       MMTMP  SMCLK
      Id                                                                                                                                                               W                mJ                    C           C       
     GPU 0  1.000  0.000  0.000  0.000  0.001  0.000  0.000  0.000               5574592               4000590         100           0       0.000      99.000     149.825        8401982210    825      0     33          44    825
     GPU 0  1.000  0.937  0.745  0.000  0.001  0.000  0.593  0.000               3884644               1535624         100           0       0.000      99.000     149.825        8401982210    825      0     33          44    825
     GPU 0  1.000  0.935  0.750  0.000  0.001  0.000  0.606  0.000               5984328               3070777         100           0       0.000      99.000     149.825        8401982210    825      0     33          44    825
     GPU 0  1.000  0.000  0.000  0.000  0.001  0.000  0.000  0.000               6871544               3942260         100           0       0.000      99.000     149.825        8401997265    825      0     33          44    825
     GPU 0  1.000  0.946  0.766  0.000  0.001  0.000  0.606  0.000               7114053               4214624         100           0       0.000      99.000     149.534        8401997265    825      0     33          44    825
     GPU 0  1.000  0.946  0.766  0.000  0.001  0.000  0.606  0.000               7114053               4214624         100           0       0.000      99.000     149.534        8401997265    825      0     33          44    825
     GPU 0  1.000  0.953  0.757  0.000  0.001  0.000  0.629  0.000               7088165               4566972         100           0       0.000      99.000     149.534        8401997265    825      0     33          44    825
     GPU 0  1.000  0.000  0.000  0.000  0.001  0.000  0.000  0.000               9297174               6960022         100           0       0.000      99.000     149.534        8401997265    825      0     33          44    825
     GPU 0  1.000  0.936  0.750  0.000  0.001  0.000  0.618  0.000               6537375               5196149         100           0       0.000      99.000     149.534        8401997265    825      0     33          44    825
     GPU 0  1.000  0.936  0.750  0.000  0.001  0.000  0.618  0.000               6537375               5196149         100           0       0.000      99.000     148.705        8402012396    825      0     33          44    825
     GPU 0  1.000  0.938  0.753  0.000  0.001  0.000  0.618  0.000               9938738               6663365         100           0       0.000      99.000     148.705        8402012396    825      0     33          44    825
     GPU 0  1.000  0.000  0.000  0.000  0.001  0.000  0.000  0.000               8256191               5806359         100           0       0.000      99.000     148.705        8402012396    825      0     33          44    825
     GPU 0  1.000  0.943  0.758  0.000  0.001  0.000  0.625  0.000               3507378               1117684         100           0       0.000      99.000     148.705        8402012396    825      0     33          44    825
     GPU 0  1.000  0.959  0.823  0.000  0.001  0.000  0.644  0.000               4979184               3046716         100           0       0.000      99.000     148.705        8402012396    825      0     33          44    825

# Entity  GRACT  SMACT  SMOCC  TENSO  DRAMA  FP64A  FP32A  FP16A                 PCITX                 PCIRX       GPUTL       MCUTL       MUSAM       GUSAM       POWER             TOTEC  SACLK  PSTAT  TMPTR       MMTMP  SMCLK
      Id                                                                                                                                                               W                mJ                    C           C       
     GPU 0  1.000  0.959  0.823  0.000  0.001  0.000  0.644  0.000               4979184               3046716         100           0       0.000      99.000     149.002        8402027496    825      0     33          44    825
     GPU 0  1.000  0.000  0.000  0.000  0.001  0.000  0.000  0.000               5587602               3843427         100           0       0.000      99.000     149.002        8402027496    825      0     33          44    825
     GPU 0  1.000  0.938  0.762  0.000  0.001  0.000  0.621  0.000               8971772               6874624         100           0       0.000      99.000     149.002        8402027496    825      0     33          44    825
     GPU 0  1.000  0.939  0.753  0.000  0.001  0.000  0.622  0.000               9185788               7058190         100           0       0.000      99.000     149.002        8402027496    825      0     33          44    825
     GPU 0  1.000  0.000  0.000  0.000  0.001  0.000  0.000  0.000               8097142               5975259         100           0       0.000      99.000     149.002        8402027496    825      0     33          44    825
     GPU 0  1.000  0.000  0.000  0.000  0.001  0.000  0.000  0.000               8097142               5975259         100           0       0.000      99.000     150.364        8402042858    825      0     33          44    825
     GPU 0  1.000  0.945  0.759  0.000  0.001  0.000  0.626  0.000               6080947               4486507         100           0       0.000      99.000     150.364        8402042858    825      0     33          44    825
     GPU 0  1.000  0.966  0.781  0.000  0.001  0.000  0.644  0.000               4882664               2676841         100           0       0.000      99.000     150.364        8402042858    825      0     33          44    825
     GPU 0  1.000  0.000  0.000  0.000  0.001  0.000  0.000  0.000               7759803               4849221         100           0       0.000      99.000     150.364        8402042858    825      0     33          44    825
     GPU 0  1.000  0.000  0.000  0.000  0.001  0.000  0.000  0.000               7759803               4849221         100           0       0.000      99.000     150.364        8402042858    825      0     33          44    825
     GPU 0  1.000  0.947  0.754  0.000  0.001  0.000  0.626  0.000               7967052               5547775         100           0       0.000      99.000     150.606        8402057959    825      0     33          44    825
     GPU 0  1.000  0.946  0.768  0.000  0.001  0.000  0.607  0.000               5710980               4754595         100           0       0.000      99.000     150.606        8402057959    825      0     33          44    825
     GPU 0  1.000  0.000  0.000  0.000  0.001  0.000  0.000  0.000               4357588               4106511         100           0       0.000      99.000     150.606        8402057959    825      0     33          44    825
     GPU 0  1.000  0.000  0.000  0.000  0.001  0.000  0.000  0.000               4357588               4106511         100           0       0.000      99.000     150.606        8402057959    825      0     33          44    825

# Entity  GRACT  SMACT  SMOCC  TENSO  DRAMA  FP64A  FP32A  FP16A                 PCITX                 PCIRX       GPUTL       MCUTL       MUSAM       GUSAM       POWER             TOTEC  SACLK  PSTAT  TMPTR       MMTMP  SMCLK
      Id                                                                                                                                                               W                mJ                    C           C       
     GPU 0  1.000  0.944  0.764  0.000  0.001  0.000  0.626  0.000               3373283               1115199         100           0       0.000      99.000     150.606        8402057959    825      0     33          44    825
     GPU 0  1.000  0.931  0.866  0.000  0.001  0.000  0.636  0.000               3368336                881702         100           0       0.000      99.000     150.364        8402073282    825      0     33          44    825
     GPU 0  1.000  0.000  0.000  0.000  0.001  0.000  0.000  0.000               6745836               4497224         100           0       0.000      99.000     150.364        8402073282    825      0     33          44    825
     GPU 0  1.000  0.937  0.753  0.000  0.001  0.000  0.621  0.000               8472748               5511772         100           0       0.000      99.000     150.364        8402073282    825      0     33          44    825
     GPU 0  1.000  0.000  0.000  0.000  0.001  0.000  0.000  0.000               8875911               5395160         100           0       0.000      99.000     150.364        8402073282    825      0     33          44    825
     GPU 0  1.000  0.000  0.000  0.000  0.001  0.000  0.000  0.000               8875911               5395160         100           0       0.000      99.000     150.364        8402073282    825      0     33          44    825
     GPU 0  1.000  0.938  0.750  0.000  0.001  0.000  0.621  0.000               8710195               6126087         100           0       0.000      99.000     149.825        8402088473    825      0     33          44    825
     GPU 0  1.000  0.943  0.756  0.000  0.001  0.000  0.625  0.000               4520823               4101521         100           0       0.000      99.000     149.825        8402088473    825      0     33          44    825
     GPU 0  1.000  0.000  0.000  0.000  0.001  0.000  0.000  0.000               9591498               7141462         100           0       0.000      99.000     149.825        8402088473    825      0     33          44    825
     GPU 0  1.000  0.000  0.000  0.000  0.001  0.000  0.000  0.000               9591498               7141462         100           0       0.000      99.000     149.825        8402088473    825      0     33          44    825
     GPU 0  1.000  0.942  0.743  0.000  0.001  0.000  0.623  0.000               4584538               4044280         100           0       0.000      99.000     149.825        8402088473    825      0     33          44    825
     GPU 0  1.000  0.917  0.666  0.000  0.001  0.000  0.593  0.000               3379936               1200714         100           0       0.000      99.000     151.186        8402103760    825      0     33          44    825
     GPU 0  1.000  0.000  0.000  0.000  0.001  0.000  0.000  0.000               5524551               3982816         100           0       0.000      99.000     151.186        8402103760    825      0     33          44    825
     GPU 0  1.000  0.952  0.762  0.000  0.001  0.000  0.638  0.000               8192581               4589718         100           0       0.000      99.000     151.186        8402103760    825      0     33          44    825

# Entity  GRACT  SMACT  SMOCC  TENSO  DRAMA  FP64A  FP32A  FP16A                 PCITX                 PCIRX       GPUTL       MCUTL       MUSAM       GUSAM       POWER             TOTEC  SACLK  PSTAT  TMPTR       MMTMP  SMCLK
      Id                                                                                                                                                               W                mJ                    C           C       
     GPU 0  1.000  0.000  0.000  0.000  0.001  0.000  0.000  0.000               8637080               5290911         100           0       0.000      99.000     151.186        8402103760    825      0     33          44    825
     GPU 0  1.000  0.000  0.000  0.000  0.001  0.000  0.000  0.000               8637080               5290911         100           0       0.000      99.000     151.186        8402103760    825      0     33          44    825
     GPU 0  1.000  0.941  0.767  0.000  0.001  0.000  0.624  0.000               8803421               6311061         100           0       0.000      99.000     150.606        8402118963    825      0     33          44    825
     GPU 0  1.000  0.944  0.739  0.000  0.001  0.000  0.621  0.000               7668582               6201902         100           0       0.000      99.000     150.606        8402118963    825      0     33          44    825
     GPU 0  1.000  0.000  0.000  0.000  0.001  0.000  0.000  0.000               6553906               4466147         100           0       0.000      99.000     150.606        8402118963    825      0     33          44    825
     GPU 0  1.000  0.000  0.000  0.000  0.001  0.000  0.000  0.000               6553906               4466147         100           0       0.000      99.000     150.606        8402118963    825      0     33          44    825
     GPU 0  1.000  0.937  0.752  0.000  0.001  0.000  0.620  0.000               4655648               4036748         100           0       0.000      99.000     150.606        8402118963    825      0     33          44    825
     GPU 0  1.000  0.916  0.753  0.000  0.001  0.000  0.594  0.000               3423899               1284941         100           0       0.000      99.000     150.896        8402134277    825      0     33          44    825
     GPU 0  1.000  0.000  0.000  0.000  0.001  0.000  0.000  0.000               1171541                836815         100           0       0.000      99.000     150.896        8402134277    825      0     33          45    825
     GPU 0  1.000  0.947  0.740  0.000  0.001  0.000  0.621  0.000               8346830               6395657         100           0       0.000      99.000     150.896        8402134277    825      0     33          44    825
     GPU 0  1.000  0.947  0.740  0.000  0.001  0.000  0.621  0.000               8346830               6395657         100           0       0.000      99.000     150.896        8402134277    825      0     33          45    825
     GPU 0  1.000  0.000  0.000  0.000  0.001  0.000  0.000  0.000               8268823               5148460         100           0       0.000      99.000     150.896        8402134277    825      0     33          44    825
     GPU 0  1.000  0.936  0.750  0.000  0.001  0.000  0.595  0.000               3264632               3096688         100           0       0.000      99.000     150.896        8402149538    825      0     33          44    825
     GPU 0  1.000  0.948  0.739  0.000  0.001  0.000  0.624  0.000               7003056               5703137         100           0       0.000      99.000     150.896        8402149538    825      0     33          45    825

# Entity  GRACT  SMACT  SMOCC  TENSO  DRAMA  FP64A  FP32A  FP16A                 PCITX                 PCIRX       GPUTL       MCUTL       MUSAM       GUSAM       POWER             TOTEC  SACLK  PSTAT  TMPTR       MMTMP  SMCLK
      Id                                                                                                                                                               W                mJ                    C           C       
     GPU 0  1.000  0.000  0.000  0.000  0.001  0.000  0.000  0.000               3496615               2560757         100           0       0.000      99.000     150.896        8402149538    825      0     33          44    825
     GPU 0  1.000  0.000  0.000  0.000  0.001  0.000  0.000  0.000               3496615               2560757         100           0       0.000      99.000     150.896        8402149538    825      0     33          44    825
     GPU 0  1.000  0.946  0.759  0.000  0.001  0.000  0.620  0.000               3382523               1201696         100           0       0.000      99.000     150.896        8402149538    825      0     33          45    825
     GPU 0  1.000  0.963  0.827  0.000  0.001  0.000  0.646  0.000               3920490               2209977         100           0       0.000      99.000     151.186        8402164817    825      0     33          45    825
     GPU 0  1.000  0.000  0.000  0.000  0.001  0.000  0.000  0.000               7846951               4204256         100           0       0.000      99.000     151.186        8402164817    825      0     33          44    825
     GPU 0  1.000  0.000  0.000  0.000  0.001  0.000  0.000  0.000               7846951               4204256         100           0       0.000      99.000     151.186        8402164817    825      0     33          44    825
     GPU 0  1.000  0.936  0.753  0.000  0.001  0.000  0.617  0.000               9515696               6597790         100           0       0.000      99.000     151.186        8402164817    825      0     33          45    825
     GPU 0  1.000  0.938  0.752  0.000  0.001  0.000  0.621  0.000              10561530               6831123         100           0       0.000      99.000     151.186        8402164817    825      0     33          45    825
     GPU 0  1.000  0.000  0.000  0.000  0.001  0.000  0.000  0.000               7987011               6525534         100           0       0.000      99.000     150.364        8402180065    825      0     33          45    825
     GPU 0  1.000  0.937  0.752  0.000  0.001  0.000  0.621  0.000               3927561               3554364         100           0       0.000      99.000     150.364        8402180065    825      0     33          44    825
     GPU 0  1.000  0.937  0.752  0.000  0.001  0.000  0.621  0.000               3927561               3554364         100           0       0.000      99.000     150.364        8402180065    825      0     33          45    825
     GPU 0  1.000  0.978  0.727  0.000  0.001  0.000  0.645  0.000               3273983                777358         100           0       0.000      99.000     150.364        8402180065    825      0     33          44    825
     GPU 0  1.000  0.000  0.000  0.000  0.001  0.000  0.000  0.000               3383095                418843         100           0       0.000      99.000     150.364        8402180065    825      0     33          45    825
     GPU 0  1.000  0.929  0.730  0.000  0.001  0.000  0.611  0.000               5905448               3638649         100           0       0.000      99.000     150.606        8402195324    825      0     33          45    825

# Entity  GRACT  SMACT  SMOCC  TENSO  DRAMA  FP64A  FP32A  FP16A                 PCITX                 PCIRX       GPUTL       MCUTL       MUSAM       GUSAM       POWER             TOTEC  SACLK  PSTAT  TMPTR       MMTMP  SMCLK
      Id                                                                                                                                                               W                mJ                    C           C       
     GPU 0  1.000  0.000  0.000  0.000  0.001  0.000  0.000  0.000              10441155               7133708         100           0       0.000      99.000     150.606        8402195324    825      0     33          45    825
     GPU 0  1.000  0.942  0.745  0.000  0.001  0.000  0.621  0.000               8487248               6568691         100           0       0.000      99.000     150.606        8402195324    825      0     33          44    825
     GPU 0  1.000  0.942  0.745  0.000  0.001  0.000  0.621  0.000               8487248               6568691         100           0       0.000      99.000     150.606        8402195324    825      0     33          44    825
     GPU 0  1.000  0.932  0.724  0.000  0.001  0.000  0.613  0.000               8822997               5308101         100           0       0.000      99.000     150.606        8402195324    825      0     33          45    825
     GPU 0  1.000  0.000  0.000  0.000  0.001  0.000  0.000  0.000               3259016               3049311         100           0       0.000      99.000     150.606        8402210540    825      0     33          45    825
     GPU 0  1.000  0.944  0.765  0.000  0.001  0.000  0.612  0.000               3794128               3587754         100           0       0.000      99.000     150.606        8402210540    825      0     33          45    825
     GPU 0  1.000  0.944  0.765  0.000  0.001  0.000  0.612  0.000               3794128               3587754         100           0       0.000      99.000     150.606        8402210540    825      0     33          44    825
     GPU 0  1.000  0.959  0.890  0.000  0.001  0.000  0.659  0.000               3506652               1117257         100           0       0.000      99.000     150.606        8402210540    825      0     33          45    825
     GPU 0  1.000  0.000  0.000  0.000  0.001  0.000  0.000  0.000               3336987               1116759         100           0       0.000      99.000     150.606        8402210540    825      0     33          45    825
     GPU 0  1.000  0.946  0.761  0.000  0.001  0.000  0.614  0.000               4376902               2454199         100           0       0.000      99.000     150.364        8402225823    825      0     33          45    825
     GPU 0  1.000  0.000  0.000  0.000  0.001  0.000  0.000  0.000              10098871               6841170         100           0       0.000      99.000     150.364        8402225823    825      0     33          45    825
     GPU 0  1.000  0.938  0.746  0.000  0.001  0.000  0.621  0.000               9978560               7447758         100           0       0.000      99.000     150.364        8402225823    825      0     33          45    825
     GPU 0  1.000  0.938  0.746  0.000  0.001  0.000  0.621  0.000               9978560               7447758         100           0       0.000      99.000     150.364        8402225823    825      0     33          45    825
     GPU 0  1.000  0.938  0.745  0.000  0.001  0.000  0.621  0.000              10228337               6707110         100           0       0.000      99.000     150.364        8402225823    825      0     33          44    825

# Entity  GRACT  SMACT  SMOCC  TENSO  DRAMA  FP64A  FP32A  FP16A                 PCITX                 PCIRX       GPUTL       MCUTL       MUSAM       GUSAM       POWER             TOTEC  SACLK  PSTAT  TMPTR       MMTMP  SMCLK
      Id                                                                                                                                                               W                mJ                    C           C       
     GPU 0  1.000  0.000  0.000  0.000  0.001  0.000  0.000  0.000               6528453               5166054         100           0       0.000      99.000     151.186        8402241064    825      0     33          45    825
     GPU 0  1.000  0.925  0.738  0.000  0.001  0.000  0.611  0.000               5318504               3727055         100           0       0.000      99.000     151.186        8402241064    825      0     33          45    825
     GPU 0  1.000  0.937  0.746  0.000  0.001  0.000  0.620  0.000               7245447               5821490         100           0       0.000      99.000     151.186        8402241064    825      0     33          45    825
     GPU 0  1.000  0.937  0.746  0.000  0.001  0.000  0.620  0.000               7245447               5821490         100           0       0.000      99.000     151.186        8402241064    825      0     33          45    825
     GPU 0  1.000  0.000  0.000  0.000  0.001  0.000  0.000  0.000               6978187               4612483         100           0       0.000      99.000     151.186        8402241064    825      0     33          45    825
     GPU 0  1.000  0.942  0.754  0.000  0.001  0.000  0.623  0.000               1005151                167525         100           0       0.000      99.000     151.186        8402256392    825      0     33          44    825
     GPU 0  0.000  0.000  0.000  0.000  0.003  0.000  0.000  0.000            1029710019               1088931         100           0       0.000      99.000     136.165        8402256392    825      0     33          45    825
     GPU 0  0.000  0.000  0.000  0.000  0.000  0.000  0.000  0.000               5286247               2951397         100           0       0.000      99.000     136.165        8402256392    825      0     32          45    825
     GPU 0  0.000  0.000  0.000  0.000  0.000  0.000  0.000  0.000               5225407               3015091         100           0       0.000      99.000     136.165        8402256392    825      0     31          45    825
     GPU 0  0.000  0.000  0.000  0.000  0.000  0.000  0.000  0.000               6829913               3666306         100           0       0.000      99.000     136.165        8402256392    825      0     31          45    825
     GPU 0  0.000  0.000  0.000  0.000  0.000  0.000  0.000  0.000               6829913               3666306          52           0       0.000      51.000      85.158        8402265414    825      0     31          45    825
     GPU 0  0.000  0.000  0.000  0.000  0.000  0.000  0.000  0.000               6642309               3085562          52           0       0.000      51.000      85.158        8402265414    825      0     31          45    825
     GPU 0  0.000  0.000  0.000  0.000  0.000  0.000  0.000  0.000               7377112               4050311          52           0       0.000      51.000      85.158        8402265414    825      0     30          44    825
     GPU 0  0.000  0.000  0.000  0.000  0.000  0.000  0.000  0.000               9769277               6469824          52           0       0.000      51.000      85.158        8402265414    825      0     30          44    825

# Entity  GRACT  SMACT  SMOCC  TENSO  DRAMA  FP64A  FP32A  FP16A                 PCITX                 PCIRX       GPUTL       MCUTL       MUSAM       GUSAM       POWER             TOTEC  SACLK  PSTAT  TMPTR       MMTMP  SMCLK
      Id                                                                                                                                                               W                mJ                    C           C       
     GPU 0  0.000  0.000  0.000  0.000  0.000  0.000  0.000  0.000               9309276               6220331          52           0       0.000      51.000      85.158        8402265414    825      0     30          44    825
     GPU 0  0.000  0.000  0.000  0.000  0.000  0.000  0.000  0.000               8857571               6031339          52           0       0.000      51.000      84.867        8402274047    825      0     30          44    825
     GPU 0  0.000  0.000  0.000  0.000  0.000  0.000  0.000  0.000               8857571               6031339          52           0       0.000      51.000      84.867        8402274047    825      0     30          45    825
     GPU 0  0.000  0.000  0.000  0.000  0.000  0.000  0.000  0.000              11815941               6703377          52           0       0.000      51.000      84.867        8402274047    825      0     30          44    825
     GPU 0  0.000  0.000  0.000  0.000  0.000  0.000  0.000  0.000               8483723               5244836          52           0       0.000      51.000      84.867        8402274047    825      0     30          44    825
     GPU 0  0.000  0.000  0.000  0.000  0.000  0.000  0.000  0.000               5555856               3052774          52           0       0.000      51.000      84.867        8402274047    825      0     30          44    825
     GPU 0  0.000  0.000  0.000  0.000  0.000  0.000  0.000  0.000               1004415                 83701           0           0       0.000       0.000      84.867        8402274047    825      0     30          44    825
     GPU 0  0.000  0.000  0.000  0.000  0.000  0.000  0.000  0.000               5841563               3333681           0           0       0.000       0.000      84.867        8402282679    825      0     30          44    825
     GPU 0  0.000  0.000  0.000  0.000  0.000  0.000  0.000  0.000               5841563               3333681           0           0       0.000       0.000      84.867        8402282679    825      0     30          44    825
     GPU 0  0.000  0.000  0.000  0.000  0.000  0.000  0.000  0.000               3710812               2631497           0           0       0.000       0.000      84.867        8402282679    825      0     30          44    825
     GPU 0  0.000  0.000  0.000  0.000  0.000  0.000  0.000  0.000               3383419                274971           0           0       0.000       0.000      84.867        8402282679    825      0     29          44    825
     GPU 0  0.000  0.000  0.000  0.000  0.000  0.000  0.000  0.000               3723446                274927           0           0       0.000       0.000      84.867        8402291208    825      0     29          44    825
     GPU 0  0.000  0.000  0.000  0.000  0.000  0.000  0.000  0.000                921316                 83756           0           0       0.000       0.000      84.867        8402291208    825      0     29          44    825
     GPU 0  0.000  0.000  0.000  0.000  0.000  0.000  0.000  0.000               3717256                209288           0           0       0.000       0.000      84.867        8402291208    825      0     29          44    825

# Entity  GRACT  SMACT  SMOCC  TENSO  DRAMA  FP64A  FP32A  FP16A                 PCITX                 PCIRX       GPUTL       MCUTL       MUSAM       GUSAM       POWER             TOTEC  SACLK  PSTAT  TMPTR       MMTMP  SMCLK
      Id                                                                                                                                                               W                mJ                    C           C       
     GPU 0  0.000  0.000  0.000  0.000  0.000  0.000  0.000  0.000               3008758                273523           0           0       0.000       0.000      84.867        8402291208    825      0     29          44    825
     GPU 0  0.000  0.000  0.000  0.000  0.000  0.000  0.000  0.000               4915973               2178348           0           0       0.000       0.000      84.867        8402291208    825      0     29          44    825
     GPU 0  0.000  0.000  0.000  0.000  0.000  0.000  0.000  0.000               4915973               2178348           0           0       0.000       0.000      84.867        8402291208    825      0     29          44    825
     GPU 0  0.000  0.000  0.000  0.000  0.000  0.000  0.000  0.000               7990764               4065612           0           0       0.000       0.000      84.867        8402299838    825      0     29          44    825
     GPU 0  0.000  0.000  0.000  0.000  0.000  0.000  0.000  0.000               8686867               4237354           0           0       0.000       0.000      84.867        8402299838    825      0     29          44    825
     GPU 0  0.000  0.000  0.000  0.000  0.000  0.000  0.000  0.000               7631515               4538207           0           0       0.000       0.000      84.867        8402299838    825      0     29          44    825
     GPU 0  0.000  0.000  0.000  0.000  0.000  0.000  0.000  0.000               7631515               4538207           0           0       0.000       0.000      84.867        8402299838    825      0     29          44    825
     GPU 0  0.000  0.000  0.000  0.000  0.000  0.000  0.000  0.000              17269293              12167001           0           0       0.000       0.000      84.867        8402308431    825      0     29          44    825
     GPU 0  0.000  0.000  0.000  0.000  0.000  0.000  0.000  0.000               3010804               6356142           0           0       0.000       0.000      84.867        8402308431    825      0     29          44    825
     GPU 0  0.000  0.000  0.000  0.000  0.000  0.000  0.000  0.000               3010804               6356142           0           0       0.000       0.000      84.867        8402308431    825      0     29          44    825
     GPU 0  0.000  0.000  0.000  0.000  0.000  0.000  0.000  0.000               3010804               6356142           0           0       0.000       0.000      84.867        8402308431    825      0     29          44    825
     GPU 0  0.000  0.000  0.000  0.000  0.000  0.000  0.000  0.000               1306930               2450494           0           0       0.000       0.000      84.867        8402308431    825      0     29          44    825
     GPU 0  0.000  0.000  0.000  0.000  0.000  0.000  0.000  0.000              12133358              13990505           9           0       0.000       0.000      84.625        8402308431    825      0     29          44    825
     GPU 0  0.000  0.000  0.000  0.000  0.000  0.000  0.000  0.000              12133358              13990505           9           0       0.000       0.000      84.625        8402316947    825      0     29          44    825

# Entity  GRACT  SMACT  SMOCC  TENSO  DRAMA  FP64A  FP32A  FP16A                 PCITX                 PCIRX       GPUTL       MCUTL       MUSAM       GUSAM       POWER             TOTEC  SACLK  PSTAT  TMPTR       MMTMP  SMCLK
      Id                                                                                                                                                               W                mJ                    C           C       
     GPU 0  0.000  0.000  0.000  0.000  0.000  0.000  0.000  0.000                884658                476354           9           0       0.000       0.000      84.625        8402316947    825      0     29          44    825
     GPU 0  0.000  0.000  0.000  0.000  0.000  0.000  0.000  0.000               1747606               3245554           9           0       0.000       0.000      84.625        8402316947    825      0     29          44    825
     GPU 0  0.000  0.000  0.000  0.000  0.000  0.000  0.000  0.000               1747606               3245554           9           0       0.000       0.000      84.625        8402316947    825      0     29          44    825
     GPU 0  0.000  0.000  0.000  0.000  0.000  0.000  0.000  0.000               8307614               5525939           9           0       0.000       0.000      84.625        8402316947    825      0     29          44    825
     GPU 0  0.000  0.000  0.000  0.000  0.000  0.000  0.000  0.000               1982129               4129437           9           0       0.000       0.000      84.625        8402325586    825      0     29          44    825
     GPU 0  0.000  0.000  0.000  0.000  0.000  0.000  0.000  0.000               5951840               3445274           9           0       0.000       0.000      84.625        8402325586    825      0     29          44    825
     GPU 0  0.000  0.000  0.000  0.000  0.000  0.000  0.000  0.000               5951840               3445274           9           0       0.000       0.000      84.625        8402325586    825      0     29          44    825
     GPU 0  0.000  0.000  0.000  0.000  0.000  0.000  0.000  0.000               6745415               4649935           9           0       0.000       0.000      84.625        8402325586    825      0     29          44    825
     GPU 0  0.000  0.000  0.000  0.000  0.000  0.000  0.000  0.000               3765926               2536181           9           0       0.000       0.000      84.625        8402334028    825      0     29          44    825
     GPU 0  0.000  0.000  0.000  0.000  0.000  0.000  0.000  0.000                922441                 83858           0           0       0.000       0.000      84.625        8402334028    825      0     29          44    825
     GPU 0  0.000  0.000  0.000  0.000  0.000  0.000  0.000  0.000               4785384               2492575           0           0       0.000       0.000      84.625        8402334028    825      0     29          44    825
     GPU 0  0.000  0.000  0.000  0.000  0.000  0.000  0.000  0.000               3024937                274994           0           0       0.000       0.000      84.625        8402334028    825      0     29          44    825
     GPU 0  0.000  0.000  0.000  0.000  0.000  0.000  0.000  0.000               3024937                274994           0           0       0.000       0.000      84.625        8402334028    825      0     29          44    825
     GPU 0  0.000  0.000  0.000  0.000  0.000  0.000  0.000  0.000               5742409               2485294           0           0       0.000       0.000      84.625        8402342576    825      0     29          44    825

# Entity  GRACT  SMACT  SMOCC  TENSO  DRAMA  FP64A  FP32A  FP16A                 PCITX                 PCIRX       GPUTL       MCUTL       MUSAM       GUSAM       POWER             TOTEC  SACLK  PSTAT  TMPTR       MMTMP  SMCLK
      Id                                                                                                                                                               W                mJ                    C           C       
     GPU 0  0.000  0.000  0.000  0.000  0.000  0.000  0.000  0.000               5186920               2448776           0           0       0.000       0.000      84.625        8402342576    825      0     29          44    825
     GPU 0  0.000  0.000  0.000  0.000  0.000  0.000  0.000  0.000               6635338               3575234           0           0       0.000       0.000      84.625        8402342576    825      0     29          44    825
     GPU 0  0.000  0.000  0.000  0.000  0.000  0.000  0.000  0.000               8888057               5686766           0           0       0.000       0.000      84.625        8402342576    825      0     29          44    825
     GPU 0  0.000  0.000  0.000  0.000  0.000  0.000  0.000  0.000               8888057               5686766           0           0       0.000       0.000      84.625        8402342576    825      0     29          44    825
     GPU 0  0.000  0.000  0.000  0.000  0.000  0.000  0.000  0.000               8909774               5837606           0           0       0.000       0.000      84.625        8402342576    825      0     29          44    825
     GPU 0  0.000  0.000  0.000  0.000  0.000  0.000  0.000  0.000               5886441               2936153           0           0       0.000       0.000      84.625        8402351129    825      0     29          44    825
     GPU 0  0.000  0.000  0.000  0.000  0.000  0.000  0.000  0.000              10210186               7071578           0           0       0.000       0.000      84.625        8402351129    825      0     29          44    825
     GPU 0  0.000  0.000  0.000  0.000  0.000  0.000  0.000  0.000              10210186               7071578           0           0       0.000       0.000      84.625        8402351129    825      0     29          44    825
     GPU 0  0.000  0.000  0.000  0.000  0.000  0.000  0.000  0.000               6192711               4260278           0           0       0.000       0.000      84.625        8402351129    825      0     29          44    825
     GPU 0  0.000  0.000  0.000  0.000  0.000  0.000  0.000  0.000               3151136                275038           0           0       0.000       0.000      84.625        8402359677    825      0     28          44    825
     GPU 0  0.000  0.000  0.000  0.000  0.000  0.000  0.000  0.000               3265125                272093           0           0       0.000       0.000      84.625        8402359677    825      0     28          44    825
     GPU 0  0.000  0.000  0.000  0.000  0.000  0.000  0.000  0.000               6221005               4130348           0           0       0.000       0.000      84.625        8402359677    825      0     28          44    825
     GPU 0  0.000  0.000  0.000  0.000  0.000  0.000  0.000  0.000               9478445               6342420           0           0       0.000       0.000      84.625        8402359677    825      0     28          44    825
     GPU 0  0.000  0.000  0.000  0.000  0.000  0.000  0.000  0.000               9478445               6342420           0           0       0.000       0.000      84.625        8402359677    825      0     28          44    825

# Entity  GRACT  SMACT  SMOCC  TENSO  DRAMA  FP64A  FP32A  FP16A                 PCITX                 PCIRX       GPUTL       MCUTL       MUSAM       GUSAM       POWER             TOTEC  SACLK  PSTAT  TMPTR       MMTMP  SMCLK
      Id                                                                                                                                                               W                mJ                    C           C       
     GPU 0  0.000  0.000  0.000  0.000  0.000  0.000  0.000  0.000               6908941               3188297           0           0       0.000       0.000      84.625        8402368224    825      0     28          44    825
     GPU 0  0.000  0.000  0.000  0.000  0.000  0.000  0.000  0.000               5965745               2880285           0           0       0.000       0.000      84.625        8402368224    825      0     28          44    825
     GPU 0  0.000  0.000  0.000  0.000  0.000  0.000  0.000  0.000               8179682               5244838           0           0       0.000       0.000      84.625        8402368224    825      0     28          44    825
     GPU 0  0.000  0.000  0.000  0.000  0.000  0.000  0.000  0.000               8179682               5244838           0           0       0.000       0.000      84.625        8402368224    825      0     28          44    825
     GPU 0  0.000  0.000  0.000  0.000  0.000  0.000  0.000  0.000               6929049               4881916           0           0       0.000       0.000      84.625        8402368224    825      0     28          44    825
     GPU 0  0.000  0.000  0.000  0.000  0.000  0.000  0.000  0.000               6894458               3948829           0           0       0.000       0.000      84.625        8402376763    825      0     28          44    825
     GPU 0  0.000  0.000  0.000  0.000  0.000  0.000  0.000  0.000               9457359               4595218           0           0       0.000       0.000      84.625        8402376763    825      0     28          44    825
     GPU 0  0.000  0.000  0.000  0.000  0.000  0.000  0.000  0.000               9457359               4595218           0           0       0.000       0.000      84.625        8402376763    825      0     28          44    825
     GPU 0  0.000  0.000  0.000  0.000  0.000  0.000  0.000  0.000               6777581               4160759           0           0       0.000       0.000      84.625        8402376763    825      0     28          44    825
     GPU 0  0.000  0.000  0.000  0.000  0.000  0.000  0.000  0.000               8417965               4368614           0           0       0.000       0.000      84.625        8402376763    825      0     28          44    825
     GPU 0  0.000  0.000  0.000  0.000  0.000  0.000  0.000  0.000               4008161               3046029           0           0       0.000       0.000      84.625        8402385319    825      0     28          44    825
     GPU 0  0.000  0.000  0.000  0.000  0.000  0.000  0.000  0.000               4008161               3046029           0           0       0.000       0.000      84.625        8402385319    825      0     28          44    825
     GPU 0  0.000  0.000  0.000  0.000  0.000  0.000  0.000  0.000               9531606               6520808           0           0       0.000       0.000      84.625        8402385319    825      0     28          44    825
     GPU 0  0.000  0.000  0.000  0.000  0.000  0.000  0.000  0.000               8930486               5982367           0           0       0.000       0.000      84.625        8402385319    825      0     28          44    825

# Entity  GRACT  SMACT  SMOCC  TENSO  DRAMA  FP64A  FP32A  FP16A                 PCITX                 PCIRX       GPUTL       MCUTL       MUSAM       GUSAM       POWER             TOTEC  SACLK  PSTAT  TMPTR       MMTMP  SMCLK
      Id                                                                                                                                                               W                mJ                    C           C       
     GPU 0  0.000  0.000  0.000  0.000  0.000  0.000  0.000  0.000               9065123               6149741           0           0       0.000       0.000      84.625        8402385319    825      0     28          44    825
     GPU 0  0.000  0.000  0.000  0.000  0.000  0.000  0.000  0.000               8985139               6171289           0           0       0.000       0.000      84.625        8402393871    825      0     28          44    825
     GPU 0  0.000  0.000  0.000  0.000  0.000  0.000  0.000  0.000               9249223               4972736           0           0       0.000       0.000      84.625        8402393871    825      0     28          44    825
     GPU 0  0.000  0.000  0.000  0.000  0.000  0.000  0.000  0.000               4680686               1960772           0           0       0.000       0.000      84.625        8402393871    825      0     28          44    825
     GPU 0  0.000  0.000  0.000  0.000  0.000  0.000  0.000  0.000               4680686               1960772           0           0       0.000       0.000      84.625        8402393871    825      0     28          44    825
     GPU 0  0.000  0.000  0.000  0.000  0.000  0.000  0.000  0.000               7674498               4027080           0           0       0.000       0.000      84.625        8402393871    825      0     28          44    825
     GPU 0  0.000  0.000  0.000  0.000  0.000  0.000  0.000  0.000               8938602               4937417           0           0       0.000       0.000      84.327        8402402383    825      0     28          44    825
     GPU 0  0.000  0.000  0.000  0.000  0.000  0.000  0.000  0.000               9134685               5388594           0           0       0.000       0.000      84.327        8402402383    825      0     28          44    825
     GPU 0  0.000  0.000  0.000  0.000  0.000  0.000  0.000  0.000               9134685               5388594           0           0       0.000       0.000      84.327        8402402383    825      0     28          44    825
     GPU 0  0.000  0.000  0.000  0.000  0.000  0.000  0.000  0.000               6182283               4217827           0           0       0.000       0.000      84.327        8402402383    825      0     28          44    825
     GPU 0  0.000  0.000  0.000  0.000  0.000  0.000  0.000  0.000               5891571               3126283           0           0       0.000       0.000      84.327        8402402383    825      0     28          44    825
     GPU 0  0.000  0.000  0.000  0.000  0.000  0.000  0.000  0.000               8670632               5612871           0           0       0.000       0.000      84.625        8402402383    825      0     28          44    825
     GPU 0  0.000  0.000  0.000  0.000  0.000  0.000  0.000  0.000              10627154               6962301           0           0       0.000       0.000      84.625        8402410917    825      0     28          44    825
     GPU 0  0.000  0.000  0.000  0.000  0.000  0.000  0.000  0.000                921446                 83767           0           0       0.000       0.000      84.625        8402410917    825      0     28          44    825

# Entity  GRACT  SMACT  SMOCC  TENSO  DRAMA  FP64A  FP32A  FP16A                 PCITX                 PCIRX       GPUTL       MCUTL       MUSAM       GUSAM       POWER             TOTEC  SACLK  PSTAT  TMPTR       MMTMP  SMCLK
      Id                                                                                                                                                               W                mJ                    C           C       
     GPU 0  0.000  0.000  0.000  0.000  0.000  0.000  0.000  0.000                921446                 83767           0           0       0.000       0.000      84.625        8402410917    825      0     28          44    825
     GPU 0  0.000  0.000  0.000  0.000  0.000  0.000  0.000  0.000               4535490               3252319           0           0       0.000       0.000      84.625        8402410917    825      0     28          44    825
     GPU 0  0.000  0.000  0.000  0.000  0.000  0.000  0.000  0.000               3342831                229759           0           0       0.000       0.000      84.625        8402410917    825      0     28          44    225
     GPU 0  0.000  0.000  0.000  0.000  0.000  0.000  0.000  0.000               7429366               2909868           0           0       0.000       0.000      84.625        8402419467    825      0     28          44    225
     GPU 0  0.000  0.000  0.000  0.000  0.000  0.000  0.000  0.000               5114839               2759269           0           0       0.000       0.000      84.625        8402419467    825      0     28          44    225
     GPU 0  0.000  0.000  0.000  0.000  0.000  0.000  0.000  0.000               5114839               2759269           0           0       0.000       0.000      84.625        8402419467    825      0     28          44    225
     GPU 0  0.000  0.000  0.000  0.000  0.000  0.000  0.000  0.000               6400882               4700155           0           0       0.000       0.000      84.625        8402419467    825      0     28          44    225
