# Entity  GRACT  SMACT  SMOCC  TENSO  DRAMA  FP64A  FP32A  FP16A                 PCITX                 PCIRX       GPUTL       MCUTL       MUSAM       GUSAM       POWER             TOTEC  SACLK  PSTAT  TMPTR       MMTMP  SMCLK
      Id                                                                                                                                                               W                mJ                    C           C       
     GPU 0  0.000  0.000  0.000  0.000  0.000  0.000  0.000  0.000             131326949              10943912           0           0       0.000       0.000      77.269        2916410125   1215      0     27          42    210
     GPU 0  0.000  0.000  0.000  0.000  0.000  0.000  0.000  0.000             131326949              10943912           0           0       0.000       0.000      78.383        2916410125   1215      0     27          42    210
     GPU 0  0.000  0.000  0.000  0.000  0.000  0.000  0.000  0.000               8346331               4600649           0           0       0.000       0.000      78.383        2916410125   1215      0     27          42    210
     GPU 0  0.000  0.000  0.000  0.000  0.000  0.000  0.000  0.000               1486700                 82326           0           0       0.000       0.000      78.383        2916410125   1215      0     27          43    210
     GPU 0  0.000  0.000  0.000  0.000  0.000  0.000  0.000  0.000               9249361               6318794           0           0       0.000       0.000      78.383        2916410125   1215      0     27          42    210
     GPU 0  0.000  0.000  0.000  0.000  0.000  0.000  0.000  0.000               9249361               6318794           0           0       0.000       0.000      78.383        2916410125   1215      0     27          42    210
     GPU 0  0.000  0.000  0.000  0.000  0.000  0.000  0.000  0.000               4000973               2856083           0           0       0.000       0.000      78.632        2916418041   1215      0     27          42    210
     GPU 0  0.000  0.000  0.000  0.000  0.000  0.000  0.000  0.000               1003585                     0           0           0       0.000       0.000      78.632        2916418041   1215      0     27          42    210
     GPU 0  0.000  0.000  0.000  0.000  0.000  0.000  0.000  0.000               3257531               2466242           0           0       0.000       0.000      78.632        2916418041   1215      0     27          43    210
     GPU 0  0.000  0.000  0.000  0.000  0.000  0.000  0.000  0.000               3378956                274605           0           0       0.000       0.000      78.632        2916418041   1215      0     27          42    210
     GPU 0  0.000  0.000  0.000  0.000  0.000  0.000  0.000  0.000               3734540                314574           0           0       0.000       0.000      78.632        2916425987   1215      0     27          42    210
     GPU 0  0.000  0.000  0.000  0.000  0.000  0.000  0.000  0.000               4093357               1907007           0           0       0.000       0.000      78.632        2916425987   1215      0     27          44    210
     GPU 0  0.000  0.000  0.000  0.000  0.000  0.000  0.000  0.000               4093357               1907007           0           0       0.000       0.000      78.632        2916425987   1215      0     27          42    210
     GPU 0  0.000  0.000  0.000  0.000  0.000  0.000  0.000  0.000               6947062               4275545           0           0       0.000       0.000      78.632        2916425987   1215      0     27          42    210
     GPU 0  0.000  0.000  0.000  0.000  0.000  0.000  0.000  0.000               8953872               5980455           0           0       0.000       0.000      78.632        2916425987   1215      0     27          42    210

# Entity  GRACT  SMACT  SMOCC  TENSO  DRAMA  FP64A  FP32A  FP16A                 PCITX                 PCIRX       GPUTL       MCUTL       MUSAM       GUSAM       POWER             TOTEC  SACLK  PSTAT  TMPTR       MMTMP  SMCLK
      Id                                                                                                                                                               W                mJ                    C           C       
     GPU 0  0.000  0.000  0.000  0.000  0.000  0.000  0.000  0.000              12525927               7830406           0           0       0.000       0.000      78.632        2916425987   1215      0     27          42    210
     GPU 0  0.000  0.000  0.000  0.000  0.000  0.000  0.000  0.000               4909005               3148147           0           0       0.000       0.000      78.632        2916433954   1215      0     27          42    210
     GPU 0  0.000  0.000  0.000  0.000  0.000  0.000  0.000  0.000               8475874               4934170           0           0       0.000       0.000      78.632        2916433954   1215      0     27          42    210
     GPU 0  0.000  0.000  0.000  0.000  0.000  0.000  0.000  0.000               8475874               4934170           0           0       0.000       0.000      78.632        2916433954   1215      0     27          42    210
     GPU 0  0.000  0.000  0.000  0.000  0.000  0.000  0.000  0.000               7061787               4659700           0           0       0.000       0.000      78.632        2916433954   1215      0     27          42    210
     GPU 0  0.000  0.000  0.000  0.000  0.000  0.000  0.000  0.000               8716421               5531223           0           0       0.000       0.000      78.632        2916433954   1215      0     27          42    210
     GPU 0  0.000  0.000  0.000  0.000  0.000  0.000  0.000  0.000               8001882               4457838           0           0       0.000       0.000      78.632        2916441885   1215      0     27          42    210
     GPU 0  0.000  0.000  0.000  0.000  0.000  0.000  0.000  0.000               8001882               4457838           0           0       0.000       0.000      78.632        2916441885   1215      0     27          42    210
     GPU 0  0.000  0.000  0.000  0.000  0.000  0.000  0.000  0.000               9562454               6750143           0           0       0.000       0.000      78.632        2916441885   1215      0     27          42    210
     GPU 0  0.000  0.000  0.000  0.000  0.000  0.000  0.000  0.000               5328615               7992922           0           0       0.000       0.000      78.632        2916441885   1215      0     27          42    210
     GPU 0  0.000  0.000  0.000  0.000  0.000  0.000  0.000  0.000               4183452               3688043           0           0       0.000       0.000      78.632        2916441885   1215      0     27          42    210
     GPU 0  0.000  0.000  0.000  0.000  0.000  0.000  0.000  0.000               3257230              25575293           0           0       0.000       0.000      78.632        2916449863   1215      0     27          42    210
     GPU 0  0.000  0.000  0.000  0.000  0.000  0.000  0.000  0.000               3257230              25575293           0           0       0.000       0.000      78.632        2916449863   1215      0     27          42    210
     GPU 0  0.000  0.000  0.000  0.000  0.000  0.000  0.000  0.000              10227753              22352589           0           0       0.000       0.000      78.632        2916449863   1215      0     27          42    210

# Entity  GRACT  SMACT  SMOCC  TENSO  DRAMA  FP64A  FP32A  FP16A                 PCITX                 PCIRX       GPUTL       MCUTL       MUSAM       GUSAM       POWER             TOTEC  SACLK  PSTAT  TMPTR       MMTMP  SMCLK
      Id                                                                                                                                                               W                mJ                    C           C       
     GPU 0  0.000  0.000  0.000  0.000  0.000  0.000  0.000  0.000               6921092              18785822           0           0       0.000       0.000      78.632        2916449863   1215      0     27          42    210
     GPU 0  0.000  0.000  0.000  0.000  0.000  0.000  0.000  0.000               1857497               2422822           0           0       0.000       0.000      78.632        2916449863   1215      0     27          42    210
     GPU 0  0.000  0.000  0.000  0.000  0.000  0.000  0.000  0.000               4706492               2871758           0           0       0.000       0.000      78.632        2916457788   1215      0     27          42    210
     GPU 0  0.000  0.000  0.000  0.000  0.000  0.000  0.000  0.000               4706492               2871758           0           0       0.000       0.000      78.632        2916457788   1215      0     27          42    210
     GPU 0  0.000  0.000  0.000  0.000  0.000  0.000  0.000  0.000               4893850               3225492           0           0       0.000       0.000      78.632        2916457788   1215      0     27          42    210
     GPU 0  0.000  0.000  0.000  0.000  0.000  0.000  0.000  0.000               5193240               4817825           0           0       0.000       0.000      78.632        2916457788   1215      0     27          42    210
     GPU 0  0.000  0.000  0.000  0.000  0.000  0.000  0.000  0.000               5193240               4817825           0           0       0.000       0.000      78.632        2916457788   1215      0     27          42    210
     GPU 0  0.000  0.000  0.000  0.000  0.000  0.000  0.000  0.000               8229286               5119004           0           0       0.000       0.000      78.632        2916465732   1215      0     27          42    210
     GPU 0  0.000  0.000  0.000  0.000  0.000  0.000  0.000  0.000               1355567               1036610           0           0       0.000       0.000      78.632        2916465732   1215      0     27          42    210
     GPU 0  0.000  0.000  0.000  0.000  0.000  0.000  0.000  0.000               1355567               1036610           0           0       0.000       0.000      78.632        2916465732   1215      0     27          42    210
     GPU 0  0.000  0.000  0.000  0.000  0.000  0.000  0.000  0.000               1355567               1036610           0           0       0.000       0.000      78.632        2916465732   1215      0     27          42    210
     GPU 0  0.000  0.000  0.000  0.000  0.000  0.000  0.000  0.000               7510745               6396721           0           0       0.000       0.000      78.632        2916465732   1215      0     27          43    210
     GPU 0  0.000  0.000  0.000  0.000  0.000  0.000  0.000  0.000               7510745               6396721           0           0       0.000       0.000      78.632        2916473649   1215      0     27          43    210
     GPU 0  0.000  0.000  0.000  0.000  0.000  0.000  0.000  0.000               7722312              11302657           0           0       0.000       0.000      78.923        2916473649   1215      0     27          42    210

# Entity  GRACT  SMACT  SMOCC  TENSO  DRAMA  FP64A  FP32A  FP16A                 PCITX                 PCIRX       GPUTL       MCUTL       MUSAM       GUSAM       POWER             TOTEC  SACLK  PSTAT  TMPTR       MMTMP  SMCLK
      Id                                                                                                                                                               W                mJ                    C           C       
     GPU 0  0.000  0.000  0.000  0.000  0.000  0.000  0.000  0.000               6232924              21856788           0           0       0.000       0.000      78.923        2916473649   1215      0     27          44    210
     GPU 0  0.000  0.000  0.000  0.000  0.000  0.000  0.000  0.000               5919288              20142021           0           0       0.000       0.000      78.923        2916473649   1215      0     27          42    210
     GPU 0  0.000  0.000  0.000  0.000  0.000  0.000  0.000  0.000               6449079              16618780           0           0       0.000       0.000      78.923        2916473649   1215      0     27          42    210
     GPU 0  0.002  0.000  0.000  0.000  0.000  0.000  0.000  0.000              17247688              17341373           0           0       0.000       0.000      82.964        2916481670   1215      0     27          42   1215
     GPU 0  0.002  0.000  0.000  0.000  0.000  0.000  0.000  0.000              17247688              17341373           0           0       0.000       0.000      82.964        2916481670   1215      0     27          42   1215
     GPU 0  0.096  0.000  0.000  0.000  0.001  0.000  0.000  0.000             339664595            2973649211           0           0       0.000       0.000      82.964        2916481670   1215      0     27          42   1215
     GPU 0  0.527  0.000  0.000  0.000  0.001  0.000  0.000  0.000              11807193              92985058           0           0       0.000       0.000      82.964        2916481670   1215      0     27          43   1215
     GPU 0  1.000  0.941  0.770  0.000  0.002  0.000  0.589  0.000               1946603               1822374           0           0       0.000       0.000      82.964        2916481670   1215      0     27          43   1215
     GPU 0  1.000  0.000  0.000  0.000  0.002  0.000  0.000  0.000               4674325               3486537           0           0       0.000       0.000      82.964        2916494859   1215      0     29          43   1215
     GPU 0  1.000  0.939  0.749  0.000  0.002  0.000  0.621  0.000               6775406               4316453           0           0       0.000       0.000     197.289        2916494859   1215      0     31          42   1215
     GPU 0  1.000  0.939  0.736  0.000  0.001  0.000  0.619  0.000               4923258               3366424           0           0       0.000       0.000     197.289        2916494859   1215      0     31          44   1215
     GPU 0  1.000  0.000  0.000  0.000  0.001  0.000  0.000  0.000               7458221               5179510           0           0       0.000       0.000     197.289        2916494859   1215      0     31          44   1215
     GPU 0  1.000  0.000  0.000  0.000  0.001  0.000  0.000  0.000               7458221               5179510          65           0       0.000      65.000     197.289        2916494859   1215      0     32          43   1215
     GPU 0  1.000  0.948  0.765  0.000  0.001  0.000  0.629  0.000               8855804               6316224          65           0       0.000      65.000     202.971        2916515244   1215      0     32          43   1215

# Entity  GRACT  SMACT  SMOCC  TENSO  DRAMA  FP64A  FP32A  FP16A                 PCITX                 PCIRX       GPUTL       MCUTL       MUSAM       GUSAM       POWER             TOTEC  SACLK  PSTAT  TMPTR       MMTMP  SMCLK
      Id                                                                                                                                                               W                mJ                    C           C       
     GPU 0  1.000  0.933  0.742  0.000  0.002  0.000  0.617  0.000              11122883               8023794          65           0       0.000      65.000     202.971        2916515244   1215      0     32          44   1215
     GPU 0  1.000  0.000  0.000  0.000  0.001  0.000  0.000  0.000               9291342               6678726          65           0       0.000      65.000     202.971        2916515244   1215      0     33          43   1215
     GPU 0  1.000  0.000  0.000  0.000  0.001  0.000  0.000  0.000               9291342               6678726          65           0       0.000      65.000     202.971        2916515244   1215      0     33          43   1215
     GPU 0  1.000  0.941  0.749  0.000  0.002  0.000  0.622  0.000               6085783               4480593          65           0       0.000      65.000     202.971        2916515244   1215      0     33          43   1215
     GPU 0  1.000  0.941  0.756  0.000  0.002  0.000  0.608  0.000              10264832               7499788          65           0       0.000      65.000     203.745        2916515244   1215      0     33          43   1215
     GPU 0  1.000  0.000  0.000  0.000  0.001  0.000  0.000  0.000              12127460               8820692          65           0       0.000      65.000     203.745        2916536041   1215      0     33          43   1215
     GPU 0  1.000  0.936  0.747  0.000  0.001  0.000  0.619  0.000               8687487               6081217          65           0       0.000      65.000     203.745        2916536041   1215      0     33          43   1215
     GPU 0  1.000  0.939  0.753  0.000  0.002  0.000  0.604  0.000               7555781               5790451          65           0       0.000      99.000     203.745        2916536041   1215      0     33          43   1215
     GPU 0  1.000  0.939  0.753  0.000  0.002  0.000  0.604  0.000               7555781               5790451         100           0       0.000      99.000     203.745        2916536041   1215      0     34          43   1215
     GPU 0  1.000  0.000  0.000  0.000  0.002  0.000  0.000  0.000               3468090               1602799         100           0       0.000      99.000     204.579        2916556426   1215      0     34          44   1215
     GPU 0  1.000  0.942  0.753  0.000  0.002  0.000  0.623  0.000               3698631               2067642         100           0       0.000      99.000     204.579        2916556426   1215      0     34          43   1215
     GPU 0  1.000  0.949  0.778  0.000  0.001  0.000  0.623  0.000               6694301               4388067         100           0       0.000      99.000     204.579        2916556426   1215      0     34          43   1215
     GPU 0  1.000  0.000  0.000  0.000  0.001  0.000  0.000  0.000               7104677               4931594         100           0       0.000      99.000     204.579        2916556426   1215      0     34          43   1215
     GPU 0  1.000  0.934  0.745  0.000  0.001  0.000  0.617  0.000               8476777               5805133         100           0       0.000      99.000     204.579        2916556426   1215      0     34          43   1215

# Entity  GRACT  SMACT  SMOCC  TENSO  DRAMA  FP64A  FP32A  FP16A                 PCITX                 PCIRX       GPUTL       MCUTL       MUSAM       GUSAM       POWER             TOTEC  SACLK  PSTAT  TMPTR       MMTMP  SMCLK
      Id                                                                                                                                                               W                mJ                    C           C       
     GPU 0  1.000  0.938  0.747  0.000  0.001  0.000  0.620  0.000              10418853               7501889         100           0       0.000      99.000     204.579        2916577300   1215      0     34          43   1215
     GPU 0  1.000  0.000  0.000  0.000  0.002  0.000  0.000  0.000              10840802               8265629         100           0       0.000      99.000     204.869        2916577300   1215      0     34          43   1215
     GPU 0  1.000  0.000  0.000  0.000  0.002  0.000  0.000  0.000              10840802               8265629         100           0       0.000      99.000     204.869        2916577300   1215      0     34          43   1215
     GPU 0  1.000  0.941  0.751  0.000  0.002  0.000  0.604  0.000              10437326               7712916         100           0       0.000      99.000     204.869        2916577300   1215      0     34          43   1215
     GPU 0  1.000  0.942  0.751  0.000  0.002  0.000  0.623  0.000               9954785               7482852         100           0       0.000      99.000     204.869        2916577300   1215      0     34          43   1215
     GPU 0  1.000  0.000  0.000  0.000  0.001  0.000  0.000  0.000              10061886               7527503         100           0       0.000      99.000     204.041        2916597735   1215      0     35          43   1215
     GPU 0  1.000  0.938  0.746  0.000  0.001  0.000  0.618  0.000              10470905               7583795         100           0       0.000      99.000     204.041        2916597735   1215      0     35          43   1215
     GPU 0  1.000  0.939  0.749  0.000  0.002  0.000  0.621  0.000               7390448               6213462         100           0       0.000      99.000     204.041        2916597735   1215      0     35          43   1215
     GPU 0  1.000  0.939  0.749  0.000  0.002  0.000  0.621  0.000               7390448               6213462         100           0       0.000      99.000     204.041        2916597735   1215      0     35          43   1215
     GPU 0  1.000  0.000  0.000  0.000  0.002  0.000  0.000  0.000               7872393               5571039         100           0       0.000      99.000     204.041        2916597735   1215      0     35          43   1215
     GPU 0  1.000  0.940  0.750  0.000  0.002  0.000  0.604  0.000              10791626               7907617         100           0       0.000      99.000     204.331        2916597735   1215      0     35          43   1215
     GPU 0  1.000  0.940  0.753  0.000  0.002  0.000  0.622  0.000              10255250               7198788         100           0       0.000      99.000     204.331        2916618573   1215      0     35          43   1215
     GPU 0  1.000  0.000  0.000  0.000  0.002  0.000  0.000  0.000              10980195               8335956         100           0       0.000      99.000     204.331        2916618573   1215      0     35          43   1215
     GPU 0  1.000  0.941  0.747  0.000  0.001  0.000  0.622  0.000               9063813               6980912         100           0       0.000      99.000     204.331        2916618573   1215      0     35          43   1215

# Entity  GRACT  SMACT  SMOCC  TENSO  DRAMA  FP64A  FP32A  FP16A                 PCITX                 PCIRX       GPUTL       MCUTL       MUSAM       GUSAM       POWER             TOTEC  SACLK  PSTAT  TMPTR       MMTMP  SMCLK
      Id                                                                                                                                                               W                mJ                    C           C       
     GPU 0  1.000  0.941  0.747  0.000  0.001  0.000  0.622  0.000               9063813               6980912         100           0       0.000      99.000     204.331        2916618573   1215      0     35          43   1215
     GPU 0  1.000  0.941  0.747  0.000  0.001  0.000  0.622  0.000               9063813               6980912         100           0       0.000      99.000     204.331        2916618573   1215      0     35          43   1215
     GPU 0  1.000  0.941  0.747  0.000  0.001  0.000  0.622  0.000               9063813               6980912         100           0       0.000      99.000     204.277        2916639209   1215      0     35          43   1215
     GPU 0  1.000  0.000  0.000  0.000  0.002  0.000  0.000  0.000              20478273              12221217         100           0       0.000      99.000     204.277        2916639209   1215      0     35          43   1215
     GPU 0  1.000  0.939  0.750  0.000  0.001  0.000  0.622  0.000               9176888               5913669         100           0       0.000      99.000     204.277        2916639209   1215      0     35          43   1215
     GPU 0  1.000  0.939  0.768  0.000  0.002  0.000  0.604  0.000               7421955               5829092         100           0       0.000      99.000     204.277        2916639209   1215      0     35          44   1215
     GPU 0  1.000  0.000  0.000  0.000  0.002  0.000  0.000  0.000              13341541               8867010         100           0       0.000      99.000     202.439        2916659876   1215      0     35          44   1215
     GPU 0  1.000  0.000  0.000  0.000  0.002  0.000  0.000  0.000              13341541               8867010         100           0       0.000      99.000     202.439        2916659876   1215      0     35          43   1215
     GPU 0  1.000  0.936  0.739  0.000  0.001  0.000  0.617  0.000               8542909               6102077         100           0       0.000      99.000     202.439        2916659876   1215      0     35          44   1215
     GPU 0  1.000  0.949  0.766  0.000  0.001  0.000  0.629  0.000               6536823               4373092         100           0       0.000      99.000     202.439        2916659876   1215      0     35          44   1215
     GPU 0  1.000  0.000  0.000  0.000  0.001  0.000  0.000  0.000               6668805               5141197         100           0       0.000      99.000     202.439        2916659876   1215      0     36          43   1215
     GPU 0  1.000  0.937  0.747  0.000  0.001  0.000  0.620  0.000               8053116               6009565         100           0       0.000      99.000     202.439        2916680404   1215      0     36          43   1215
     GPU 0  1.000  0.937  0.747  0.000  0.001  0.000  0.620  0.000               8053116               6009565         100           0       0.000      99.000     202.439        2916680404   1215      0     36          43   1215
     GPU 0  1.000  0.935  0.739  0.000  0.001  0.000  0.613  0.000               9642191               7400083         100           0       0.000      99.000     202.439        2916680404   1215      0     36          44   1215

# Entity  GRACT  SMACT  SMOCC  TENSO  DRAMA  FP64A  FP32A  FP16A                 PCITX                 PCIRX       GPUTL       MCUTL       MUSAM       GUSAM       POWER             TOTEC  SACLK  PSTAT  TMPTR       MMTMP  SMCLK
      Id                                                                                                                                                               W                mJ                    C           C       
     GPU 0  1.000  0.000  0.000  0.000  0.001  0.000  0.000  0.000               3675494               3591611         100           0       0.000      99.000     202.439        2916680404   1215      0     36          43   1215
     GPU 0  1.000  0.946  0.762  0.000  0.002  0.000  0.612  0.000              10562297               7647875         100           0       0.000      99.000     202.439        2916680404   1215      0     36          43   1215
     GPU 0  1.000  0.937  0.761  0.000  0.001  0.000  0.621  0.000              10926441               7309834         100           0       0.000      99.000     202.149        2916680404   1215      0     36          43   1215
     GPU 0  1.000  0.000  0.000  0.000  0.001  0.000  0.000  0.000               4059643               3883934         100           0       0.000      99.000     202.149        2916701058   1215      0     36          43   1215
     GPU 0  1.000  0.937  0.746  0.000  0.001  0.000  0.619  0.000               3422727               1368588         100           0       0.000      99.000     202.149        2916701058   1215      0     36          43   1215
     GPU 0  1.000  0.000  0.000  0.000  0.001  0.000  0.000  0.000               1255985               1255985         100           0       0.000      99.000     202.149        2916701058   1215      0     36          43   1215
     GPU 0  1.000  0.000  0.000  0.000  0.001  0.000  0.000  0.000               1255985               1255985         100           0       0.000      99.000     202.149        2916701058   1215      0     36          43   1215
     GPU 0  1.000  0.933  0.744  0.000  0.001  0.000  0.617  0.000               3386520               1328434         100           0       0.000      99.000     201.852        2916721340   1215      0     36          43   1215
     GPU 0  1.000  0.933  0.710  0.000  0.001  0.000  0.606  0.000               3616508               1326264         100           0       0.000      99.000     201.852        2916721340   1215      0     36          43   1215
     GPU 0  1.000  0.000  0.000  0.000  0.001  0.000  0.000  0.000               6402933               3968528         100           0       0.000      99.000     201.852        2916721340   1215      0     36          44   1215
     GPU 0  1.000  0.934  0.747  0.000  0.002  0.000  0.618  0.000               7882555               5391050         100           0       0.000      99.000     201.852        2916721340   1215      0     36          45   1215
     GPU 0  1.000  0.934  0.747  0.000  0.002  0.000  0.618  0.000               7882555               5391050         100           0       0.000      99.000     201.852        2916721340   1215      0     36          45   1215
     GPU 0  1.000  0.939  0.750  0.000  0.002  0.000  0.602  0.000              10191067               7542943         100           0       0.000      99.000     201.852        2916721340   1215      0     36          43   1215
     GPU 0  1.000  0.000  0.000  0.000  0.001  0.000  0.000  0.000               8596903               6246660         100           0       0.000      99.000     202.916        2916742068   1215      0     36          45   1215

# Entity  GRACT  SMACT  SMOCC  TENSO  DRAMA  FP64A  FP32A  FP16A                 PCITX                 PCIRX       GPUTL       MCUTL       MUSAM       GUSAM       POWER             TOTEC  SACLK  PSTAT  TMPTR       MMTMP  SMCLK
      Id                                                                                                                                                               W                mJ                    C           C       
     GPU 0  1.000  0.937  0.740  0.000  0.001  0.000  0.615  0.000               9650114               7613786         100           0       0.000      99.000     202.916        2916742068   1215      0     36          44   1215
     GPU 0  1.000  0.941  0.746  0.000  0.001  0.000  0.620  0.000               9860734               7746244         100           0       0.000      99.000     202.916        2916742068   1215      0     36          43   1215
     GPU 0  1.000  0.941  0.746  0.000  0.001  0.000  0.620  0.000               9860734               7746244         100           0       0.000      99.000     202.916        2916742068   1215      0     36          45   1215
     GPU 0  1.000  0.000  0.000  0.000  0.002  0.000  0.000  0.000              10404245               8216244         100           0       0.000      99.000     202.916        2916762256   1215      0     36          45   1215
     GPU 0  1.000  0.934  0.745  0.000  0.001  0.000  0.618  0.000               8983162               6629425         100           0       0.000      99.000     202.916        2916762256   1215      0     36          44   1215
     GPU 0  1.000  0.948  0.772  0.000  0.001  0.000  0.629  0.000               3425762               1327432         100           0       0.000      99.000     202.916        2916762256   1215      0     36          45   1215
     GPU 0  1.000  0.000  0.000  0.000  0.001  0.000  0.000  0.000               3553323               1369791         100           0       0.000      99.000     202.916        2916762256   1215      0     36          45   1215
     GPU 0  1.000  0.946  0.760  0.000  0.001  0.000  0.626  0.000               4901743               3081944         100           0       0.000      99.000     202.916        2916762256   1215      0     36          44   1215
     GPU 0  1.000  0.941  0.753  0.000  0.001  0.000  0.622  0.000               5797596               4168228         100           0       0.000      99.000     202.681        2916762256   1215      0     36          45   1215
     GPU 0  1.000  0.941  0.753  0.000  0.001  0.000  0.622  0.000               5797596               4168228         100           0       0.000      99.000     202.681        2916782896   1215      0     36          45   1215
     GPU 0  1.000  0.000  0.000  0.000  0.001  0.000  0.000  0.000               7449920               6046728         100           0       0.000      99.000     202.681        2916782896   1215      0     36          45   1215
     GPU 0  1.000  0.938  0.747  0.000  0.002  0.000  0.620  0.000               6833869               5827701         100           0       0.000      99.000     202.681        2916782896   1215      0     36          45   1215
     GPU 0  1.000  0.935  0.736  0.000  0.002  0.000  0.615  0.000               6826572               5794652         100           0       0.000      99.000     202.681        2916782896   1215      0     36          44   1215
     GPU 0  1.000  0.935  0.736  0.000  0.002  0.000  0.615  0.000               6826572               5794652         100           0       0.000      99.000     202.681        2916803330   1215      0     36          45   1215

# Entity  GRACT  SMACT  SMOCC  TENSO  DRAMA  FP64A  FP32A  FP16A                 PCITX                 PCIRX       GPUTL       MCUTL       MUSAM       GUSAM       POWER             TOTEC  SACLK  PSTAT  TMPTR       MMTMP  SMCLK
      Id                                                                                                                                                               W                mJ                    C           C       
     GPU 0  1.000  0.000  0.000  0.000  0.002  0.000  0.000  0.000               8119467               6361593         100           0       0.000      99.000     202.681        2916803330   1215      0     36          45   1215
     GPU 0  1.000  0.942  0.758  0.000  0.002  0.000  0.607  0.000               3467254               1769143         100           0       0.000      99.000     202.681        2916803330   1215      0     36          44   1215
     GPU 0  1.000  0.921  0.726  0.000  0.002  0.000  0.604  0.000               6701783               4163422         100           0       0.000      99.000     202.681        2916803330   1215      0     36          45   1215
     GPU 0  1.000  0.000  0.000  0.000  0.002  0.000  0.000  0.000               5731509               4401856         100           0       0.000      99.000     202.681        2916803330   1215      0     36          44   1215
     GPU 0  1.000  0.000  0.000  0.000  0.002  0.000  0.000  0.000               5731509               4401856         100           0       0.000      99.000     203.987        2916803330   1215      0     36          44   1215
     GPU 0  1.000  0.948  0.762  0.000  0.002  0.000  0.612  0.000               7117556               5824584         100           0       0.000      99.000     203.987        2916823909   1215      0     36          44   1215
     GPU 0  1.000  0.939  0.750  0.000  0.002  0.000  0.621  0.000               7812531               6684612         100           0       0.000      99.000     203.987        2916823909   1215      0     36          44   1215
     GPU 0  1.000  0.000  0.000  0.000  0.001  0.000  0.000  0.000               7530017               5248543         100           0       0.000      99.000     203.987        2916823909   1215      0     37          44   1215
     GPU 0  1.000  0.000  0.000  0.000  0.001  0.000  0.000  0.000               7530017               5248543         100           0       0.000      99.000     203.987        2916823909   1215      0     37          44   1215
     GPU 0  1.000  0.940  0.751  0.000  0.001  0.000  0.621  0.000               8496693               6906143         100           0       0.000      99.000     202.971        2916844359   1215      0     37          44   1215
     GPU 0  1.000  0.939  0.764  0.000  0.001  0.000  0.623  0.000               3408064               1322619         100           0       0.000      99.000     202.971        2916844359   1215      0     37          44   1215
     GPU 0  1.000  0.000  0.000  0.000  0.001  0.000  0.000  0.000               4941237               3380258         100           0       0.000      99.000     202.971        2916844359   1215      0     37          44   1215
     GPU 0  1.000  0.936  0.744  0.000  0.001  0.000  0.615  0.000              11219438               8749305         100           0       0.000      99.000     202.971        2916844359   1215      0     37          44   1215
     GPU 0  1.000  0.939  0.740  0.000  0.001  0.000  0.618  0.000               6702124               5403127         100           0       0.000      99.000     202.971        2916844359   1215      0     37          44   1215

# Entity  GRACT  SMACT  SMOCC  TENSO  DRAMA  FP64A  FP32A  FP16A                 PCITX                 PCIRX       GPUTL       MCUTL       MUSAM       GUSAM       POWER             TOTEC  SACLK  PSTAT  TMPTR       MMTMP  SMCLK
      Id                                                                                                                                                               W                mJ                    C           C       
     GPU 0  1.000  0.939  0.740  0.000  0.001  0.000  0.618  0.000               6702124               5403127         100           0       0.000      99.000     202.971        2916864871   1215      0     37          44   1215
     GPU 0  1.000  0.000  0.000  0.000  0.002  0.000  0.000  0.000               3627471               1907522         100           0       0.000      99.000     202.971        2916864871   1215      0     37          44   1215
     GPU 0  1.000  0.945  0.758  0.000  0.001  0.000  0.625  0.000               4375523               3314086         100           0       0.000      99.000     202.971        2916864871   1215      0     37          44   1215
     GPU 0  1.000  0.932  0.734  0.000  0.001  0.000  0.611  0.000              10201671               7216635         100           0       0.000      99.000     202.971        2916864871   1215      0     37          44   1215
     GPU 0  1.000  0.932  0.734  0.000  0.001  0.000  0.611  0.000              10201671               7216635         100           0       0.000      99.000     202.971        2916864871   1215      0     37          44   1215
     GPU 0  1.000  0.000  0.000  0.000  0.001  0.000  0.000  0.000              10930980               7457113         100           0       0.000      99.000     202.439        2916885416   1215      0     37          44   1215
     GPU 0  1.000  0.935  0.745  0.000  0.002  0.000  0.619  0.000               8466815               6131302         100           0       0.000      99.000     202.439        2916885416   1215      0     37          44   1215
     GPU 0  1.000  0.947  0.772  0.000  0.001  0.000  0.629  0.000               3429784               1562043         100           0       0.000      99.000     202.439        2916885416   1215      0     37          44   1215
     GPU 0  1.000  0.000  0.000  0.000  0.001  0.000  0.000  0.000               4378712               3060261         100           0       0.000      99.000     202.439        2916885416   1215      0     37          44   1215
     GPU 0  1.000  0.000  0.000  0.000  0.001  0.000  0.000  0.000               4378712               3060261         100           0       0.000      99.000     202.439        2916885416   1215      0     37          44   1215
     GPU 0  1.000  0.933  0.738  0.000  0.001  0.000  0.616  0.000               7405857               5118435         100           0       0.000      99.000     202.439        2916885416   1215      0     37          44   1215
     GPU 0  1.000  0.944  0.754  0.000  0.001  0.000  0.624  0.000               9319358               6226439         100           0       0.000      99.000     202.439        2916906126   1215      0     37          44   1215
     GPU 0  1.000  0.000  0.000  0.000  0.002  0.000  0.000  0.000               7301259               5466748         100           0       0.000      99.000     202.439        2916906126   1215      0     37          44   1215
     GPU 0  1.000  0.000  0.000  0.000  0.002  0.000  0.000  0.000               7301259               5466748         100           0       0.000      99.000     202.439        2916906126   1215      0     37          44   1215

# Entity  GRACT  SMACT  SMOCC  TENSO  DRAMA  FP64A  FP32A  FP16A                 PCITX                 PCIRX       GPUTL       MCUTL       MUSAM       GUSAM       POWER             TOTEC  SACLK  PSTAT  TMPTR       MMTMP  SMCLK
      Id                                                                                                                                                               W                mJ                    C           C       
     GPU 0  1.000  0.942  0.750  0.000  0.002  0.000  0.605  0.000              10870316               7768546         100           0       0.000      99.000     202.439        2916906126   1215      0     37          44   1215
     GPU 0  1.000  0.948  0.756  0.000  0.002  0.000  0.629  0.000               3424096               1409852         100           0       0.000      99.000     202.971        2916926406   1215      0     37          44   1215
     GPU 0  1.000  0.000  0.000  0.000  0.002  0.000  0.000  0.000               5999718               3117026         100           0       0.000      99.000     202.971        2916926406   1215      0     37          44   1215
     GPU 0  1.000  0.944  0.756  0.000  0.002  0.000  0.610  0.000               7127282               4658498         100           0       0.000      99.000     202.971        2916926406   1215      0     37          44   1215
     GPU 0  1.000  0.935  0.745  0.000  0.002  0.000  0.618  0.000               7530227               5195752         100           0       0.000      99.000     202.971        2916926406   1215      0     37          44   1215
     GPU 0  1.000  0.935  0.745  0.000  0.002  0.000  0.618  0.000               7530227               5195752         100           0       0.000      99.000     202.971        2916926406   1215      0     37          44   1215
     GPU 0  1.000  0.000  0.000  0.000  0.002  0.000  0.000  0.000               9612080               7155697         100           0       0.000      99.000     202.971        2916926406   1215      0     37          44   1215
     GPU 0  1.000  0.944  0.757  0.000  0.002  0.000  0.607  0.000              11403702               8429279         100           0       0.000      99.000     202.971        2916947242   1215      0     37          44   1215
     GPU 0  1.000  0.940  0.751  0.000  0.002  0.000  0.622  0.000               4353834               4395618         100           0       0.000      99.000     202.971        2916947242   1215      0     37          44   1215
     GPU 0  1.000  0.940  0.751  0.000  0.002  0.000  0.622  0.000               4353834               4395618         100           0       0.000      99.000     202.971        2916947242   1215      0     37          44   1215
     GPU 0  1.000  0.940  0.751  0.000  0.002  0.000  0.622  0.000               4353834               4395618         100           0       0.000      99.000     202.971        2916947242   1215      0     37          44   1215
     GPU 0  1.000  0.940  0.751  0.000  0.002  0.000  0.622  0.000               4353834               4395618         100           0       0.000      99.000     202.971        2916947242   1215      0     37          44   1215
     GPU 0  1.000  0.940  0.751  0.000  0.002  0.000  0.622  0.000               4353834               4395618         100           0       0.000      99.000     202.971        2916947242   1215      0     37          44   1215
     GPU 0  1.000  0.000  0.000  0.000  0.001  0.000  0.000  0.000              10442344               7810927         100           0       0.000      99.000     204.816        2916968086   1215      0     37          44   1215

# Entity  GRACT  SMACT  SMOCC  TENSO  DRAMA  FP64A  FP32A  FP16A                 PCITX                 PCIRX       GPUTL       MCUTL       MUSAM       GUSAM       POWER             TOTEC  SACLK  PSTAT  TMPTR       MMTMP  SMCLK
      Id                                                                                                                                                               W                mJ                    C           C       
     GPU 0  1.000  0.941  0.749  0.000  0.002  0.000  0.605  0.000               9015336               6876287         100           0       0.000      99.000     204.816        2916968086   1215      0     37          44   1215
     GPU 0  1.000  0.937  0.750  0.000  0.002  0.000  0.620  0.000              12416813               9353604         100           0       0.000      99.000     204.816        2916968086   1215      0     37          44   1215
     GPU 0  1.000  0.000  0.000  0.000  0.002  0.000  0.000  0.000              10866610               8203858         100           0       0.000      99.000     204.816        2916988322   1215      0     37          44   1215
     GPU 0  1.000  0.000  0.000  0.000  0.002  0.000  0.000  0.000              10866610               8203858         100           0       0.000      99.000     202.674        2916988322   1215      0     37          44   1215
     GPU 0  1.000  0.940  0.757  0.000  0.001  0.000  0.620  0.000               6961208               5576424         100           0       0.000      99.000     202.674        2916988322   1215      0     37          44   1215
     GPU 0  1.000  0.944  0.760  0.000  0.002  0.000  0.626  0.000              10653962               8369535         100           0       0.000      99.000     202.674        2916988322   1215      0     37          44   1215
     GPU 0  1.000  0.000  0.000  0.000  0.001  0.000  0.000  0.000              13356622               9234094         100           0       0.000      99.000     202.674        2916988322   1215      0     37          44   1215
     GPU 0  1.000  0.940  0.739  0.000  0.001  0.000  0.611  0.000               3458932               1366943         100           0       0.000      99.000     202.674        2916988322   1215      0     37          44   1215
     GPU 0  1.000  0.898  0.701  0.000  0.002  0.000  0.586  0.000               6724788               3467904         100           0       0.000      99.000     202.674        2917008809   1215      0     37          44   1215
     GPU 0  1.000  0.898  0.701  0.000  0.002  0.000  0.586  0.000               6724788               3467904         100           0       0.000      99.000     202.674        2917008809   1215      0     37          44   1215
     GPU 0  1.000  0.000  0.000  0.000  0.001  0.000  0.000  0.000               5387027               4019092         100           0       0.000      99.000     202.674        2917008809   1215      0     37          44   1215
     GPU 0  1.000  0.940  0.757  0.000  0.002  0.000  0.609  0.000               7959060               5937870         100           0       0.000      99.000     202.674        2917008809   1215      0     37          44   1215
     GPU 0  1.000  0.936  0.748  0.000  0.002  0.000  0.620  0.000               8202699               6821635         100           0       0.000      99.000     203.206        2917008809   1215      0     37          44   1215
     GPU 0  1.000  0.936  0.748  0.000  0.002  0.000  0.620  0.000               8202699               6821635         100           0       0.000      99.000     203.206        2917029748   1215      0     37          44   1215

# Entity  GRACT  SMACT  SMOCC  TENSO  DRAMA  FP64A  FP32A  FP16A                 PCITX                 PCIRX       GPUTL       MCUTL       MUSAM       GUSAM       POWER             TOTEC  SACLK  PSTAT  TMPTR       MMTMP  SMCLK
      Id                                                                                                                                                               W                mJ                    C           C       
     GPU 0  1.000  0.000  0.000  0.000  0.002  0.000  0.000  0.000               6874511               5737515         100           0       0.000      99.000     203.206        2917029748   1215      0     37          44   1215
     GPU 0  1.000  0.943  0.760  0.000  0.002  0.000  0.614  0.000               7073084               5817723         100           0       0.000      99.000     203.206        2917029748   1215      0     37          44   1215
     GPU 0  1.000  0.000  0.000  0.000  0.002  0.000  0.000  0.000               1340461               1508019         100           0       0.000      99.000     203.206        2917029748   1215      0     37          44   1215
     GPU 0  1.000  0.935  0.744  0.000  0.002  0.000  0.600  0.000               7693052               5924181         100           0       0.000      99.000     203.206        2917049951   1215      0     37          44   1215
     GPU 0  1.000  0.000  0.000  0.000  0.002  0.000  0.000  0.000               1335740               1669675         100           0       0.000      99.000     203.745        2917049951   1215      0     37          44   1215
     GPU 0  1.000  0.943  0.755  0.000  0.001  0.000  0.623  0.000               3661918               1286572         100           0       0.000      99.000     203.745        2917049951   1215      0     37          44   1215
     GPU 0  1.000  0.937  0.740  0.000  0.001  0.000  0.620  0.000               2214883               1318560         100           0       0.000      99.000     203.745        2917049951   1215      0     37          44   1215
     GPU 0  1.000  0.937  0.740  0.000  0.001  0.000  0.620  0.000               2214883               1318560         100           0       0.000      99.000     203.745        2917049951   1215      0     37          44   1215
     GPU 0  1.000  0.000  0.000  0.000  0.002  0.000  0.000  0.000               4375049               3024567         100           0       0.000      99.000     203.448        2917049951   1215      0     37          44   1215
     GPU 0  1.000  0.935  0.750  0.000  0.001  0.000  0.615  0.000               7063524               5230065         100           0       0.000      99.000     203.448        2917070641   1215      0     37          44   1215
     GPU 0  1.000  0.937  0.748  0.000  0.002  0.000  0.620  0.000               9017541               6807081         100           0       0.000      99.000     203.448        2917070641   1215      0     37          45   1215
     GPU 0  1.000  0.937  0.748  0.000  0.002  0.000  0.620  0.000               9017541               6807081         100           0       0.000      99.000     203.448        2917070641   1215      0     37          45   1215
     GPU 0  1.000  0.000  0.000  0.000  0.001  0.000  0.000  0.000               7986810               6815899         100           0       0.000      99.000     203.448        2917070641   1215      0     37          44   1215
     GPU 0  1.000  0.948  0.762  0.000  0.002  0.000  0.619  0.000               7814061               6009534         100           0       0.000      99.000     203.448        2917091043   1215      0     37          44   1215

# Entity  GRACT  SMACT  SMOCC  TENSO  DRAMA  FP64A  FP32A  FP16A                 PCITX                 PCIRX       GPUTL       MCUTL       MUSAM       GUSAM       POWER             TOTEC  SACLK  PSTAT  TMPTR       MMTMP  SMCLK
      Id                                                                                                                                                               W                mJ                    C           C       
     GPU 0  1.000  0.931  0.741  0.000  0.002  0.000  0.615  0.000               9200313               6835209         100           0       0.000      99.000     203.751        2917091043   1215      0     37          44   1215
     GPU 0  1.000  0.000  0.000  0.000  0.002  0.000  0.000  0.000               1339136               1673920         100           0       0.000      99.000     203.751        2917091043   1215      0     37          44   1215
     GPU 0  1.000  0.941  0.751  0.000  0.002  0.000  0.622  0.000               7564239               5580649         100           0       0.000      99.000     203.751        2917091043   1215      0     37          44   1215
     GPU 0  0.436  0.000  0.000  0.000  0.001  0.000  0.000  0.000             169129726                400964         100           0       0.000      99.000     203.751        2917091043   1215      0     37          44   1215
     GPU 0  0.436  0.000  0.000  0.000  0.001  0.000  0.000  0.000             169129726                400964         100           0       0.000      99.000     203.751        2917091043   1215      0     36          44   1215
     GPU 0  0.000  0.000  0.000  0.000  0.000  0.000  0.000  0.000               2047853                163677         100           0       0.000      99.000     104.160        2917109496   1215      0     35          44   1215
     GPU 0  0.000  0.000  0.000  0.000  0.000  0.000  0.000  0.000               1536682                124453         100           0       0.000      99.000     104.160        2917109496   1215      0     34          44   1215
     GPU 0  0.000  0.000  0.000  0.000  0.000  0.000  0.000  0.000               1658445                124447         100           0       0.000      99.000     104.160        2917109496   1215      0     34          44   1215
     GPU 0  0.000  0.000  0.000  0.000  0.000  0.000  0.000  0.000               4135182               1917621          55           0       0.000      99.000     104.160        2917109496   1215      0     33          44   1215
     GPU 0  0.000  0.000  0.000  0.000  0.000  0.000  0.000  0.000               4760402               2361039          55           0       0.000      54.000      93.586        2917118932   1215      0     33          44   1215
     GPU 0  0.000  0.000  0.000  0.000  0.000  0.000  0.000  0.000               8031189               4481762          55           0       0.000      54.000      93.586        2917118932   1215      0     33          44   1215
     GPU 0  0.000  0.000  0.000  0.000  0.000  0.000  0.000  0.000               8031189               4481762          55           0       0.000      54.000      93.586        2917118932   1215      0     33          44   1215
     GPU 0  0.000  0.000  0.000  0.000  0.000  0.000  0.000  0.000               9988685               6076547          55           0       0.000      54.000      93.586        2917118932   1215      0     32          44   1215
     GPU 0  0.000  0.000  0.000  0.000  0.000  0.000  0.000  0.000               7980291               5407710          55           0       0.000      54.000      93.586        2917118932   1215      0     32          44   1215

# Entity  GRACT  SMACT  SMOCC  TENSO  DRAMA  FP64A  FP32A  FP16A                 PCITX                 PCIRX       GPUTL       MCUTL       MUSAM       GUSAM       POWER             TOTEC  SACLK  PSTAT  TMPTR       MMTMP  SMCLK
      Id                                                                                                                                                               W                mJ                    C           C       
     GPU 0  0.000  0.000  0.000  0.000  0.000  0.000  0.000  0.000              10102552               6610544          55           0       0.000      54.000      93.586        2917118932   1215      0     32          44   1215
     GPU 0  0.000  0.000  0.000  0.000  0.000  0.000  0.000  0.000              11079636               5902931          55           0       0.000      54.000      93.586        2917128380   1215      0     32          44   1215
     GPU 0  0.000  0.000  0.000  0.000  0.000  0.000  0.000  0.000              11079636               5902931          55           0       0.000      54.000      93.586        2917128380   1215      0     32          44   1215
     GPU 0  0.000  0.000  0.000  0.000  0.000  0.000  0.000  0.000               3785662               2798185          55           0       0.000      54.000      93.586        2917128380   1215      0     32          44   1215
     GPU 0  0.000  0.000  0.000  0.000  0.000  0.000  0.000  0.000               3065502                274873           0           0       0.000      54.000      93.586        2917128380   1215      0     31          44   1215
     GPU 0  0.000  0.000  0.000  0.000  0.000  0.000  0.000  0.000               3022420                274765           0           0       0.000       0.000      93.295        2917137808   1215      0     31          44   1215
     GPU 0  0.000  0.000  0.000  0.000  0.000  0.000  0.000  0.000               2924062                689489           0           0       0.000       0.000      93.295        2917137808   1215      0     31          44   1215
     GPU 0  0.000  0.000  0.000  0.000  0.000  0.000  0.000  0.000               5011852               2140620           0           0       0.000       0.000      93.295        2917137808   1215      0     31          44   1215
     GPU 0  0.000  0.000  0.000  0.000  0.000  0.000  0.000  0.000               8052353               4219629           0           0       0.000       0.000      93.295        2917137808   1215      0     31          44   1215
     GPU 0  0.000  0.000  0.000  0.000  0.000  0.000  0.000  0.000               8052353               4219629           0           0       0.000       0.000      93.295        2917137808   1215      0     31          44   1215
     GPU 0  0.000  0.000  0.000  0.000  0.000  0.000  0.000  0.000              11189267               6049683           0           0       0.000       0.000      93.295        2917137808   1215      0     31          44   1215
     GPU 0  0.000  0.000  0.000  0.000  0.000  0.000  0.000  0.000              11049068               7210924           0           0       0.000       0.000      93.295        2917147236   1215      0     31          44   1215
     GPU 0  0.000  0.000  0.000  0.000  0.000  0.000  0.000  0.000              11445585               5961251           0           0       0.000       0.000      93.295        2917147236   1215      0     31          44   1215
     GPU 0  0.000  0.000  0.000  0.000  0.000  0.000  0.000  0.000              10761751               6948357           0           0       0.000       0.000      93.295        2917147236   1215      0     31          44   1215

# Entity  GRACT  SMACT  SMOCC  TENSO  DRAMA  FP64A  FP32A  FP16A                 PCITX                 PCIRX       GPUTL       MCUTL       MUSAM       GUSAM       POWER             TOTEC  SACLK  PSTAT  TMPTR       MMTMP  SMCLK
      Id                                                                                                                                                               W                mJ                    C           C       
     GPU 0  0.000  0.000  0.000  0.000  0.000  0.000  0.000  0.000              10262760               6681634           0           0       0.000       0.000      93.295        2917147236   1215      0     31          44   1215
     GPU 0  0.000  0.000  0.000  0.000  0.000  0.000  0.000  0.000              10615189               7020480           0           0       0.000       0.000      92.998        2917156641   1215      0     31          44   1215
     GPU 0  0.000  0.000  0.000  0.000  0.000  0.000  0.000  0.000              10615189               7020480           0           0       0.000       0.000      92.998        2917156641   1215      0     31          44   1215
     GPU 0  0.000  0.000  0.000  0.000  0.000  0.000  0.000  0.000              19713920              13584382           0           0       0.000       0.000      92.998        2917156641   1215      0     31          44   1215
     GPU 0  0.000  0.000  0.000  0.000  0.000  0.000  0.000  0.000               3663175              11405795           0           0       0.000       0.000      92.998        2917156641   1215      0     31          44   1215
     GPU 0  0.000  0.000  0.000  0.000  0.000  0.000  0.000  0.000               3663175              11405795           0           0       0.000       0.000      92.998        2917156641   1215      0     31          44   1215
     GPU 0  0.000  0.000  0.000  0.000  0.000  0.000  0.000  0.000               3663175              11405795           0           0       0.000       0.000      93.295        2917166075   1215      0     30          44   1215
     GPU 0  0.000  0.000  0.000  0.000  0.012  0.000  0.000  0.000              12312332               8263310           0           0       0.000       0.000      93.295        2917166075   1215      0     30          44   1215
     GPU 0  0.000  0.000  0.000  0.000  0.012  0.000  0.000  0.000              12312332               8263310           0           0       0.000       0.000      93.295        2917166075   1215      0     30          44   1215
     GPU 0  0.000  0.000  0.000  0.000  0.000  0.000  0.000  0.000               8414474              26387137           0           0       0.000       0.000      93.295        2917166075   1215      0     30          44   1215
     GPU 0  0.000  0.000  0.000  0.000  0.000  0.000  0.000  0.000               8414474              26387137           0           0       0.000       0.000      93.295        2917166075   1215      0     30          44   1215
     GPU 0  0.000  0.000  0.000  0.000  0.000  0.000  0.000  0.000               8414474              26387137           0           0       0.000       0.000      93.295        2917166075   1215      0     30          44   1215
     GPU 0  0.000  0.000  0.000  0.000  0.000  0.000  0.000  0.000               8414474              26387137           0           0       0.000       0.000      93.295        2917166075   1215      0     30          44   1215
     GPU 0  0.000  0.000  0.000  0.000  0.000  0.000  0.000  0.000               8414474              26387137           7           0       0.000       0.000      92.998        2917175618   1215      0     30          44   1215

# Entity  GRACT  SMACT  SMOCC  TENSO  DRAMA  FP64A  FP32A  FP16A                 PCITX                 PCIRX       GPUTL       MCUTL       MUSAM       GUSAM       POWER             TOTEC  SACLK  PSTAT  TMPTR       MMTMP  SMCLK
      Id                                                                                                                                                               W                mJ                    C           C       
     GPU 0  0.000  0.000  0.000  0.000  0.000  0.000  0.000  0.000              15249192               9334464           7           0       0.000       0.000      92.998        2917175618   1215      0     30          44   1215
     GPU 0  0.000  0.000  0.000  0.000  0.000  0.000  0.000  0.000              11107209               8285305           7           0       0.000       0.000      92.998        2917175618   1215      0     30          44   1215
     GPU 0  0.000  0.000  0.000  0.000  0.000  0.000  0.000  0.000               4836507               6420880           7           0       0.000       0.000      92.998        2917184940   1215      0     30          44   1215
     GPU 0  0.000  0.000  0.000  0.000  0.000  0.000  0.000  0.000               4836507               6420880           7           0       0.000       0.000      92.998        2917184940   1215      0     30          44   1215
     GPU 0  0.000  0.000  0.000  0.000  0.000  0.000  0.000  0.000               6995664               4234443           7           0       0.000       0.000      92.998        2917184940   1215      0     30          44   1215
     GPU 0  0.000  0.000  0.000  0.000  0.000  0.000  0.000  0.000              11330992               7455119           7           0       0.000       0.000      92.998        2917184940   1215      0     30          44   1215
     GPU 0  0.000  0.000  0.000  0.000  0.000  0.000  0.000  0.000              11330992               7455119           7           0       0.000       0.000      92.998        2917184940   1215      0     30          44   1215
     GPU 0  0.000  0.000  0.000  0.000  0.000  0.000  0.000  0.000              11330992               7455119           7           0       0.000       0.000      92.998        2917184940   1215      0     30          44   1215
     GPU 0  0.000  0.000  0.000  0.000  0.000  0.000  0.000  0.000              11330992               7455119           7           0       0.000       0.000      92.998        2917184940   1215      0     30          44   1215
     GPU 0  0.000  0.000  0.000  0.000  0.000  0.000  0.000  0.000              11685782               6080853           0           0       0.000       0.000      92.998        2917194568   1215      0     30          44   1215
     GPU 0  0.000  0.000  0.000  0.000  0.000  0.000  0.000  0.000               6681204               3771239           0           0       0.000       0.000      92.998        2917194568   1215      0     30          45   1215
     GPU 0  0.000  0.000  0.000  0.000  0.000  0.000  0.000  0.000               6681204               3771239           0           0       0.000       0.000      92.998        2917194568   1215      0     30          44   1215
     GPU 0  0.000  0.000  0.000  0.000  0.000  0.000  0.000  0.000               6065031               3891021           0           0       0.000       0.000      92.998        2917203883   1215      0     30          44   1215
     GPU 0  0.000  0.000  0.000  0.000  0.000  0.000  0.000  0.000               8806562               5274310           0           0       0.000       0.000      93.295        2917203883   1215      0     30          45   1215

# Entity  GRACT  SMACT  SMOCC  TENSO  DRAMA  FP64A  FP32A  FP16A                 PCITX                 PCIRX       GPUTL       MCUTL       MUSAM       GUSAM       POWER             TOTEC  SACLK  PSTAT  TMPTR       MMTMP  SMCLK
      Id                                                                                                                                                               W                mJ                    C           C       
     GPU 0  0.000  0.000  0.000  0.000  0.000  0.000  0.000  0.000              11590316               7103481           0           0       0.000       0.000      93.295        2917203883   1215      0     30          45   1215
     GPU 0  0.000  0.000  0.000  0.000  0.000  0.000  0.000  0.000               3369614               1714257           0           0       0.000       0.000      93.295        2917203883   1215      0     30          45   1215
     GPU 0  0.000  0.000  0.000  0.000  0.000  0.000  0.000  0.000               3369614               1714257           0           0       0.000       0.000      93.295        2917203883   1215      0     30          44   1215
     GPU 0  0.000  0.000  0.000  0.000  0.000  0.000  0.000  0.000               5509181               2334323           0           0       0.000       0.000      93.295        2917203883   1215      0     30          44   1215
     GPU 0  0.000  0.000  0.000  0.000  0.000  0.000  0.000  0.000               6633352               3123447           0           0       0.000       0.000      93.295        2917213352   1215      0     30          45   1215
     GPU 0  0.000  0.000  0.000  0.000  0.000  0.000  0.000  0.000               6884935               4021445           0           0       0.000       0.000      93.295        2917213352   1215      0     30          45   1215
     GPU 0  0.000  0.000  0.000  0.000  0.000  0.000  0.000  0.000               7610590               4873174           0           0       0.000       0.000      93.295        2917213352   1215      0     30          44   1215
     GPU 0  0.000  0.000  0.000  0.000  0.000  0.000  0.000  0.000               8941136               5646062           0           0       0.000       0.000      93.295        2917213352   1215      0     30          44   1215
     GPU 0  0.000  0.000  0.000  0.000  0.000  0.000  0.000  0.000               8941136               5646062           0           0       0.000       0.000      93.295        2917222725   1215      0     30          45   1215
     GPU 0  0.000  0.000  0.000  0.000  0.000  0.000  0.000  0.000               7315113               5056388           0           0       0.000       0.000      93.295        2917222725   1215      0     30          44   1215
     GPU 0  0.000  0.000  0.000  0.000  0.000  0.000  0.000  0.000               6653040               3685537           0           0       0.000       0.000      93.295        2917222725   1215      0     30          44   1215
     GPU 0  0.000  0.000  0.000  0.000  0.000  0.000  0.000  0.000              10221611               6764108           0           0       0.000       0.000      93.295        2917222725   1215      0     30          45   1215
     GPU 0  0.000  0.000  0.000  0.000  0.000  0.000  0.000  0.000               3785305               1987250           0           0       0.000       0.000      93.295        2917222725   1215      0     30          44   1215
     GPU 0  0.000  0.000  0.000  0.000  0.000  0.000  0.000  0.000               5885651               3910663           0           0       0.000       0.000      93.295        2917222725   1215      0     30          45   1215

# Entity  GRACT  SMACT  SMOCC  TENSO  DRAMA  FP64A  FP32A  FP16A                 PCITX                 PCIRX       GPUTL       MCUTL       MUSAM       GUSAM       POWER             TOTEC  SACLK  PSTAT  TMPTR       MMTMP  SMCLK
      Id                                                                                                                                                               W                mJ                    C           C       
     GPU 0  0.000  0.000  0.000  0.000  0.000  0.000  0.000  0.000               5885651               3910663           0           0       0.000       0.000      93.295        2917232170   1215      0     30          45   1215
     GPU 0  0.000  0.000  0.000  0.000  0.000  0.000  0.000  0.000              13090421               8601533           0           0       0.000       0.000      93.295        2917232170   1215      0     29          45   1215
     GPU 0  0.000  0.000  0.000  0.000  0.000  0.000  0.000  0.000               6751526               3907090           0           0       0.000       0.000      93.295        2917232170   1215      0     29          44   1215
     GPU 0  0.000  0.000  0.000  0.000  0.000  0.000  0.000  0.000               1927709                 41806           0           0       0.000       0.000      93.295        2917232170   1215      0     29          44   1215
     GPU 0  0.000  0.000  0.000  0.000  0.000  0.000  0.000  0.000               4066062               1862760           0           0       0.000       0.000      93.295        2917241576   1215      0     29          45   1215
     GPU 0  0.000  0.000  0.000  0.000  0.000  0.000  0.000  0.000               7109490               4539034           0           0       0.000       0.000      93.295        2917241576   1215      0     29          44   1215
     GPU 0  0.000  0.000  0.000  0.000  0.000  0.000  0.000  0.000               7109490               4539034           0           0       0.000       0.000      93.295        2917241576   1215      0     29          44   1215
     GPU 0  0.000  0.000  0.000  0.000  0.000  0.000  0.000  0.000               8712924               5676074           0           0       0.000       0.000      93.295        2917241576   1215      0     29          45   1215
     GPU 0  0.000  0.000  0.000  0.000  0.000  0.000  0.000  0.000               9149070               5956192           0           0       0.000       0.000      93.295        2917241576   1215      0     29          44   1215
     GPU 0  0.000  0.000  0.000  0.000  0.000  0.000  0.000  0.000               4222451               2800354           0           0       0.000       0.000      93.295        2917241576   1215      0     29          44   1215
     GPU 0  0.000  0.000  0.000  0.000  0.000  0.000  0.000  0.000               1004315                 83692           0           0       0.000       0.000      93.295        2917251045   1215      0     29          44   1215
     GPU 0  0.000  0.000  0.000  0.000  0.000  0.000  0.000  0.000               1004315                 83692           0           0       0.000       0.000      93.295        2917251045   1215      0     29          44   1215
     GPU 0  0.000  0.000  0.000  0.000  0.000  0.000  0.000  0.000               7042956               4772368           0           0       0.000       0.000      93.295        2917251045   1215      0     29          45   1215
     GPU 0  0.000  0.000  0.000  0.000  0.000  0.000  0.000  0.000               2086384                121528           0           0       0.000       0.000      93.295        2917251045   1215      0     29          45   1215

# Entity  GRACT  SMACT  SMOCC  TENSO  DRAMA  FP64A  FP32A  FP16A                 PCITX                 PCIRX       GPUTL       MCUTL       MUSAM       GUSAM       POWER             TOTEC  SACLK  PSTAT  TMPTR       MMTMP  SMCLK
      Id                                                                                                                                                               W                mJ                    C           C       
     GPU 0  0.000  0.000  0.000  0.000  0.000  0.000  0.000  0.000               2008432                 41893           0           0       0.000       0.000      93.295        2917260428   1215      0     29          44   1215
     GPU 0  0.000  0.000  0.000  0.000  0.000  0.000  0.000  0.000               5489340               2164654           0           0       0.000       0.000      93.295        2917260428   1215      0     29          45   1215
     GPU 0  0.000  0.000  0.000  0.000  0.000  0.000  0.000  0.000               4393669               2175408           0           0       0.000       0.000      93.295        2917260428   1215      0     29          45   1215
     GPU 0  0.000  0.000  0.000  0.000  0.000  0.000  0.000  0.000               4393669               2175408           0           0       0.000       0.000      93.295        2917260428   1215      0     29          45   1215
     GPU 0  0.000  0.000  0.000  0.000  0.000  0.000  0.000  0.000               7761066               4602353           0           0       0.000       0.000      93.295        2917260428   1215      0     29          45   1215
     GPU 0  0.000  0.000  0.000  0.000  0.000  0.000  0.000  0.000              12473440               7882599           0           0       0.000       0.000      93.295        2917260428   1215      0     29          44   1215
     GPU 0  0.000  0.000  0.000  0.000  0.000  0.000  0.000  0.000              12236358               7716196           0           0       0.000       0.000      93.295        2917269875   1215      0     29          43   1215
     GPU 0  0.000  0.000  0.000  0.000  0.000  0.000  0.000  0.000               7788734               4318764           0           0       0.000       0.000      93.295        2917269875   1215      0     29          45   1215
     GPU 0  0.000  0.000  0.000  0.000  0.000  0.000  0.000  0.000               6616237               4522030           0           0       0.000       0.000      93.295        2917269875   1215      0     29          45   1215
     GPU 0  0.000  0.000  0.000  0.000  0.000  0.000  0.000  0.000               6616237               4522030           0           0       0.000       0.000      93.295        2917269875   1215      0     29          43   1215
     GPU 0  0.000  0.000  0.000  0.000  0.000  0.000  0.000  0.000               6592228               4462763           0           0       0.000       0.000      93.295        2917279299   1215      0     29          44   1215
     GPU 0  0.000  0.000  0.000  0.000  0.000  0.000  0.000  0.000               7076057               4548659           0           0       0.000       0.000      92.998        2917279299   1215      0     29          43   1215
     GPU 0  0.000  0.000  0.000  0.000  0.000  0.000  0.000  0.000              11361654               7262175           0           0       0.000       0.000      92.998        2917279299   1215      0     29          44   1215
     GPU 0  0.000  0.000  0.000  0.000  0.000  0.000  0.000  0.000               3137944                649985           0           0       0.000       0.000      92.998        2917279299   1215      0     29          43   1215

# Entity  GRACT  SMACT  SMOCC  TENSO  DRAMA  FP64A  FP32A  FP16A                 PCITX                 PCIRX       GPUTL       MCUTL       MUSAM       GUSAM       POWER             TOTEC  SACLK  PSTAT  TMPTR       MMTMP  SMCLK
      Id                                                                                                                                                               W                mJ                    C           C       
     GPU 0  0.000  0.000  0.000  0.000  0.000  0.000  0.000  0.000               3137944                649985           0           0       0.000       0.000      92.998        2917279299   1215      0     29          43    300
     GPU 0  0.000  0.000  0.000  0.000  0.000  0.000  0.000  0.000                920502                 83682           0           0       0.000       0.000      92.998        2917279299   1215      0     29          44    300
     GPU 0  0.000  0.000  0.000  0.000  0.000  0.000  0.000  0.000               3258668                233181           0           0       0.000       0.000      81.891        2917288561   1215      0     29          43    300
     GPU 0  0.000  0.000  0.000  0.000  0.000  0.000  0.000  0.000               6580605               2379718           0           0       0.000       0.000      81.891        2917288561   1215      0     29          44    300
     GPU 0  0.000  0.000  0.000  0.000  0.000  0.000  0.000  0.000               4294349               1908575           0           0       0.000       0.000      81.891        2917288561   1215      0     29          43    300
