# Entity  GRACT  SMACT  SMOCC  TENSO  DRAMA  FP64A  FP32A  FP16A                 PCITX                 PCIRX       GPUTL       MCUTL       MUSAM       GUSAM       POWER             TOTEC  SACLK  PSTAT  TMPTR       MMTMP  SMCLK
      Id                                                                                                                                                               W                mJ                    C           C       
     GPU 0  0.000  0.000  0.000  0.000  0.000  0.000  0.000  0.000             119565217              10869565           0           0       0.000       0.000      77.020        4377075438   1110      0     27          44    210
     GPU 0  0.000  0.000  0.000  0.000  0.000  0.000  0.000  0.000               9135193               5116962           0           0       0.000       0.000      77.020        4377075438   1110      0     27          44    210
     GPU 0  0.000  0.000  0.000  0.000  0.000  0.000  0.000  0.000               9135193               5116962           0           0       0.000       0.000      77.020        4377075438   1110      0     27          43    210
     GPU 0  0.000  0.000  0.000  0.000  0.000  0.000  0.000  0.000               9540577               6374472           0           0       0.000       0.000      78.632        4377075438   1110      0     27          43    210
     GPU 0  0.000  0.000  0.000  0.000  0.000  0.000  0.000  0.000               4414448               2680308           0           0       0.000       0.000      78.632        4377083356   1110      0     27          43    210
     GPU 0  0.000  0.000  0.000  0.000  0.000  0.000  0.000  0.000               5066570               3304164           0           0       0.000       0.000      78.632        4377083356   1110      0     27          43    210
     GPU 0  0.000  0.000  0.000  0.000  0.000  0.000  0.000  0.000               5066570               3304164           0           0       0.000       0.000      78.632        4377083356   1110      0     27          43    210
     GPU 0  0.000  0.000  0.000  0.000  0.000  0.000  0.000  0.000               2812399               1567478           0           0       0.000       0.000      78.632        4377083356   1110      0     27          43    210
     GPU 0  0.000  0.000  0.000  0.000  0.000  0.000  0.000  0.000               3256138                274832           0           0       0.000       0.000      78.632        4377091291   1110      0     27          44    210
     GPU 0  0.000  0.000  0.000  0.000  0.000  0.000  0.000  0.000               5148709               1754887           0           0       0.000       0.000      78.632        4377091291   1110      0     27          43    210
     GPU 0  0.000  0.000  0.000  0.000  0.000  0.000  0.000  0.000               6472321               3193653           0           0       0.000       0.000      78.632        4377091291   1110      0     27          43    210
     GPU 0  0.000  0.000  0.000  0.000  0.000  0.000  0.000  0.000               7160560               3855537           0           0       0.000       0.000      78.632        4377091291   1110      0     27          43    210
     GPU 0  0.000  0.000  0.000  0.000  0.000  0.000  0.000  0.000               7160560               3855537           0           0       0.000       0.000      78.632        4377091291   1110      0     27          43    210
     GPU 0  0.000  0.000  0.000  0.000  0.000  0.000  0.000  0.000               9068997               5335013           0           0       0.000       0.000      78.632        4377099232   1110      0     27          43    210
     GPU 0  0.000  0.000  0.000  0.000  0.000  0.000  0.000  0.000               6109004               4225065           0           0       0.000       0.000      78.632        4377099232   1110      0     27          43    210

# Entity  GRACT  SMACT  SMOCC  TENSO  DRAMA  FP64A  FP32A  FP16A                 PCITX                 PCIRX       GPUTL       MCUTL       MUSAM       GUSAM       POWER             TOTEC  SACLK  PSTAT  TMPTR       MMTMP  SMCLK
      Id                                                                                                                                                               W                mJ                    C           C       
     GPU 0  0.000  0.000  0.000  0.000  0.000  0.000  0.000  0.000               6109004               4225065           0           0       0.000       0.000      78.632        4377099232   1110      0     27          43    210
     GPU 0  0.000  0.000  0.000  0.000  0.000  0.000  0.000  0.000               7852559               4438545           0           0       0.000       0.000      78.632        4377099232   1110      0     27          43    210
     GPU 0  0.000  0.000  0.000  0.000  0.000  0.000  0.000  0.000               8156349               4949108           0           0       0.000       0.000      78.632        4377099232   1110      0     27          43    210
     GPU 0  0.000  0.000  0.000  0.000  0.000  0.000  0.000  0.000               8566736               5905463           0           0       0.000       0.000      78.632        4377099232   1110      0     27          43    210
     GPU 0  0.000  0.000  0.000  0.000  0.000  0.000  0.000  0.000               1841851               1088367           0           0       0.000       0.000      78.923        4377107181   1110      0     27          43    210
     GPU 0  0.000  0.000  0.000  0.000  0.000  0.000  0.000  0.000               4592892               2273334           0           0       0.000       0.000      78.923        4377107181   1110      0     27          44    210
     GPU 0  0.000  0.000  0.000  0.000  0.000  0.000  0.000  0.000               2849670               2474713           0           0       0.000       0.000      78.923        4377107181   1110      0     27          44    210
     GPU 0  0.000  0.000  0.000  0.000  0.000  0.000  0.000  0.000               2244598               4073531           0           0       0.000       0.000      78.923        4377107181   1110      0     27          43    210
     GPU 0  0.000  0.000  0.000  0.000  0.000  0.000  0.000  0.000               2244598               4073531           0           0       0.000       0.000      78.632        4377115126   1110      0     27          44    210
     GPU 0  0.000  0.000  0.000  0.000  0.000  0.000  0.000  0.000               5609030               3525676           0           0       0.000       0.000      78.632        4377115126   1110      0     27          44    210
     GPU 0  0.000  0.000  0.000  0.000  0.000  0.000  0.000  0.000               2395624              25658402           0           0       0.000       0.000      78.632        4377115126   1110      0     27          43    210
     GPU 0  0.000  0.000  0.000  0.000  0.000  0.000  0.000  0.000               9009241              23638927           0           0       0.000       0.000      78.632        4377115126   1110      0     27          43    210
     GPU 0  0.000  0.000  0.000  0.000  0.000  0.000  0.000  0.000               6957943              11484797           0           0       0.000       0.000      78.632        4377115126   1110      0     27          43    210
     GPU 0  0.000  0.000  0.000  0.000  0.000  0.000  0.000  0.000               6957943              11484797           0           0       0.000       0.000      78.632        4377115126   1110      0     27          43    210

# Entity  GRACT  SMACT  SMOCC  TENSO  DRAMA  FP64A  FP32A  FP16A                 PCITX                 PCIRX       GPUTL       MCUTL       MUSAM       GUSAM       POWER             TOTEC  SACLK  PSTAT  TMPTR       MMTMP  SMCLK
      Id                                                                                                                                                               W                mJ                    C           C       
     GPU 0  0.000  0.000  0.000  0.000  0.000  0.000  0.000  0.000               9147032               5338325           0           0       0.000       0.000      78.632        4377123091   1110      0     27          43    210
     GPU 0  0.000  0.000  0.000  0.000  0.000  0.000  0.000  0.000               9147032               5338325           0           0       0.000       0.000      78.632        4377123091   1110      0     27          43    210
     GPU 0  0.000  0.000  0.000  0.000  0.000  0.000  0.000  0.000               3582751               2849916           0           0       0.000       0.000      78.632        4377123091   1110      0     27          43    210
     GPU 0  0.000  0.000  0.000  0.000  0.000  0.000  0.000  0.000               1112003                625502           0           0       0.000       0.000      78.632        4377123091   1110      0     27          44    210
     GPU 0  0.000  0.000  0.000  0.000  0.000  0.000  0.000  0.000               1673106               2927936           0           0       0.000       0.000      78.632        4377131028   1110      0     27          44    210
     GPU 0  0.000  0.000  0.000  0.000  0.000  0.000  0.000  0.000               1673106               2927936           0           0       0.000       0.000      78.632        4377131028   1110      0     27          43    210
     GPU 0  0.000  0.000  0.000  0.000  0.000  0.000  0.000  0.000               9509413               5915304           0           0       0.000       0.000      78.632        4377131028   1110      0     27          43    210
     GPU 0  0.000  0.000  0.000  0.000  0.000  0.000  0.000  0.000               2122678               2122678           0           0       0.000       0.000      78.632        4377131028   1110      0     27          43    210
     GPU 0  0.000  0.000  0.000  0.000  0.000  0.000  0.000  0.000               2122678               2122678           0           0       0.000       0.000      78.632        4377131028   1110      0     27          44    210
     GPU 0  0.000  0.000  0.000  0.000  0.000  0.000  0.000  0.000               9133961               6357934           0           0       0.000       0.000      78.632        4377131028   1110      0     27          44    210
     GPU 0  0.000  0.000  0.000  0.000  0.000  0.000  0.000  0.000               9133961               6357934           0           0       0.000       0.000      78.632        4377138957   1110      0     27          43    210
     GPU 0  0.000  0.000  0.000  0.000  0.000  0.000  0.000  0.000               3538488               2975547           0           0       0.000       0.000      78.632        4377138957   1110      0     27          43    210
     GPU 0  0.000  0.000  0.000  0.000  0.000  0.000  0.000  0.000               1085051               4543653           0           0       0.000       0.000      78.632        4377138957   1110      0     27          43    210
     GPU 0  0.000  0.000  0.000  0.000  0.000  0.000  0.000  0.000               7662431             330174176           0           0       0.000       0.000      78.632        4377138957   1110      0     27          43    210

# Entity  GRACT  SMACT  SMOCC  TENSO  DRAMA  FP64A  FP32A  FP16A                 PCITX                 PCIRX       GPUTL       MCUTL       MUSAM       GUSAM       POWER             TOTEC  SACLK  PSTAT  TMPTR       MMTMP  SMCLK
      Id                                                                                                                                                               W                mJ                    C           C       
     GPU 0  0.000  0.000  0.000  0.000  0.000  0.000  0.000  0.000               5680661              19214001           0           0       0.000       0.000      78.632        4377138957   1110      0     27          44    210
     GPU 0  0.000  0.000  0.000  0.000  0.000  0.000  0.000  0.000               5680661              19214001           0           0       0.000       0.000      78.632        4377147029   1110      0     27          43    210
     GPU 0  0.000  0.000  0.000  0.000  0.000  0.000  0.000  0.000               5614320              19121236           3           0       0.000       2.000      78.632        4377147029   1110      0     27          43   1110
     GPU 0  0.149  0.000  0.000  0.000  0.000  0.000  0.000  0.000              19221777              59769062           3           0       0.000       2.000      78.632        4377147029   1110      0     27          44   1110
     GPU 0  0.149  0.000  0.000  0.000  0.000  0.000  0.000  0.000              19221777              59769062           3           0       0.000       2.000      78.632        4377147029   1110      0     27          43   1110
     GPU 0  0.027  0.000  0.000  0.000  0.001  0.000  0.000  0.000             313453349            2739547637           3           0       0.000       2.000     107.419        4377155562   1110      0     27          43   1110
     GPU 0  0.930  0.932  0.745  0.000  0.001  0.000  0.617  0.000              53784523             402750518           3           0       0.000       2.000     107.419        4377155562   1110      0     27          43   1110
     GPU 0  1.000  0.000  0.000  0.000  0.002  0.000  0.000  0.000               8436127               6299754           3           0       0.000       2.000     107.419        4377155562   1110      0     29          44   1110
     GPU 0  1.000  0.924  0.733  0.000  0.001  0.000  0.608  0.000               8645380               6265086           3           0       0.000       2.000     107.419        4377155562   1110      0     30          43   1110
     GPU 0  1.000  0.926  0.731  0.000  0.002  0.000  0.589  0.000               9301356               6717055           3           0       0.000       2.000     107.419        4377155562   1110      0     30          44   1110
     GPU 0  1.000  0.000  0.000  0.000  0.001  0.000  0.000  0.000              10704937               7994353           3           0       0.000       2.000     176.104        4377155562   1110      0     30          43   1110
     GPU 0  1.000  0.925  0.735  0.000  0.001  0.000  0.609  0.000               6923046               5622239           3           0       0.000       2.000     176.104        4377172804   1110      0     31          43   1110
     GPU 0  1.000  0.925  0.735  0.000  0.001  0.000  0.609  0.000               6923046               5622239          72           0       0.000      72.000     176.104        4377172804   1110      0     31          43   1110
     GPU 0  1.000  0.925  0.722  0.000  0.001  0.000  0.609  0.000               4014038               3153338          72           0       0.000      72.000     176.104        4377172804   1110      0     31          43   1110

# Entity  GRACT  SMACT  SMOCC  TENSO  DRAMA  FP64A  FP32A  FP16A                 PCITX                 PCIRX       GPUTL       MCUTL       MUSAM       GUSAM       POWER             TOTEC  SACLK  PSTAT  TMPTR       MMTMP  SMCLK
      Id                                                                                                                                                               W                mJ                    C           C       
     GPU 0  1.000  0.000  0.000  0.000  0.001  0.000  0.000  0.000               2456960               1484960          72           0       0.000      72.000     176.104        4377172804   1110      0     31          43   1110
     GPU 0  1.000  0.924  0.730  0.000  0.001  0.000  0.588  0.000               3461003               1767891          72           0       0.000      72.000     176.104        4377190589   1110      0     32          43   1110
     GPU 0  1.000  0.944  0.751  0.000  0.001  0.000  0.628  0.000               5958383               4303197          72           0       0.000      72.000     176.104        4377190589   1110      0     32          43   1110
     GPU 0  1.000  0.000  0.000  0.000  0.001  0.000  0.000  0.000               6515050               5049352          72           0       0.000      72.000     176.104        4377190589   1110      0     32          43   1110
     GPU 0  1.000  0.000  0.000  0.000  0.001  0.000  0.000  0.000               6515050               5049352          72           0       0.000      72.000     176.104        4377190589   1110      0     32          43   1110
     GPU 0  1.000  0.927  0.726  0.000  0.001  0.000  0.611  0.000               8712203               6291682          72           0       0.000      72.000     176.104        4377190589   1110      0     32          43   1110
     GPU 0  1.000  0.934  0.743  0.000  0.002  0.000  0.599  0.000              10551671               8428539          72           0       0.000      72.000     176.104        4377190589   1110      0     32          43   1110
     GPU 0  1.000  0.000  0.000  0.000  0.001  0.000  0.000  0.000              10463346               7839265         100           0       0.000      99.000     176.636        4377208739   1110      0     32          43   1110
     GPU 0  1.000  0.933  0.731  0.000  0.001  0.000  0.614  0.000               9134565               6703203         100           0       0.000      99.000     176.636        4377208739   1110      0     32          43   1110
     GPU 0  1.000  0.941  0.773  0.000  0.001  0.000  0.627  0.000               7338689               5087763         100           0       0.000      99.000     176.636        4377208739   1110      0     32          44   1110
     GPU 0  1.000  0.000  0.000  0.000  0.001  0.000  0.000  0.000               9213148               6701879         100           0       0.000      99.000     176.636        4377208739   1110      0     32          43   1110
     GPU 0  1.000  0.927  0.729  0.000  0.001  0.000  0.610  0.000              11150336               8431811         100           0       0.000      99.000     177.175        4377226256   1110      0     32          43   1110
     GPU 0  1.000  0.938  0.756  0.000  0.002  0.000  0.602  0.000              11196109               8457390         100           0       0.000      99.000     177.175        4377226256   1110      0     33          44   1110
     GPU 0  1.000  0.938  0.756  0.000  0.002  0.000  0.602  0.000              11196109               8457390         100           0       0.000      99.000     177.175        4377226256   1110      0     33          44   1110

# Entity  GRACT  SMACT  SMOCC  TENSO  DRAMA  FP64A  FP32A  FP16A                 PCITX                 PCIRX       GPUTL       MCUTL       MUSAM       GUSAM       POWER             TOTEC  SACLK  PSTAT  TMPTR       MMTMP  SMCLK
      Id                                                                                                                                                               W                mJ                    C           C       
     GPU 0  1.000  0.000  0.000  0.000  0.001  0.000  0.000  0.000              11091235               7778840         100           0       0.000      99.000     177.175        4377226256   1110      0     33          44   1110
     GPU 0  1.000  0.939  0.751  0.000  0.001  0.000  0.624  0.000               7440523               5889614         100           0       0.000      99.000     177.175        4377226256   1110      0     33          43   1110
     GPU 0  1.000  0.923  0.726  0.000  0.001  0.000  0.599  0.000              10695144               7765753         100           0       0.000      99.000     177.175        4377226256   1110      0     33          44   1110
     GPU 0  1.000  0.000  0.000  0.000  0.001  0.000  0.000  0.000              11445496               8431551         100           0       0.000      99.000     177.175        4377244184   1110      0     33          44   1110
     GPU 0  1.000  0.945  0.754  0.000  0.001  0.000  0.624  0.000              10391560               7783456         100           0       0.000      99.000     177.175        4377244184   1110      0     33          44   1110
     GPU 0  1.000  0.945  0.754  0.000  0.001  0.000  0.624  0.000              10391560               7783456         100           0       0.000      99.000     177.175        4377244184   1110      0     33          44   1110
     GPU 0  1.000  0.937  0.744  0.000  0.002  0.000  0.622  0.000              13141916               9584409         100           0       0.000      99.000     177.175        4377244184   1110      0     33          44   1110
     GPU 0  1.000  0.000  0.000  0.000  0.001  0.000  0.000  0.000              11572479               8522893         100           0       0.000      99.000     176.933        4377261892   1110      0     33          44   1110
     GPU 0  1.000  0.935  0.733  0.000  0.002  0.000  0.619  0.000              10724815               8189167         100           0       0.000      99.000     176.933        4377261892   1110      0     33          44   1110
     GPU 0  1.000  0.940  0.745  0.000  0.001  0.000  0.619  0.000               3759715               1494232         100           0       0.000      99.000     176.933        4377261892   1110      0     33          44   1110
     GPU 0  1.000  0.000  0.000  0.000  0.002  0.000  0.000  0.000               3425791               1243675         100           0       0.000      99.000     176.933        4377261892   1110      0     33          44   1110
     GPU 0  1.000  0.932  0.744  0.000  0.001  0.000  0.616  0.000               7803590               4185047         100           0       0.000      99.000     176.933        4377261892   1110      0     33          44   1110
     GPU 0  1.000  0.932  0.744  0.000  0.001  0.000  0.616  0.000               7803590               4185047         100           0       0.000      99.000     176.933        4377261892   1110      0     33          44   1110
     GPU 0  1.000  0.961  0.784  0.000  0.001  0.000  0.644  0.000               4779639               2897835         100           0       0.000      99.000     176.636        4377279785   1110      0     33          44   1110

# Entity  GRACT  SMACT  SMOCC  TENSO  DRAMA  FP64A  FP32A  FP16A                 PCITX                 PCIRX       GPUTL       MCUTL       MUSAM       GUSAM       POWER             TOTEC  SACLK  PSTAT  TMPTR       MMTMP  SMCLK
      Id                                                                                                                                                               W                mJ                    C           C       
     GPU 0  1.000  0.000  0.000  0.000  0.001  0.000  0.000  0.000               5899494               4063094         100           0       0.000      99.000     176.636        4377279785   1110      0     33          44   1110
     GPU 0  1.000  0.939  0.742  0.000  0.002  0.000  0.601  0.000               7576082               5356996         100           0       0.000      99.000     176.636        4377279785   1110      0     33          44   1110
     GPU 0  1.000  0.942  0.756  0.000  0.001  0.000  0.626  0.000              10392372               7794606         100           0       0.000      99.000     176.636        4377279785   1110      0     33          44   1110
     GPU 0  1.000  0.000  0.000  0.000  0.001  0.000  0.000  0.000              10988291               8289422         100           0       0.000      99.000     175.274        4377297460   1110      0     33          44   1110
     GPU 0  1.000  0.945  0.771  0.000  0.002  0.000  0.628  0.000              11305906               8553730         100           0       0.000      99.000     175.274        4377297460   1110      0     33          44   1110
     GPU 0  1.000  0.945  0.771  0.000  0.002  0.000  0.628  0.000              11305906               8553730         100           0       0.000      99.000     175.274        4377297460   1110      0     34          44   1110
     GPU 0  1.000  0.945  0.769  0.000  0.001  0.000  0.627  0.000              11608133               8238518         100           0       0.000      99.000     175.274        4377297460   1110      0     34          44   1110
     GPU 0  1.000  0.000  0.000  0.000  0.001  0.000  0.000  0.000               4434436               3765099         100           0       0.000      99.000     175.274        4377297460   1110      0     34          44   1110
     GPU 0  1.000  0.946  0.744  0.000  0.001  0.000  0.626  0.000               3385355               1285862         100           0       0.000      99.000     175.274        4377297460   1110      0     34          44   1110
     GPU 0  1.000  0.000  0.000  0.000  0.001  0.000  0.000  0.000               1171640               1087951         100           0       0.000      99.000     175.274        4377315272   1110      0     34          44   1110
     GPU 0  1.000  0.945  0.760  0.000  0.001  0.000  0.623  0.000               8885041               6299944         100           0       0.000      99.000     175.274        4377315272   1110      0     34          44   1110
     GPU 0  1.000  0.945  0.773  0.000  0.002  0.000  0.628  0.000              10578368               8039020         100           0       0.000      99.000     175.274        4377315272   1110      0     34          44   1110
     GPU 0  1.000  0.945  0.773  0.000  0.002  0.000  0.628  0.000              10578368               8039020         100           0       0.000      99.000     175.274        4377315272   1110      0     34          44   1110
     GPU 0  1.000  0.000  0.000  0.000  0.001  0.000  0.000  0.000              11776768               8561298         100           0       0.000      99.000     174.742        4377332870   1110      0     34          44   1110

# Entity  GRACT  SMACT  SMOCC  TENSO  DRAMA  FP64A  FP32A  FP16A                 PCITX                 PCIRX       GPUTL       MCUTL       MUSAM       GUSAM       POWER             TOTEC  SACLK  PSTAT  TMPTR       MMTMP  SMCLK
      Id                                                                                                                                                               W                mJ                    C           C       
     GPU 0  1.000  0.942  0.763  0.000  0.002  0.000  0.626  0.000              10658656               8099237         100           0       0.000      99.000     174.742        4377332870   1110      0     34          44   1110
     GPU 0  1.000  0.941  0.740  0.000  0.001  0.000  0.616  0.000              10548983               7767064         100           0       0.000      99.000     174.742        4377332870   1110      0     34          44   1110
     GPU 0  1.000  0.000  0.000  0.000  0.001  0.000  0.000  0.000              11129149               7791593         100           0       0.000      99.000     174.742        4377332870   1110      0     34          44   1110
     GPU 0  1.000  0.936  0.741  0.000  0.001  0.000  0.617  0.000               6191008               4610348         100           0       0.000      99.000     174.742        4377332870   1110      0     34          44   1110
     GPU 0  1.000  0.939  0.743  0.000  0.001  0.000  0.620  0.000               3466324               1536436         100           0       0.000      99.000     174.742        4377332870   1110      0     34          44   1110
     GPU 0  1.000  0.939  0.743  0.000  0.001  0.000  0.620  0.000               3466324               1536436         100           0       0.000      99.000     175.274        4377350676   1110      0     34          44   1110
     GPU 0  1.000  0.000  0.000  0.000  0.001  0.000  0.000  0.000               7078750               3689843         100           0       0.000      99.000     175.274        4377350676   1110      0     34          44   1110
     GPU 0  1.000  0.938  0.748  0.000  0.002  0.000  0.598  0.000               4453218               3346105         100           0       0.000      99.000     175.274        4377350676   1110      0     34          44   1110
     GPU 0  1.000  0.932  0.729  0.000  0.001  0.000  0.613  0.000               7892634               5811165         100           0       0.000      99.000     175.274        4377350676   1110      0     34          44   1110
     GPU 0  1.000  0.000  0.000  0.000  0.001  0.000  0.000  0.000               9167342               7325401         100           0       0.000      99.000     175.274        4377368439   1110      0     34          44   1110
     GPU 0  1.000  0.938  0.763  0.000  0.002  0.000  0.622  0.000               8664688               7534364         100           0       0.000      99.000     175.565        4377368439   1110      0     34          44   1110
     GPU 0  1.000  0.938  0.763  0.000  0.002  0.000  0.622  0.000               8664688               7534364         100           0       0.000      99.000     175.565        4377368439   1110      0     34          44   1110
     GPU 0  1.000  0.951  0.774  0.000  0.002  0.000  0.613  0.000               5487886               4935531         100           0       0.000      99.000     175.565        4377368439   1110      0     34          44   1110
     GPU 0  1.000  0.000  0.000  0.000  0.002  0.000  0.000  0.000               4775185               3937375         100           0       0.000      99.000     175.565        4377368439   1110      0     34          44   1110

# Entity  GRACT  SMACT  SMOCC  TENSO  DRAMA  FP64A  FP32A  FP16A                 PCITX                 PCIRX       GPUTL       MCUTL       MUSAM       GUSAM       POWER             TOTEC  SACLK  PSTAT  TMPTR       MMTMP  SMCLK
      Id                                                                                                                                                               W                mJ                    C           C       
     GPU 0  1.000  0.941  0.762  0.000  0.001  0.000  0.625  0.000               6692171               5652443         100           0       0.000      99.000     175.274        4377368439   1110      0     34          44   1110
     GPU 0  1.000  0.941  0.762  0.000  0.001  0.000  0.625  0.000               6692171               5652443         100           0       0.000      99.000     175.274        4377386016   1110      0     34          44   1110
     GPU 0  1.000  0.943  0.743  0.000  0.001  0.000  0.622  0.000               2332460               1520095         100           0       0.000      99.000     175.274        4377386016   1110      0     34          44   1110
     GPU 0  1.000  0.000  0.000  0.000  0.001  0.000  0.000  0.000               3408553               1239479         100           0       0.000      99.000     175.274        4377386016   1110      0     34          44   1110
     GPU 0  1.000  0.943  0.753  0.000  0.001  0.000  0.624  0.000               5090942               2542643         100           0       0.000      99.000     175.274        4377386016   1110      0     34          44   1110
     GPU 0  1.000  0.942  0.771  0.000  0.001  0.000  0.624  0.000               4299380               2736449         100           0       0.000      99.000     175.565        4377403727   1110      0     34          44   1110
     GPU 0  1.000  0.000  0.000  0.000  0.001  0.000  0.000  0.000               5690282               4205959         100           0       0.000      99.000     175.565        4377403727   1110      0     34          44   1110
     GPU 0  1.000  0.000  0.000  0.000  0.001  0.000  0.000  0.000               5690282               4205959         100           0       0.000      99.000     175.565        4377403727   1110      0     34          44   1110
     GPU 0  1.000  0.947  0.761  0.000  0.002  0.000  0.609  0.000               9481094               6821451         100           0       0.000      99.000     175.565        4377403727   1110      0     34          44   1110
     GPU 0  1.000  0.929  0.741  0.000  0.001  0.000  0.613  0.000              11122673               8161103         100           0       0.000      99.000     175.565        4377403727   1110      0     34          44   1110
     GPU 0  1.000  0.000  0.000  0.000  0.001  0.000  0.000  0.000               9881581               6649450         100           0       0.000      99.000     175.565        4377421495   1110      0     34          44   1110
     GPU 0  1.000  0.000  0.000  0.000  0.001  0.000  0.000  0.000               9881581               6649450         100           0       0.000      99.000     175.565        4377421495   1110      0     34          44   1110
     GPU 0  1.000  0.936  0.733  0.000  0.002  0.000  0.597  0.000              11221241               8353760         100           0       0.000      99.000     175.565        4377421495   1110      0     34          44   1110
     GPU 0  1.000  0.939  0.743  0.000  0.001  0.000  0.619  0.000               3699578               1326933         100           0       0.000      99.000     175.565        4377421495   1110      0     34          44   1110

# Entity  GRACT  SMACT  SMOCC  TENSO  DRAMA  FP64A  FP32A  FP16A                 PCITX                 PCIRX       GPUTL       MCUTL       MUSAM       GUSAM       POWER             TOTEC  SACLK  PSTAT  TMPTR       MMTMP  SMCLK
      Id                                                                                                                                                               W                mJ                    C           C       
     GPU 0  1.000  0.000  0.000  0.000  0.001  0.000  0.000  0.000               6238554               3381137         100           0       0.000      99.000     175.565        4377421495   1110      0     34          44   1110
     GPU 0  1.000  0.941  0.744  0.000  0.001  0.000  0.605  0.000               7118241               4929344         100           0       0.000      99.000     175.565        4377421495   1110      0     34          44   1110
     GPU 0  1.000  0.941  0.744  0.000  0.001  0.000  0.605  0.000               7118241               4929344         100           0       0.000      99.000     176.104        4377439334   1110      0     34          44   1110
     GPU 0  1.000  0.928  0.729  0.000  0.001  0.000  0.612  0.000               9810318               6020065         100           0       0.000      99.000     176.104        4377439334   1110      0     34          44   1110
     GPU 0  1.000  0.000  0.000  0.000  0.001  0.000  0.000  0.000               6956189               5827674         100           0       0.000      99.000     176.104        4377439334   1110      0     34          44   1110
     GPU 0  1.000  0.933  0.745  0.000  0.002  0.000  0.598  0.000               6881349               5032373         100           0       0.000      99.000     176.104        4377439334   1110      0     34          44   1110
     GPU 0  1.000  0.933  0.745  0.000  0.002  0.000  0.598  0.000               6881349               5032373         100           0       0.000      99.000     178.247        4377457193   1110      0     35          44   1110
     GPU 0  1.000  0.927  0.739  0.000  0.001  0.000  0.611  0.000              10508361               7132961         100           0       0.000      99.000     178.247        4377457193   1110      0     35          44   1110
     GPU 0  1.000  0.000  0.000  0.000  0.001  0.000  0.000  0.000               7998528               6574744         100           0       0.000      99.000     178.247        4377457193   1110      0     35          44   1110
     GPU 0  1.000  0.930  0.724  0.000  0.001  0.000  0.613  0.000               4076176               1242458         100           0       0.000      99.000     178.247        4377457193   1110      0     35          44   1110
     GPU 0  1.000  0.951  0.749  0.000  0.001  0.000  0.627  0.000               3375720               1367213         100           0       0.000      99.000     178.247        4377457193   1110      0     35          44   1110
     GPU 0  1.000  0.000  0.000  0.000  0.002  0.000  0.000  0.000               6182719               3841956         100           0       0.000      99.000     178.247        4377457193   1110      0     35          44   1110
     GPU 0  1.000  0.000  0.000  0.000  0.002  0.000  0.000  0.000               6182719               3841956         100           0       0.000      99.000     177.175        4377475140   1110      0     35          45   1110
     GPU 0  1.000  0.936  0.753  0.000  0.001  0.000  0.621  0.000               9310098               5110511         100           0       0.000      99.000     177.175        4377475140   1110      0     35          44   1110

# Entity  GRACT  SMACT  SMOCC  TENSO  DRAMA  FP64A  FP32A  FP16A                 PCITX                 PCIRX       GPUTL       MCUTL       MUSAM       GUSAM       POWER             TOTEC  SACLK  PSTAT  TMPTR       MMTMP  SMCLK
      Id                                                                                                                                                               W                mJ                    C           C       
     GPU 0  1.000  0.936  0.735  0.000  0.001  0.000  0.619  0.000              11069323               7255240         100           0       0.000      99.000     177.175        4377475140   1110      0     35          44   1110
     GPU 0  1.000  0.000  0.000  0.000  0.001  0.000  0.000  0.000              10162203               7798180         100           0       0.000      99.000     177.175        4377475140   1110      0     35          44   1110
     GPU 0  1.000  0.930  0.726  0.000  0.002  0.000  0.594  0.000              10122523               7785451         100           0       0.000      99.000     177.175        4377493051   1110      0     35          44   1110
     GPU 0  1.000  0.929  0.755  0.000  0.001  0.000  0.615  0.000              10662039               7115235         100           0       0.000      99.000     177.175        4377493051   1110      0     35          44   1110
     GPU 0  1.000  0.929  0.755  0.000  0.001  0.000  0.615  0.000              10662039               7115235         100           0       0.000      99.000     177.175        4377493051   1110      0     35          44   1110
     GPU 0  1.000  0.000  0.000  0.000  0.001  0.000  0.000  0.000              10055010               7493402         100           0       0.000      99.000     177.175        4377493051   1110      0     35          44   1110
     GPU 0  1.000  0.936  0.730  0.000  0.001  0.000  0.615  0.000               7621827               5538391         100           0       0.000      99.000     177.175        4377493051   1110      0     35          45   1110
     GPU 0  1.000  0.929  0.753  0.000  0.001  0.000  0.612  0.000               6405149               5303483         100           0       0.000      99.000     177.175        4377493051   1110      0     35          44   1110
     GPU 0  1.000  0.000  0.000  0.000  0.001  0.000  0.000  0.000               1171689               1087996         100           0       0.000      99.000     175.274        4377510851   1110      0     35          45   1110
     GPU 0  1.000  0.952  0.782  0.000  0.001  0.000  0.632  0.000               3382589               1326901         100           0       0.000      99.000     175.274        4377510851   1110      0     35          44   1110
     GPU 0  1.000  0.952  0.782  0.000  0.001  0.000  0.632  0.000               3382589               1326901         100           0       0.000      99.000     175.274        4377510851   1110      0     35          45   1110
     GPU 0  1.000  0.000  0.000  0.000  0.002  0.000  0.000  0.000               2291497               1679729         100           0       0.000      99.000     175.274        4377510851   1110      0     35          44   1110
     GPU 0  1.000  0.943  0.759  0.000  0.001  0.000  0.627  0.000               4622307               3120204         100           0       0.000      99.000     175.814        4377528576   1110      0     35          44   1110
     GPU 0  1.000  0.948  0.767  0.000  0.001  0.000  0.633  0.000               6228384               3965321         100           0       0.000      99.000     175.814        4377528576   1110      0     35          44   1110

# Entity  GRACT  SMACT  SMOCC  TENSO  DRAMA  FP64A  FP32A  FP16A                 PCITX                 PCIRX       GPUTL       MCUTL       MUSAM       GUSAM       POWER             TOTEC  SACLK  PSTAT  TMPTR       MMTMP  SMCLK
      Id                                                                                                                                                               W                mJ                    C           C       
     GPU 0  1.000  0.000  0.000  0.000  0.001  0.000  0.000  0.000               8543136               6133301         100           0       0.000      99.000     175.814        4377528576   1110      0     35          45   1110
     GPU 0  1.000  0.000  0.000  0.000  0.001  0.000  0.000  0.000               8543136               6133301         100           0       0.000      99.000     175.814        4377528576   1110      0     35          45   1110
     GPU 0  1.000  0.951  0.775  0.000  0.001  0.000  0.632  0.000               3640154               3473122         100           0       0.000      99.000     175.814        4377528576   1110      0     35          45   1110
     GPU 0  1.000  0.951  0.759  0.000  0.001  0.000  0.627  0.000               6168893               4117109         100           0       0.000      99.000     175.814        4377528576   1110      0     35          44   1110
     GPU 0  1.000  0.000  0.000  0.000  0.001  0.000  0.000  0.000               1171131               1338436         100           0       0.000      99.000     175.814        4377546328   1110      0     35          45   1110
     GPU 0  1.000  0.919  0.725  0.000  0.002  0.000  0.607  0.000               3469237               1537059         100           0       0.000      99.000     175.814        4377546328   1110      0     35          45   1110
     GPU 0  1.000  0.919  0.725  0.000  0.002  0.000  0.607  0.000               3469237               1537059         100           0       0.000      99.000     175.814        4377546328   1110      0     35          45   1110
     GPU 0  1.000  0.000  0.000  0.000  0.002  0.000  0.000  0.000               2376356               1483127         100           0       0.000      99.000     175.814        4377546328   1110      0     35          45   1110
     GPU 0  1.000  0.936  0.735  0.000  0.001  0.000  0.613  0.000               4864603               3339490         100           0       0.000      99.000     175.274        4377564018   1110      0     35          45   1110
     GPU 0  1.000  0.931  0.729  0.000  0.001  0.000  0.613  0.000               8227561               5452607         100           0       0.000      99.000     175.274        4377564018   1110      0     35          45   1110
     GPU 0  1.000  0.931  0.729  0.000  0.001  0.000  0.613  0.000               8227561               5452607         100           0       0.000      99.000     175.274        4377564018   1110      0     35          45   1110
     GPU 0  1.000  0.000  0.000  0.000  0.001  0.000  0.000  0.000               9459330               6445921         100           0       0.000      99.000     175.274        4377564018   1110      0     35          45   1110
     GPU 0  1.000  0.941  0.742  0.000  0.001  0.000  0.618  0.000               7112233               5159840         100           0       0.000      99.000     175.274        4377564018   1110      0     35          45   1110
     GPU 0  1.000  0.933  0.730  0.000  0.001  0.000  0.614  0.000              12379898               8918621         100           0       0.000      99.000     175.274        4377564018   1110      0     35          45   1110

# Entity  GRACT  SMACT  SMOCC  TENSO  DRAMA  FP64A  FP32A  FP16A                 PCITX                 PCIRX       GPUTL       MCUTL       MUSAM       GUSAM       POWER             TOTEC  SACLK  PSTAT  TMPTR       MMTMP  SMCLK
      Id                                                                                                                                                               W                mJ                    C           C       
     GPU 0  1.000  0.000  0.000  0.000  0.001  0.000  0.000  0.000              14507623               8989950         100           0       0.000      99.000     175.274        4377581766   1110      0     35          45   1110
     GPU 0  1.000  0.000  0.000  0.000  0.001  0.000  0.000  0.000              14507623               8989950         100           0       0.000      99.000     175.274        4377581766   1110      0     35          45   1110
     GPU 0  1.000  0.943  0.763  0.000  0.001  0.000  0.626  0.000               3472462               1192132         100           0       0.000      99.000     175.274        4377581766   1110      0     35          45   1110
     GPU 0  1.000  0.935  0.746  0.000  0.001  0.000  0.618  0.000               3551685               1243473         100           0       0.000      99.000     175.274        4377581766   1110      0     35          45   1110
     GPU 0  1.000  0.000  0.000  0.000  0.002  0.000  0.000  0.000               4801358               3326701         100           0       0.000      99.000     175.565        4377599459   1110      0     35          45   1110
     GPU 0  1.000  0.946  0.754  0.000  0.001  0.000  0.628  0.000               7400572               5546621         100           0       0.000      99.000     175.565        4377599459   1110      0     35          45   1110
     GPU 0  1.000  0.944  0.768  0.000  0.001  0.000  0.627  0.000               8811203               6938414         100           0       0.000      99.000     175.565        4377599459   1110      0     35          45   1110
     GPU 0  1.000  0.944  0.768  0.000  0.001  0.000  0.627  0.000               8811203               6938414         100           0       0.000      99.000     175.565        4377599459   1110      0     35          45   1110
     GPU 0  1.000  0.000  0.000  0.000  0.001  0.000  0.000  0.000               6072041               4690152         100           0       0.000      99.000     175.565        4377599459   1110      0     35          45   1110
     GPU 0  1.000  0.938  0.765  0.000  0.001  0.000  0.623  0.000               8518230               6472485         100           0       0.000      99.000     175.565        4377599459   1110      0     35          45   1110
     GPU 0  1.000  0.000  0.000  0.000  0.001  0.000  0.000  0.000               1170825               1254455         100           0       0.000      99.000     175.814        4377617197   1110      0     35          45   1110
     GPU 0  1.000  0.945  0.765  0.000  0.001  0.000  0.622  0.000               3399108               1508818         100           0       0.000      99.000     175.814        4377617197   1110      0     35          45   1110
     GPU 0  1.000  0.945  0.765  0.000  0.001  0.000  0.622  0.000               3399108               1508818         100           0       0.000      99.000     175.814        4377617197   1110      0     35          45   1110
     GPU 0  1.000  0.937  0.734  0.000  0.002  0.000  0.617  0.000               2408767               1557794         100           0       0.000      99.000     175.814        4377617197   1110      0     35          45   1110

# Entity  GRACT  SMACT  SMOCC  TENSO  DRAMA  FP64A  FP32A  FP16A                 PCITX                 PCIRX       GPUTL       MCUTL       MUSAM       GUSAM       POWER             TOTEC  SACLK  PSTAT  TMPTR       MMTMP  SMCLK
      Id                                                                                                                                                               W                mJ                    C           C       
     GPU 0  1.000  0.000  0.000  0.000  0.002  0.000  0.000  0.000               4791351               3214681         100           0       0.000      99.000     175.565        4377634986   1110      0     35          45   1110
     GPU 0  1.000  0.938  0.745  0.000  0.001  0.000  0.617  0.000               7854343               5208697         100           0       0.000      99.000     175.565        4377634986   1110      0     35          45   1110
     GPU 0  1.000  0.945  0.766  0.000  0.001  0.000  0.628  0.000               6637219               5406588         100           0       0.000      99.000     175.565        4377634986   1110      0     35          45   1110
     GPU 0  1.000  0.945  0.766  0.000  0.001  0.000  0.628  0.000               6637219               5406588         100           0       0.000      99.000     175.565        4377634986   1110      0     35          45   1110
     GPU 0  1.000  0.000  0.000  0.000  0.001  0.000  0.000  0.000               6702648               5487962         100           0       0.000      99.000     175.565        4377634986   1110      0     35          45   1110
     GPU 0  1.000  0.941  0.742  0.000  0.001  0.000  0.617  0.000               9639188               7031837         100           0       0.000      99.000     175.565        4377634986   1110      0     35          45   1110
     GPU 0  1.000  0.000  0.000  0.000  0.001  0.000  0.000  0.000               1255020               1171352         100           0       0.000      99.000     175.814        4377652768   1110      0     35          45   1110
     GPU 0  1.000  0.932  0.744  0.000  0.001  0.000  0.614  0.000               6728840               4694555         100           0       0.000      99.000     175.814        4377652768   1110      0     35          45   1110
     GPU 0  1.000  0.963  0.761  0.000  0.002  0.000  0.628  0.000               3428964               1328492         100           0       0.000      99.000     175.814        4377652768   1110      0     35          45   1110
     GPU 0  1.000  0.963  0.761  0.000  0.002  0.000  0.628  0.000               3428964               1328492         100           0       0.000      99.000     175.814        4377652768   1110      0     35          45   1110
     GPU 0  1.000  0.000  0.000  0.000  0.001  0.000  0.000  0.000               3552926               1286095         100           0       0.000      99.000     175.814        4377652768   1110      0     35          45   1110
     GPU 0  1.000  0.944  0.758  0.000  0.001  0.000  0.627  0.000               4838379               2629622         100           0       0.000      99.000     175.814        4377670759   1110      0     35          45   1110
     GPU 0  1.000  0.945  0.772  0.000  0.001  0.000  0.631  0.000               6799973               4900647         100           0       0.000      99.000     175.814        4377670759   1110      0     35          45   1110
     GPU 0  1.000  0.000  0.000  0.000  0.001  0.000  0.000  0.000               7947349               6219754         100           0       0.000      99.000     175.814        4377670759   1110      0     35          45   1110

# Entity  GRACT  SMACT  SMOCC  TENSO  DRAMA  FP64A  FP32A  FP16A                 PCITX                 PCIRX       GPUTL       MCUTL       MUSAM       GUSAM       POWER             TOTEC  SACLK  PSTAT  TMPTR       MMTMP  SMCLK
      Id                                                                                                                                                               W                mJ                    C           C       
     GPU 0  1.000  0.000  0.000  0.000  0.001  0.000  0.000  0.000               7947349               6219754         100           0       0.000      99.000     175.814        4377670759   1110      0     35          45   1110
     GPU 0  1.000  0.935  0.742  0.000  0.002  0.000  0.595  0.000               6067866               4938052         100           0       0.000      99.000     175.814        4377688354   1110      0     35          45   1110
     GPU 0  1.000  0.947  0.756  0.000  0.001  0.000  0.625  0.000               3145065               1282217         100           0       0.000      99.000     175.274        4377688354   1110      0     35          45   1110
     GPU 0  1.000  0.000  0.000  0.000  0.001  0.000  0.000  0.000               3426387               1285146         100           0       0.000      99.000     175.274        4377688354   1110      0     35          45   1110
     GPU 0  1.000  0.000  0.000  0.000  0.001  0.000  0.000  0.000               3426387               1285146         100           0       0.000      99.000     175.274        4377688354   1110      0     35          45   1110
     GPU 0  1.000  0.941  0.753  0.000  0.002  0.000  0.601  0.000               5495802               3583112         100           0       0.000      99.000     175.274        4377688354   1110      0     35          45   1110
     GPU 0  1.000  0.935  0.733  0.000  0.001  0.000  0.616  0.000               7640061               5479932         100           0       0.000      99.000     175.033        4377688354   1110      0     35          45   1110
     GPU 0  1.000  0.000  0.000  0.000  0.001  0.000  0.000  0.000               6877242               5533231         100           0       0.000      99.000     175.033        4377706150   1110      0     35          45   1110
     GPU 0  1.000  0.946  0.742  0.000  0.001  0.000  0.626  0.000               7403316               6148537         100           0       0.000      99.000     175.033        4377706150   1110      0     35          45   1110
     GPU 0  1.000  0.946  0.742  0.000  0.001  0.000  0.626  0.000               7403316               6148537         100           0       0.000      99.000     175.033        4377706150   1110      0     35          45   1110
     GPU 0  1.000  0.941  0.747  0.000  0.001  0.000  0.621  0.000               7523092               5341312         100           0       0.000      99.000     175.033        4377706150   1110      0     35          45   1110
     GPU 0  1.000  0.000  0.000  0.000  0.001  0.000  0.000  0.000               7086550               5577005         100           0       0.000      99.000     175.033        4377723860   1110      0     35          45   1110
     GPU 0  1.000  0.941  0.759  0.000  0.001  0.000  0.625  0.000               3384444               1201610         100           0       0.000      99.000     175.565        4377723860   1110      0     35          45   1110
     GPU 0  1.000  0.947  0.751  0.000  0.001  0.000  0.625  0.000               3427852               1285732         100           0       0.000      99.000     175.565        4377723860   1110      0     35          45   1110

# Entity  GRACT  SMACT  SMOCC  TENSO  DRAMA  FP64A  FP32A  FP16A                 PCITX                 PCIRX       GPUTL       MCUTL       MUSAM       GUSAM       POWER             TOTEC  SACLK  PSTAT  TMPTR       MMTMP  SMCLK
      Id                                                                                                                                                               W                mJ                    C           C       
     GPU 0  1.000  0.000  0.000  0.000  0.002  0.000  0.000  0.000               4960439               3468758         100           0       0.000      99.000     175.565        4377723860   1110      0     35          45   1110
     GPU 0  1.000  0.000  0.000  0.000  0.002  0.000  0.000  0.000               4960439               3468758         100           0       0.000      99.000     175.565        4377723860   1110      0     35          45   1110
     GPU 0  1.000  0.932  0.741  0.000  0.001  0.000  0.616  0.000               8384161               6280746         100           0       0.000      99.000     176.104        4377723860   1110      0     35          45   1110
     GPU 0  1.000  0.931  0.756  0.000  0.001  0.000  0.615  0.000               8536396               5852808         100           0       0.000      98.000     176.104        4377741676   1110      0     35          45   1110
     GPU 0  1.000  0.931  0.756  0.000  0.001  0.000  0.615  0.000               8536396               5852808          98           0       0.000      98.000     176.104        4377741676   1110      0     35          45   1110
     GPU 0  0.000  0.000  0.000  0.000  0.000  0.000  0.000  0.000               6240793               3484837          98           0       0.000      98.000     176.104        4377741676   1110      0     33          45   1110
     GPU 0  0.000  0.000  0.000  0.000  0.000  0.000  0.000  0.000               7869146               4369356          98           0       0.000      98.000     176.104        4377741676   1110      0     32          45   1110
     GPU 0  0.000  0.000  0.000  0.000  0.000  0.000  0.000  0.000               9131645               5053891          98           0       0.000      98.000     176.104        4377752850   1110      0     32          45   1110
     GPU 0  0.000  0.000  0.000  0.000  0.000  0.000  0.000  0.000               9914700               5898942          98           0       0.000      98.000      88.666        4377752850   1110      0     32          45   1110
     GPU 0  0.000  0.000  0.000  0.000  0.000  0.000  0.000  0.000               9710203               5720356          98           0       0.000      98.000      88.666        4377752850   1110      0     32          45   1110
     GPU 0  0.000  0.000  0.000  0.000  0.000  0.000  0.000  0.000               9611798               5965345          98           0       0.000      98.000      88.666        4377752850   1110      0     32          45   1110
     GPU 0  0.000  0.000  0.000  0.000  0.000  0.000  0.000  0.000               5861951               3071045          98           0       0.000      98.000      88.666        4377752850   1110      0     31          45   1110
     GPU 0  0.000  0.000  0.000  0.000  0.000  0.000  0.000  0.000               5861951               3071045          98           0       0.000      98.000      88.666        4377752850   1110      0     31          45   1110
     GPU 0  0.000  0.000  0.000  0.000  0.000  0.000  0.000  0.000               3305046               1747583          98           0       0.000      98.000      88.957        4377761934   1110      0     31          45   1110

# Entity  GRACT  SMACT  SMOCC  TENSO  DRAMA  FP64A  FP32A  FP16A                 PCITX                 PCIRX       GPUTL       MCUTL       MUSAM       GUSAM       POWER             TOTEC  SACLK  PSTAT  TMPTR       MMTMP  SMCLK
      Id                                                                                                                                                               W                mJ                    C           C       
     GPU 0  0.000  0.000  0.000  0.000  0.000  0.000  0.000  0.000               3383420                274969           1           0       0.000       0.000      88.957        4377761934   1110      0     31          45   1110
     GPU 0  0.000  0.000  0.000  0.000  0.000  0.000  0.000  0.000               1924555                     0           1           0       0.000       0.000      88.957        4377761934   1110      0     31          45   1110
     GPU 0  0.000  0.000  0.000  0.000  0.000  0.000  0.000  0.000               4115561               1853419           1           0       0.000       0.000      88.957        4377761934   1110      0     31          45   1110
     GPU 0  0.000  0.000  0.000  0.000  0.000  0.000  0.000  0.000               7849691               4305970           1           0       0.000       0.000      88.957        4377770798   1110      0     31          45   1110
     GPU 0  0.000  0.000  0.000  0.000  0.000  0.000  0.000  0.000              10181228               6356255           1           0       0.000       0.000      88.957        4377770798   1110      0     31          45   1110
     GPU 0  0.000  0.000  0.000  0.000  0.000  0.000  0.000  0.000              10181228               6356255           1           0       0.000       0.000      88.957        4377770798   1110      0     31          45   1110
     GPU 0  0.000  0.000  0.000  0.000  0.000  0.000  0.000  0.000              10354517               6603699           1           0       0.000       0.000      88.957        4377770798   1110      0     30          45   1110
     GPU 0  0.000  0.000  0.000  0.000  0.000  0.000  0.000  0.000               4356274               2847733           1           0       0.000       0.000      88.957        4377770798   1110      0     30          45   1110
     GPU 0  0.000  0.000  0.000  0.000  0.000  0.000  0.000  0.000               2400815               1362382           1           0       0.000       0.000      88.957        4377770798   1110      0     30          45   1110
     GPU 0  0.000  0.000  0.000  0.000  0.000  0.000  0.000  0.000               2400815               1362382           1           0       0.000       0.000      88.666        4377779862   1110      0     30          45   1110
     GPU 0  0.000  0.000  0.000  0.000  0.000  0.000  0.000  0.000               3064004                232855           0           0       0.000       0.000      88.666        4377779862   1110      0     30          44   1110
     GPU 0  0.000  0.000  0.000  0.000  0.000  0.000  0.000  0.000               2093657                164008           0           0       0.000       0.000      88.666        4377779862   1110      0     30          44   1110
     GPU 0  0.000  0.000  0.000  0.000  0.000  0.000  0.000  0.000               4153948               1666887           0           0       0.000       0.000      88.666        4377779862   1110      0     30          44   1110
     GPU 0  0.000  0.000  0.000  0.000  0.000  0.000  0.000  0.000               6652693               3572231           0           0       0.000       0.000      88.957        4377788754   1110      0     30          45   1110

# Entity  GRACT  SMACT  SMOCC  TENSO  DRAMA  FP64A  FP32A  FP16A                 PCITX                 PCIRX       GPUTL       MCUTL       MUSAM       GUSAM       POWER             TOTEC  SACLK  PSTAT  TMPTR       MMTMP  SMCLK
      Id                                                                                                                                                               W                mJ                    C           C       
     GPU 0  0.000  0.000  0.000  0.000  0.000  0.000  0.000  0.000               7906498               4434718           0           0       0.000       0.000      88.957        4377788754   1110      0     30          44   1110
     GPU 0  0.000  0.000  0.000  0.000  0.000  0.000  0.000  0.000               9920685               6534177           0           0       0.000       0.000      88.957        4377788754   1110      0     30          45   1110
     GPU 0  0.000  0.000  0.000  0.000  0.000  0.000  0.000  0.000               9920685               6534177           0           0       0.000       0.000      88.957        4377788754   1110      0     30          45   1110
     GPU 0  0.000  0.000  0.000  0.000  0.000  0.000  0.000  0.000              20531814              13124257           0           0       0.000       0.000      88.957        4377788754   1110      0     30          44   1110
     GPU 0  0.000  0.000  0.000  0.000  0.000  0.000  0.000  0.000              20531814              13124257           0           0       0.000       0.000      88.957        4377788754   1110      0     30          44   1110
     GPU 0  0.000  0.000  0.000  0.000  0.000  0.000  0.000  0.000               7427542              10635728           0           0       0.000       0.000      88.424        4377797810   1110      0     30          44   1110
     GPU 0  0.000  0.000  0.000  0.000  0.000  0.000  0.000  0.000               7427542              10635728           0           0       0.000       0.000      88.424        4377797810   1110      0     30          44   1110
     GPU 0  0.000  0.000  0.000  0.000  0.014  0.000  0.000  0.000              18029581              12450921           5           0       0.000       0.000      88.424        4377797810   1110      0     30          44   1110
     GPU 0  0.000  0.000  0.000  0.000  0.014  0.000  0.000  0.000              18029581              12450921           5           0       0.000       0.000      88.424        4377797810   1110      0     30          44   1110
     GPU 0  0.000  0.000  0.000  0.000  0.000  0.000  0.000  0.000               8420131              27011113           5           0       0.000       0.000      88.424        4377797810   1110      0     30          44   1110
     GPU 0  0.000  0.000  0.000  0.000  0.000  0.000  0.000  0.000               8420131              27011113           5           0       0.000       0.000      88.957        4377806831   1110      0     30          44   1110
     GPU 0  0.000  0.000  0.000  0.000  0.000  0.000  0.000  0.000               1958055               4133673           5           0       0.000       0.000      88.957        4377806831   1110      0     30          45   1110
     GPU 0  0.000  0.000  0.000  0.000  0.000  0.000  0.000  0.000              11696417               9490491           5           0       0.000       0.000      88.957        4377806831   1110      0     30          44   1110
     GPU 0  0.000  0.000  0.000  0.000  0.000  0.000  0.000  0.000               5968311               3121027           5           0       0.000       0.000      88.957        4377806831   1110      0     30          45   1110

# Entity  GRACT  SMACT  SMOCC  TENSO  DRAMA  FP64A  FP32A  FP16A                 PCITX                 PCIRX       GPUTL       MCUTL       MUSAM       GUSAM       POWER             TOTEC  SACLK  PSTAT  TMPTR       MMTMP  SMCLK
      Id                                                                                                                                                               W                mJ                    C           C       
     GPU 0  0.000  0.000  0.000  0.000  0.000  0.000  0.000  0.000               6480993               2412037           5           0       0.000       0.000      88.957        4377806831   1110      0     30          44   1110
     GPU 0  0.000  0.000  0.000  0.000  0.000  0.000  0.000  0.000               6480993               2412037           5           0       0.000       0.000      88.424        4377815648   1110      0     29          44   1110
     GPU 0  0.000  0.000  0.000  0.000  0.000  0.000  0.000  0.000               8629610               3295387           2           0       0.000       0.000      88.424        4377815648   1110      0     29          44   1110
     GPU 0  0.000  0.000  0.000  0.000  0.000  0.000  0.000  0.000               4402893               2092647           2           0       0.000       0.000      88.424        4377815648   1110      0     29          44   1110
     GPU 0  0.000  0.000  0.000  0.000  0.000  0.000  0.000  0.000               7173784               3913157           2           0       0.000       0.000      88.424        4377815648   1110      0     29          45   1110
     GPU 0  0.000  0.000  0.000  0.000  0.000  0.000  0.000  0.000               8429512               5062975           2           0       0.000       0.000      88.666        4377824586   1110      0     29          44   1110
     GPU 0  0.000  0.000  0.000  0.000  0.000  0.000  0.000  0.000              10374309               6710715           2           0       0.000       0.000      88.666        4377824586   1110      0     29          44   1110
     GPU 0  0.000  0.000  0.000  0.000  0.000  0.000  0.000  0.000              10406864               6711075           2           0       0.000       0.000      88.666        4377824586   1110      0     29          44   1110
     GPU 0  0.000  0.000  0.000  0.000  0.000  0.000  0.000  0.000              10392280               6796590           2           0       0.000       0.000      88.666        4377824586   1110      0     29          44   1110
     GPU 0  0.000  0.000  0.000  0.000  0.000  0.000  0.000  0.000              10681480               6961610           2           0       0.000       0.000      88.666        4377824586   1110      0     29          45   1110
     GPU 0  0.000  0.000  0.000  0.000  0.000  0.000  0.000  0.000              10681480               6961610           2           0       0.000       0.000      88.666        4377824586   1110      0     29          44   1110
     GPU 0  0.000  0.000  0.000  0.000  0.000  0.000  0.000  0.000              10597027               6434695           2           0       0.000       0.000      88.126        4377833498   1110      0     29          45   1110
     GPU 0  0.000  0.000  0.000  0.000  0.000  0.000  0.000  0.000               2894144               1739508           0           0       0.000       0.000      88.126        4377833498   1110      0     29          44   1110
     GPU 0  0.000  0.000  0.000  0.000  0.000  0.000  0.000  0.000               2894144               1739508           0           0       0.000       0.000      88.126        4377833498   1110      0     29          44   1110

# Entity  GRACT  SMACT  SMOCC  TENSO  DRAMA  FP64A  FP32A  FP16A                 PCITX                 PCIRX       GPUTL       MCUTL       MUSAM       GUSAM       POWER             TOTEC  SACLK  PSTAT  TMPTR       MMTMP  SMCLK
      Id                                                                                                                                                               W                mJ                    C           C       
     GPU 0  0.000  0.000  0.000  0.000  0.000  0.000  0.000  0.000               1844734                122070           0           0       0.000       0.000      88.126        4377833498   1110      0     29          44   1110
     GPU 0  0.000  0.000  0.000  0.000  0.000  0.000  0.000  0.000               2090403                163735           0           0       0.000       0.000      88.126        4377842405   1110      0     29          44   1110
     GPU 0  0.000  0.000  0.000  0.000  0.000  0.000  0.000  0.000               4809103               2036163           0           0       0.000       0.000      88.126        4377842405   1110      0     29          44   1110
     GPU 0  0.000  0.000  0.000  0.000  0.000  0.000  0.000  0.000               6685083               3487966           0           0       0.000       0.000      88.126        4377842405   1110      0     29          45   1110
     GPU 0  0.000  0.000  0.000  0.000  0.000  0.000  0.000  0.000               8157519               4909388           0           0       0.000       0.000      88.126        4377842405   1110      0     29          44   1110
     GPU 0  0.000  0.000  0.000  0.000  0.000  0.000  0.000  0.000               8157519               4909388           0           0       0.000       0.000      88.126        4377842405   1110      0     29          44   1110
     GPU 0  0.000  0.000  0.000  0.000  0.000  0.000  0.000  0.000               9390342               6266932           0           0       0.000       0.000      88.126        4377842405   1110      0     29          44   1110
     GPU 0  0.000  0.000  0.000  0.000  0.000  0.000  0.000  0.000               4763086               3134691           0           0       0.000       0.000      87.884        4377851315   1110      0     29          44   1110
     GPU 0  0.000  0.000  0.000  0.000  0.000  0.000  0.000  0.000               4763086               3134691           0           0       0.000       0.000      87.884        4377851315   1110      0     29          45   1110
     GPU 0  0.000  0.000  0.000  0.000  0.000  0.000  0.000  0.000               5599255               1993953           0           0       0.000       0.000      87.884        4377851315   1110      0     29          44   1110
     GPU 0  0.000  0.000  0.000  0.000  0.000  0.000  0.000  0.000               7714060               4222971           0           0       0.000       0.000      87.884        4377851315   1110      0     29          44   1110
     GPU 0  0.000  0.000  0.000  0.000  0.000  0.000  0.000  0.000              10302681               7056882           0           0       0.000       0.000      87.884        4377860222   1110      0     29          44   1110
     GPU 0  0.000  0.000  0.000  0.000  0.000  0.000  0.000  0.000              10302681               7056882           0           0       0.000       0.000      87.884        4377860222   1110      0     29          44   1110
     GPU 0  0.000  0.000  0.000  0.000  0.000  0.000  0.000  0.000               7775517               5205364           0           0       0.000       0.000      87.884        4377860222   1110      0     29          44   1110

# Entity  GRACT  SMACT  SMOCC  TENSO  DRAMA  FP64A  FP32A  FP16A                 PCITX                 PCIRX       GPUTL       MCUTL       MUSAM       GUSAM       POWER             TOTEC  SACLK  PSTAT  TMPTR       MMTMP  SMCLK
      Id                                                                                                                                                               W                mJ                    C           C       
     GPU 0  0.000  0.000  0.000  0.000  0.000  0.000  0.000  0.000              12994555               8120921           0           0       0.000       0.000      87.884        4377860222   1110      0     29          44   1110
     GPU 0  0.000  0.000  0.000  0.000  0.000  0.000  0.000  0.000               3070061                275290           0           0       0.000       0.000      87.884        4377860222   1110      0     29          45   1110
     GPU 0  0.000  0.000  0.000  0.000  0.000  0.000  0.000  0.000               4354353               1843671           0           0       0.000       0.000      87.884        4377860222   1110      0     29          44   1110
     GPU 0  0.000  0.000  0.000  0.000  0.000  0.000  0.000  0.000               4354353               1843671           0           0       0.000       0.000      87.884        4377869109   1110      0     29          44   1110
     GPU 0  0.000  0.000  0.000  0.000  0.000  0.000  0.000  0.000               7810824               3660406           0           0       0.000       0.000      87.884        4377869109   1110      0     29          44   1110
     GPU 0  0.000  0.000  0.000  0.000  0.000  0.000  0.000  0.000               9002078               5150439           0           0       0.000       0.000      87.884        4377869109   1110      0     29          44   1110
     GPU 0  0.000  0.000  0.000  0.000  0.000  0.000  0.000  0.000               9267034               6349689           0           0       0.000       0.000      87.884        4377869109   1110      0     29          44   1110
     GPU 0  0.000  0.000  0.000  0.000  0.000  0.000  0.000  0.000               9789509               6540910           0           0       0.000       0.000      87.884        4377877986   1110      0     29          44   1110
     GPU 0  0.000  0.000  0.000  0.000  0.000  0.000  0.000  0.000               9545974               5169722           0           0       0.000       0.000      87.884        4377877986   1110      0     29          44   1110
     GPU 0  0.000  0.000  0.000  0.000  0.000  0.000  0.000  0.000               8822284               5324134           0           0       0.000       0.000      87.884        4377877986   1110      0     29          44   1110
     GPU 0  0.000  0.000  0.000  0.000  0.000  0.000  0.000  0.000               9090366               5808297           0           0       0.000       0.000      87.884        4377877986   1110      0     29          44   1110
     GPU 0  0.000  0.000  0.000  0.000  0.000  0.000  0.000  0.000               9090366               5808297           0           0       0.000       0.000      87.884        4377877986   1110      0     29          44   1110
     GPU 0  0.000  0.000  0.000  0.000  0.000  0.000  0.000  0.000               9603286               6323744           0           0       0.000       0.000      87.884        4377877986   1110      0     29          44   1110
     GPU 0  0.000  0.000  0.000  0.000  0.000  0.000  0.000  0.000              10802170               6728013           0           0       0.000       0.000      87.884        4377886877   1110      0     29          44   1110

# Entity  GRACT  SMACT  SMOCC  TENSO  DRAMA  FP64A  FP32A  FP16A                 PCITX                 PCIRX       GPUTL       MCUTL       MUSAM       GUSAM       POWER             TOTEC  SACLK  PSTAT  TMPTR       MMTMP  SMCLK
      Id                                                                                                                                                               W                mJ                    C           C       
     GPU 0  0.000  0.000  0.000  0.000  0.000  0.000  0.000  0.000               9247263               5647564           0           0       0.000       0.000      87.884        4377886877   1110      0     29          44   1110
     GPU 0  0.000  0.000  0.000  0.000  0.000  0.000  0.000  0.000               9247263               5647564           0           0       0.000       0.000      87.884        4377886877   1110      0     29          44   1110
     GPU 0  0.000  0.000  0.000  0.000  0.000  0.000  0.000  0.000               3341705                358694           0           0       0.000       0.000      87.884        4377886877   1110      0     29          44   1110
     GPU 0  0.000  0.000  0.000  0.000  0.000  0.000  0.000  0.000               1839226                205268           0           0       0.000       0.000      87.884        4377886877   1110      0     29          44   1110
     GPU 0  0.000  0.000  0.000  0.000  0.000  0.000  0.000  0.000               3427468                317009           0           0       0.000       0.000      87.884        4377895868   1110      0     29          44   1110
     GPU 0  0.000  0.000  0.000  0.000  0.000  0.000  0.000  0.000               5154664               2530889           0           0       0.000       0.000      87.884        4377895868   1110      0     29          44   1110
     GPU 0  0.000  0.000  0.000  0.000  0.000  0.000  0.000  0.000               7354365               4134767           0           0       0.000       0.000      87.884        4377895868   1110      0     29          44   1110
     GPU 0  0.000  0.000  0.000  0.000  0.000  0.000  0.000  0.000               7354365               4134767           0           0       0.000       0.000      87.884        4377895868   1110      0     29          44   1110
     GPU 0  0.000  0.000  0.000  0.000  0.000  0.000  0.000  0.000               9563327               6416141           0           0       0.000       0.000      87.884        4377895868   1110      0     29          44   1110
     GPU 0  0.000  0.000  0.000  0.000  0.000  0.000  0.000  0.000               4924160               3234609           0           0       0.000       0.000      88.424        4377904674   1110      0     29          44   1110
     GPU 0  0.000  0.000  0.000  0.000  0.000  0.000  0.000  0.000               3634359                675394           0           0       0.000       0.000      88.424        4377904674   1110      0     29          44   1110
     GPU 0  0.000  0.000  0.000  0.000  0.000  0.000  0.000  0.000               3634359                675394           0           0       0.000       0.000      88.424        4377904674   1110      0     29          44   1110
     GPU 0  0.000  0.000  0.000  0.000  0.000  0.000  0.000  0.000               3303435                317104           0           0       0.000       0.000      88.424        4377904674   1110      0     29          44   1110
     GPU 0  0.000  0.000  0.000  0.000  0.000  0.000  0.000  0.000               5702347               2407650           0           0       0.000       0.000      88.424        4377904674   1110      0     29          44   1110

# Entity  GRACT  SMACT  SMOCC  TENSO  DRAMA  FP64A  FP32A  FP16A                 PCITX                 PCIRX       GPUTL       MCUTL       MUSAM       GUSAM       POWER             TOTEC  SACLK  PSTAT  TMPTR       MMTMP  SMCLK
      Id                                                                                                                                                               W                mJ                    C           C       
     GPU 0  0.000  0.000  0.000  0.000  0.000  0.000  0.000  0.000               6161525               3297220           0           0       0.000       0.000      88.424        4377913747   1110      0     29          44   1110
     GPU 0  0.000  0.000  0.000  0.000  0.000  0.000  0.000  0.000              10301934               6647965           0           0       0.000       0.000      88.424        4377913747   1110      0     29          44   1110
