# Entity  GRACT  SMACT  SMOCC  TENSO  DRAMA  FP64A  FP32A  FP16A                 PCITX                 PCIRX       GPUTL       MCUTL       MUSAM       GUSAM       POWER             TOTEC  SACLK  PSTAT  TMPTR       MMTMP  SMCLK
      Id                                                                                                                                                               W                mJ                    C           C       
     GPU 0  0.000  0.000  0.000  0.000  0.000  0.000  0.000  0.000             119646498              10876954           0           0       0.000       0.000      76.729        3267299663   1200      0     27          43    210
     GPU 0  0.000  0.000  0.000  0.000  0.000  0.000  0.000  0.000               9398464               5318363           0           0       0.000       0.000      76.729        3267299663   1200      0     27          43    210
     GPU 0  0.000  0.000  0.000  0.000  0.000  0.000  0.000  0.000               9398464               5318363           0           0       0.000       0.000      76.729        3267299663   1200      0     27          43    210
     GPU 0  0.000  0.000  0.000  0.000  0.000  0.000  0.000  0.000               9503781               6406328           0           0       0.000       0.000      76.729        3267299663   1200      0     27          43    210
     GPU 0  0.000  0.000  0.000  0.000  0.000  0.000  0.000  0.000               5900557               3314933           0           0       0.000       0.000      78.383        3267307550   1200      0     27          43    210
     GPU 0  0.000  0.000  0.000  0.000  0.000  0.000  0.000  0.000               7547491               4631110           0           0       0.000       0.000      78.383        3267307550   1200      0     27          43    210
     GPU 0  0.000  0.000  0.000  0.000  0.000  0.000  0.000  0.000               7547491               4631110           0           0       0.000       0.000      78.383        3267307550   1200      0     27          43    210
     GPU 0  0.000  0.000  0.000  0.000  0.000  0.000  0.000  0.000               7207183               5196448           0           0       0.000       0.000      78.383        3267307550   1200      0     27          43    210
     GPU 0  0.000  0.000  0.000  0.000  0.000  0.000  0.000  0.000               3141085               1623283           0           0       0.000       0.000      78.383        3267307550   1200      0     27          43    210
     GPU 0  0.000  0.000  0.000  0.000  0.000  0.000  0.000  0.000               3020454                274586           0           0       0.000       0.000      78.383        3267315460   1200      0     27          44    210
     GPU 0  0.000  0.000  0.000  0.000  0.000  0.000  0.000  0.000               6989528               3875382           0           0       0.000       0.000      78.383        3267315460   1200      0     27          43    210
     GPU 0  0.000  0.000  0.000  0.000  0.000  0.000  0.000  0.000               3065033                274831           0           0       0.000       0.000      78.383        3267315460   1200      0     27          43    210
     GPU 0  0.000  0.000  0.000  0.000  0.000  0.000  0.000  0.000               7113377               3463334           0           0       0.000       0.000      78.383        3267315460   1200      0     27          43    210
     GPU 0  0.000  0.000  0.000  0.000  0.000  0.000  0.000  0.000               7113377               3463334           0           0       0.000       0.000      78.383        3267315460   1200      0     27          43    210
     GPU 0  0.000  0.000  0.000  0.000  0.000  0.000  0.000  0.000               7796325               4204506           0           0       0.000       0.000      78.383        3267323398   1200      0     27          43    210

# Entity  GRACT  SMACT  SMOCC  TENSO  DRAMA  FP64A  FP32A  FP16A                 PCITX                 PCIRX       GPUTL       MCUTL       MUSAM       GUSAM       POWER             TOTEC  SACLK  PSTAT  TMPTR       MMTMP  SMCLK
      Id                                                                                                                                                               W                mJ                    C           C       
     GPU 0  0.000  0.000  0.000  0.000  0.000  0.000  0.000  0.000               4056307               3176842           0           0       0.000       0.000      78.383        3267323398   1200      0     27          43    210
     GPU 0  0.000  0.000  0.000  0.000  0.000  0.000  0.000  0.000               4056307               3176842           0           0       0.000       0.000      78.383        3267323398   1200      0     27          43    210
     GPU 0  0.000  0.000  0.000  0.000  0.000  0.000  0.000  0.000               8531266               5771373           0           0       0.000       0.000      78.383        3267323398   1200      0     27          43    210
     GPU 0  0.000  0.000  0.000  0.000  0.000  0.000  0.000  0.000               4395852               3550064           0           0       0.000       0.000      78.383        3267323398   1200      0     27          43    210
     GPU 0  0.000  0.000  0.000  0.000  0.000  0.000  0.000  0.000               3026823                 83831           0           0       0.000       0.000      78.383        3267331325   1200      0     27          44    210
     GPU 0  0.000  0.000  0.000  0.000  0.000  0.000  0.000  0.000               1004504                 83708           0           0       0.000       0.000      78.383        3267331325   1200      0     27          43    210
     GPU 0  0.000  0.000  0.000  0.000  0.000  0.000  0.000  0.000                921885                 83807           0           0       0.000       0.000      78.383        3267331325   1200      0     27          43    210
     GPU 0  0.000  0.000  0.000  0.000  0.000  0.000  0.000  0.000               3067314                316929           0           0       0.000       0.000      78.383        3267331325   1200      0     27          43    210
     GPU 0  0.000  0.000  0.000  0.000  0.000  0.000  0.000  0.000               3067077                 83567           0           0       0.000       0.000      78.383        3267331325   1200      0     27          43    210
     GPU 0  0.000  0.000  0.000  0.000  0.000  0.000  0.000  0.000               3067077                 83567           0           0       0.000       0.000      78.383        3267339229   1200      0     27          43    210
     GPU 0  0.000  0.000  0.000  0.000  0.000  0.000  0.000  0.000               5930453               2783440           0           0       0.000       0.000      78.383        3267339229   1200      0     27          43    210
     GPU 0  0.000  0.000  0.000  0.000  0.000  0.000  0.000  0.000               9378453               8050101           0           0       0.000       0.000      78.383        3267339229   1200      0     27          44    210
     GPU 0  0.000  0.000  0.000  0.000  0.000  0.000  0.000  0.000               9378453               8050101           0           0       0.000       0.000      78.383        3267339229   1200      0     27          43    210
     GPU 0  0.000  0.000  0.000  0.000  0.000  0.000  0.000  0.000               4647597               3227498           0           0       0.000       0.000      78.383        3267339229   1200      0     27          43    210

# Entity  GRACT  SMACT  SMOCC  TENSO  DRAMA  FP64A  FP32A  FP16A                 PCITX                 PCIRX       GPUTL       MCUTL       MUSAM       GUSAM       POWER             TOTEC  SACLK  PSTAT  TMPTR       MMTMP  SMCLK
      Id                                                                                                                                                               W                mJ                    C           C       
     GPU 0  0.000  0.000  0.000  0.000  0.000  0.000  0.000  0.000               2177660              11372228           0           0       0.000       0.000      78.383        3267347138   1200      0     27          43    210
     GPU 0  0.000  0.000  0.000  0.000  0.000  0.000  0.000  0.000               9014130              23388013           0           0       0.000       0.000      78.383        3267347138   1200      0     27          43    210
     GPU 0  0.000  0.000  0.000  0.000  0.000  0.000  0.000  0.000               7871971              14213281           0           0       0.000       0.000      78.383        3267347138   1200      0     27          43    210
     GPU 0  0.000  0.000  0.000  0.000  0.000  0.000  0.000  0.000               7871971              14213281           0           0       0.000       0.000      78.383        3267347138   1200      0     27          43    210
     GPU 0  0.000  0.000  0.000  0.000  0.000  0.000  0.000  0.000               9077795               5742974           0           0       0.000       0.000      78.383        3267347138   1200      0     27          43    210
     GPU 0  0.000  0.000  0.000  0.000  0.000  0.000  0.000  0.000               9077795               5742974           0           0       0.000       0.000      78.383        3267355074   1200      0     27          43    210
     GPU 0  0.000  0.000  0.000  0.000  0.000  0.000  0.000  0.000               4799112               3039437           0           0       0.000       0.000      78.383        3267355074   1200      0     27          43    210
     GPU 0  0.000  0.000  0.000  0.000  0.000  0.000  0.000  0.000               1253075                663392           0           0       0.000       0.000      78.383        3267355074   1200      0     27          43    210
     GPU 0  0.000  0.000  0.000  0.000  0.000  0.000  0.000  0.000               1253075                663392           0           0       0.000       0.000      78.383        3267355074   1200      0     27          43    210
     GPU 0  0.000  0.000  0.000  0.000  0.000  0.000  0.000  0.000               1253075                663392           0           0       0.000       0.000      78.383        3267355074   1200      0     27          43    210
     GPU 0  0.000  0.000  0.000  0.000  0.000  0.000  0.000  0.000               5921174               3888521           0           0       0.000       0.000      78.383        3267355074   1200      0     27          43    210
     GPU 0  0.000  0.000  0.000  0.000  0.000  0.000  0.000  0.000              11267266               8175638           0           0       0.000       0.000      78.383        3267362953   1200      0     27          43    210
     GPU 0  0.000  0.000  0.000  0.000  0.000  0.000  0.000  0.000              10362588               7988126           0           0       0.000       0.000      78.383        3267362953   1200      0     27          43    210
     GPU 0  0.000  0.000  0.000  0.000  0.000  0.000  0.000  0.000              10362588               7988126           0           0       0.000       0.000      78.383        3267362953   1200      0     27          43    210

# Entity  GRACT  SMACT  SMOCC  TENSO  DRAMA  FP64A  FP32A  FP16A                 PCITX                 PCIRX       GPUTL       MCUTL       MUSAM       GUSAM       POWER             TOTEC  SACLK  PSTAT  TMPTR       MMTMP  SMCLK
      Id                                                                                                                                                               W                mJ                    C           C       
     GPU 0  0.000  0.000  0.000  0.000  0.000  0.000  0.000  0.000              10362588               7988126           0           0       0.000       0.000      78.383        3267362953   1200      0     27          43    210
     GPU 0  0.000  0.000  0.000  0.000  0.000  0.000  0.000  0.000              11131995               6411097           0           0       0.000       0.000      78.383        3267370876   1200      0     27          43    210
     GPU 0  0.000  0.000  0.000  0.000  0.000  0.000  0.000  0.000              11131995               6411097           0           0       0.000       0.000      78.383        3267370876   1200      0     27          43    210
     GPU 0  0.000  0.000  0.000  0.000  0.000  0.000  0.000  0.000               1686481               4363436           0           0       0.000       0.000      78.383        3267370876   1200      0     27          43    210
     GPU 0  0.000  0.000  0.000  0.000  0.000  0.000  0.000  0.000               7407892             346318952           0           0       0.000       0.000      78.383        3267370876   1200      0     27          43    210
     GPU 0  0.000  0.000  0.000  0.000  0.000  0.000  0.000  0.000               5480760              19182660           0           0       0.000       0.000      78.383        3267370876   1200      0     27          43    210
     GPU 0  0.000  0.000  0.000  0.000  0.000  0.000  0.000  0.000               5480760              19182660           0           0       0.000       0.000      78.383        3267370876   1200      0     27          43    210
     GPU 0  0.000  0.000  0.000  0.000  0.000  0.000  0.000  0.000               5715409              20293846           0           0       0.000       0.000      78.383        3267378901   1200      0     27          43   1200
     GPU 0  0.123  0.000  0.000  0.000  0.000  0.000  0.000  0.000              20332727              54460220           0           0       0.000       0.000      78.383        3267378901   1200      0     27          43   1200
     GPU 0  0.000  0.000  0.000  0.000  0.002  0.000  0.000  0.000             448165606            3962184207           0           0       0.000       0.000      78.383        3267378901   1200      0     27          43   1200
     GPU 0  0.000  0.000  0.000  0.000  0.002  0.000  0.000  0.000             448165606            3962184207           0           0       0.000       0.000      78.383        3267378901   1200      0     28          43   1200
     GPU 0  0.504  0.945  0.760  0.000  0.001  0.000  0.627  0.000             108262812             932060728          24           0       0.000       0.000     171.770        3267389022   1200      0     28          43   1200
     GPU 0  1.000  0.000  0.000  0.000  0.001  0.000  0.000  0.000               8736944               5928180          24           0       0.000      24.000     171.770        3267389022   1200      0     29          43   1200
     GPU 0  1.000  0.937  0.744  0.000  0.001  0.000  0.618  0.000               4599658               4256270          24           0       0.000      24.000     171.770        3267389022   1200      0     29          43   1200

# Entity  GRACT  SMACT  SMOCC  TENSO  DRAMA  FP64A  FP32A  FP16A                 PCITX                 PCIRX       GPUTL       MCUTL       MUSAM       GUSAM       POWER             TOTEC  SACLK  PSTAT  TMPTR       MMTMP  SMCLK
      Id                                                                                                                                                               W                mJ                    C           C       
     GPU 0  1.000  0.935  0.749  0.000  0.001  0.000  0.619  0.000               2459823               1403034          24           0       0.000      24.000     171.770        3267389022   1200      0     31          43   1200
     GPU 0  1.000  0.000  0.000  0.000  0.001  0.000  0.000  0.000               3387861               1370695          24           0       0.000      24.000     171.770        3267389022   1200      0     31          43   1200
     GPU 0  1.000  0.938  0.745  0.000  0.001  0.000  0.620  0.000               3429230               1520188          24           0       0.000      24.000     199.950        3267389022   1200      0     32          44   1200
     GPU 0  1.000  0.938  0.745  0.000  0.001  0.000  0.620  0.000               3429230               1520188          24           0       0.000      24.000     199.950        3267408824   1200      0     32          43   1200
     GPU 0  1.000  0.935  0.747  0.000  0.001  0.000  0.618  0.000               7948756               5050021          24           0       0.000      24.000     199.950        3267408824   1200      0     32          43   1200
     GPU 0  1.000  0.000  0.000  0.000  0.001  0.000  0.000  0.000               9586151               6191349          24           0       0.000      24.000     199.950        3267408824   1200      0     32          44   1200
     GPU 0  1.000  0.939  0.754  0.000  0.002  0.000  0.622  0.000               8949338               6169284          24           0       0.000      24.000     199.950        3267408824   1200      0     32          43   1200
     GPU 0  1.000  0.940  0.744  0.000  0.002  0.000  0.602  0.000              10804185               8312586          24           0       0.000      99.000     198.879        3267429053   1200      0     33          43   1200
     GPU 0  1.000  0.000  0.000  0.000  0.002  0.000  0.000  0.000              10224756               7384015         100           0       0.000      99.000     198.879        3267429053   1200      0     33          43   1200
     GPU 0  1.000  0.938  0.748  0.000  0.001  0.000  0.621  0.000              10561361               7975532         100           0       0.000      99.000     198.879        3267429053   1200      0     33          43   1200
     GPU 0  1.000  0.939  0.749  0.000  0.001  0.000  0.620  0.000              10108094               7375047         100           0       0.000      99.000     198.879        3267429053   1200      0     33          43   1200
     GPU 0  1.000  0.000  0.000  0.000  0.002  0.000  0.000  0.000               9387880               7181112         100           0       0.000      99.000     198.879        3267429053   1200      0     33          43   1200
     GPU 0  1.000  0.000  0.000  0.000  0.002  0.000  0.000  0.000               9387880               7181112         100           0       0.000      99.000     198.879        3267429053   1200      0     33          43   1200
     GPU 0  1.000  0.939  0.746  0.000  0.002  0.000  0.603  0.000              11042259               8230677         100           0       0.000      99.000     200.773        3267449355   1200      0     33          44   1200

# Entity  GRACT  SMACT  SMOCC  TENSO  DRAMA  FP64A  FP32A  FP16A                 PCITX                 PCIRX       GPUTL       MCUTL       MUSAM       GUSAM       POWER             TOTEC  SACLK  PSTAT  TMPTR       MMTMP  SMCLK
      Id                                                                                                                                                               W                mJ                    C           C       
     GPU 0  1.000  0.936  0.756  0.000  0.002  0.000  0.623  0.000               4979022               4393392         100           0       0.000      99.000     200.773        3267449355   1200      0     34          44   1200
     GPU 0  1.000  0.000  0.000  0.000  0.001  0.000  0.000  0.000              12332340               8431143         100           0       0.000      99.000     200.773        3267449355   1200      0     34          43   1200
     GPU 0  1.000  0.942  0.758  0.000  0.001  0.000  0.623  0.000              10926630               8216573         100           0       0.000      99.000     200.773        3267449355   1200      0     34          44   1200
     GPU 0  1.000  0.942  0.758  0.000  0.001  0.000  0.623  0.000              10926630               8216573         100           0       0.000      99.000     200.483        3267469510   1200      0     34          44   1200
     GPU 0  1.000  0.930  0.748  0.000  0.002  0.000  0.615  0.000              10605106               8251888         100           0       0.000      99.000     200.483        3267469510   1200      0     34          44   1200
     GPU 0  1.000  0.000  0.000  0.000  0.002  0.000  0.000  0.000              10698710               8064025         100           0       0.000      99.000     200.483        3267469510   1200      0     34          44   1200
     GPU 0  1.000  0.932  0.735  0.000  0.001  0.000  0.610  0.000              10360868               7879057         100           0       0.000      99.000     200.483        3267469510   1200      0     34          44   1200
     GPU 0  1.000  0.939  0.748  0.000  0.001  0.000  0.617  0.000               9827837               7243244         100           0       0.000      99.000     200.483        3267469510   1200      0     34          44   1200
     GPU 0  1.000  0.000  0.000  0.000  0.002  0.000  0.000  0.000              10161628               7897886         100           0       0.000      99.000     200.483        3267469510   1200      0     34          44   1200
     GPU 0  1.000  0.936  0.744  0.000  0.002  0.000  0.618  0.000              10378379               6710670         100           0       0.000      99.000     199.719        3267489721   1200      0     34          44   1200
     GPU 0  1.000  0.944  0.767  0.000  0.001  0.000  0.627  0.000               3662539               1603498         100           0       0.000      99.000     199.719        3267489721   1200      0     34          44   1200
     GPU 0  1.000  0.944  0.767  0.000  0.001  0.000  0.627  0.000               3662539               1603498         100           0       0.000      99.000     199.719        3267489721   1200      0     34          44   1200
     GPU 0  1.000  0.000  0.000  0.000  0.001  0.000  0.000  0.000               3419226               1367906         100           0       0.000      99.000     199.719        3267489721   1200      0     34          44   1200
     GPU 0  1.000  0.939  0.757  0.000  0.001  0.000  0.623  0.000               9369222               6014534         100           0       0.000      99.000     199.961        3267509971   1200      0     35          44   1200

# Entity  GRACT  SMACT  SMOCC  TENSO  DRAMA  FP64A  FP32A  FP16A                 PCITX                 PCIRX       GPUTL       MCUTL       MUSAM       GUSAM       POWER             TOTEC  SACLK  PSTAT  TMPTR       MMTMP  SMCLK
      Id                                                                                                                                                               W                mJ                    C           C       
     GPU 0  1.000  0.938  0.750  0.000  0.001  0.000  0.620  0.000               7752121               6201183         100           0       0.000      99.000     199.961        3267509971   1200      0     35          44   1200
     GPU 0  1.000  0.000  0.000  0.000  0.001  0.000  0.000  0.000               6802798               5811759         100           0       0.000      99.000     199.961        3267509971   1200      0     35          44   1200
     GPU 0  1.000  0.000  0.000  0.000  0.001  0.000  0.000  0.000               6802798               5811759         100           0       0.000      99.000     199.961        3267509971   1200      0     35          44   1200
     GPU 0  1.000  0.939  0.750  0.000  0.001  0.000  0.620  0.000               7753303               5655749         100           0       0.000      99.000     199.961        3267509971   1200      0     35          44   1200
     GPU 0  1.000  0.937  0.749  0.000  0.001  0.000  0.619  0.000              10696824               6903399         100           0       0.000      99.000     201.015        3267530213   1200      0     35          44   1200
     GPU 0  1.000  0.937  0.749  0.000  0.001  0.000  0.619  0.000              10696824               6903399         100           0       0.000      99.000     201.015        3267530213   1200      0     35          44   1200
     GPU 0  1.000  0.000  0.000  0.000  0.002  0.000  0.000  0.000               1817632               1658469         100           0       0.000      99.000     201.015        3267530213   1200      0     35          44   1200
     GPU 0  1.000  0.938  0.735  0.000  0.002  0.000  0.603  0.000              12424063               8203088         100           0       0.000      99.000     201.015        3267530213   1200      0     35          44   1200
     GPU 0  1.000  0.939  0.748  0.000  0.002  0.000  0.621  0.000              11878039               9158298         100           0       0.000      99.000     201.015        3267530213   1200      0     35          44   1200
     GPU 0  1.000  0.000  0.000  0.000  0.002  0.000  0.000  0.000               7184598               6041830         100           0       0.000      99.000     201.554        3267530213   1200      0     35          44   1200
     GPU 0  1.000  0.942  0.747  0.000  0.002  0.000  0.604  0.000               3359813               1552932         100           0       0.000      99.000     201.554        3267550377   1200      0     35          44   1200
     GPU 0  1.000  0.942  0.747  0.000  0.002  0.000  0.604  0.000               3359813               1552932         100           0       0.000      99.000     201.554        3267550377   1200      0     35          44   1200
     GPU 0  1.000  0.950  0.770  0.000  0.002  0.000  0.630  0.000               7645768               3885069         100           0       0.000      99.000     201.554        3267550377   1200      0     35          44   1200
     GPU 0  1.000  0.000  0.000  0.000  0.002  0.000  0.000  0.000               2367275               1646652         100           0       0.000      99.000     201.554        3267550377   1200      0     35          44   1200

# Entity  GRACT  SMACT  SMOCC  TENSO  DRAMA  FP64A  FP32A  FP16A                 PCITX                 PCIRX       GPUTL       MCUTL       MUSAM       GUSAM       POWER             TOTEC  SACLK  PSTAT  TMPTR       MMTMP  SMCLK
      Id                                                                                                                                                               W                mJ                    C           C       
     GPU 0  1.000  0.936  0.749  0.000  0.002  0.000  0.601  0.000               4927940               3471446         100           0       0.000      99.000     200.540        3267570595   1200      0     35          44   1200
     GPU 0  1.000  0.936  0.750  0.000  0.002  0.000  0.619  0.000               6844078               4946452         100           0       0.000      99.000     200.540        3267570595   1200      0     35          44   1200
     GPU 0  1.000  0.000  0.000  0.000  0.001  0.000  0.000  0.000               9440198               6547639         100           0       0.000      99.000     200.540        3267570595   1200      0     35          44   1200
     GPU 0  1.000  0.927  0.733  0.000  0.001  0.000  0.609  0.000              10881237               8136661         100           0       0.000      99.000     200.540        3267570595   1200      0     35          44   1200
     GPU 0  1.000  0.937  0.740  0.000  0.001  0.000  0.614  0.000              10594114               7698961         100           0       0.000      99.000     200.540        3267570595   1200      0     35          44   1200
     GPU 0  1.000  0.937  0.740  0.000  0.001  0.000  0.614  0.000              10594114               7698961         100           0       0.000      99.000     200.540        3267570595   1200      0     35          44   1200
     GPU 0  1.000  0.000  0.000  0.000  0.002  0.000  0.000  0.000              11725150               8770036         100           0       0.000      99.000     199.950        3267590874   1200      0     35          44   1200
     GPU 0  1.000  0.941  0.755  0.000  0.002  0.000  0.624  0.000               9900329               7770675         100           0       0.000      99.000     199.950        3267590874   1200      0     36          44   1200
     GPU 0  1.000  0.951  0.762  0.000  0.002  0.000  0.613  0.000               4469420               4552737         100           0       0.000      99.000     199.950        3267590874   1200      0     36          44   1200
     GPU 0  1.000  0.951  0.762  0.000  0.002  0.000  0.613  0.000               4469420               4552737         100           0       0.000      99.000     199.950        3267590874   1200      0     36          44   1200
     GPU 0  1.000  0.000  0.000  0.000  0.001  0.000  0.000  0.000               7491913               6361858         100           0       0.000      99.000     200.782        3267611123   1200      0     36          44   1200
     GPU 0  1.000  0.942  0.747  0.000  0.001  0.000  0.621  0.000               4407130               3227370         100           0       0.000      99.000     200.782        3267611123   1200      0     36          44   1200
     GPU 0  1.000  0.940  0.752  0.000  0.001  0.000  0.622  0.000               2212883               1399485         100           0       0.000      99.000     200.782        3267611123   1200      0     36          44   1200
     GPU 0  1.000  0.000  0.000  0.000  0.001  0.000  0.000  0.000               4837120               3224923         100           0       0.000      99.000     200.782        3267611123   1200      0     36          44   1200

# Entity  GRACT  SMACT  SMOCC  TENSO  DRAMA  FP64A  FP32A  FP16A                 PCITX                 PCIRX       GPUTL       MCUTL       MUSAM       GUSAM       POWER             TOTEC  SACLK  PSTAT  TMPTR       MMTMP  SMCLK
      Id                                                                                                                                                               W                mJ                    C           C       
     GPU 0  1.000  0.938  0.749  0.000  0.001  0.000  0.620  0.000               6959238               5010651         100           0       0.000      99.000     200.782        3267611123   1200      0     36          44   1200
     GPU 0  1.000  0.938  0.749  0.000  0.001  0.000  0.620  0.000               6959238               5010651         100           0       0.000      99.000     200.782        3267611123   1200      0     36          44   1200
     GPU 0  1.000  0.947  0.749  0.000  0.001  0.000  0.626  0.000              10314923               7867297         100           0       0.000      99.000     201.079        3267631475   1200      0     36          44   1200
     GPU 0  1.000  0.000  0.000  0.000  0.001  0.000  0.000  0.000               6033812               5237765         100           0       0.000      99.000     201.079        3267631475   1200      0     36          44   1200
     GPU 0  1.000  0.000  0.000  0.000  0.001  0.000  0.000  0.000               6033812               5237765         100           0       0.000      99.000     201.079        3267631475   1200      0     36          44   1200
     GPU 0  1.000  0.946  0.755  0.000  0.002  0.000  0.607  0.000               6031753               6012259         100           0       0.000      99.000     201.079        3267631475   1200      0     36          44   1200
     GPU 0  1.000  0.938  0.739  0.000  0.002  0.000  0.618  0.000               2129226               1609181         100           0       0.000      99.000     200.251        3267651655   1200      0     36          44   1200
     GPU 0  1.000  0.000  0.000  0.000  0.002  0.000  0.000  0.000               3466294               2214829         100           0       0.000      99.000     200.251        3267651655   1200      0     36          44   1200
     GPU 0  1.000  0.941  0.761  0.000  0.002  0.000  0.609  0.000               4585872               3401935         100           0       0.000      99.000     200.251        3267651655   1200      0     36          44   1200
     GPU 0  1.000  0.933  0.741  0.000  0.002  0.000  0.617  0.000               8989070               6540515         100           0       0.000      99.000     200.251        3267651655   1200      0     36          44   1200
     GPU 0  1.000  0.933  0.741  0.000  0.002  0.000  0.617  0.000               8989070               6540515         100           0       0.000      99.000     200.251        3267651655   1200      0     36          45   1200
     GPU 0  1.000  0.000  0.000  0.000  0.002  0.000  0.000  0.000               7815988               6604215         100           0       0.000      99.000     200.251        3267651655   1200      0     36          44   1200
     GPU 0  1.000  0.000  0.000  0.000  0.002  0.000  0.000  0.000               7815988               6604215         100           0       0.000      99.000     200.251        3267671995   1200      0     36          44   1200
     GPU 0  1.000  0.000  0.000  0.000  0.002  0.000  0.000  0.000               7815988               6604215         100           0       0.000      99.000     201.321        3267671995   1200      0     36          44   1200

# Entity  GRACT  SMACT  SMOCC  TENSO  DRAMA  FP64A  FP32A  FP16A                 PCITX                 PCIRX       GPUTL       MCUTL       MUSAM       GUSAM       POWER             TOTEC  SACLK  PSTAT  TMPTR       MMTMP  SMCLK
      Id                                                                                                                                                               W                mJ                    C           C       
     GPU 0  1.000  0.000  0.000  0.000  0.002  0.000  0.000  0.000               7815988               6604215         100           0       0.000      99.000     201.321        3267671995   1200      0     36          44   1200
     GPU 0  1.000  0.936  0.744  0.000  0.001  0.000  0.618  0.000               9057632               5509505         100           0       0.000      99.000     201.321        3267671995   1200      0     36          44   1200
     GPU 0  1.000  0.957  0.769  0.000  0.001  0.000  0.634  0.000               9795980               6522662         100           0       0.000      99.000     197.220        3267671995   1200      0     36          45   1200
     GPU 0  1.000  0.000  0.000  0.000  0.002  0.000  0.000  0.000              12572325               9072996         100           0       0.000      99.000     197.220        3267692509   1200      0     36          45   1200
     GPU 0  1.000  0.951  0.758  0.000  0.002  0.000  0.628  0.000              11641729               9024688         100           0       0.000      99.000     197.220        3267692509   1200      0     36          44   1200
     GPU 0  1.000  0.951  0.758  0.000  0.002  0.000  0.628  0.000              11641729               9024688         100           0       0.000      99.000     197.220        3267692509   1200      0     36          45   1200
     GPU 0  1.000  0.952  0.785  0.000  0.001  0.000  0.626  0.000               6069468               5823343         100           0       0.000      99.000     197.220        3267692509   1200      0     36          45   1200
     GPU 0  1.000  0.000  0.000  0.000  0.001  0.000  0.000  0.000               7936636               4771190         100           0       0.000      99.000     196.460        3267712377   1200      0     36          45   1200
     GPU 0  1.000  0.948  0.742  0.000  0.001  0.000  0.623  0.000              12458922               7928640         100           0       0.000      99.000     196.460        3267712377   1200      0     36          45   1200
     GPU 0  1.000  0.948  0.742  0.000  0.001  0.000  0.623  0.000              12458922               7928640         100           0       0.000      99.000     196.460        3267712377   1200      0     36          44   1200
     GPU 0  1.000  0.956  0.766  0.000  0.001  0.000  0.633  0.000               6845652               5554150         100           0       0.000      99.000     196.460        3267712377   1200      0     36          45   1200
     GPU 0  1.000  0.000  0.000  0.000  0.001  0.000  0.000  0.000               7669300               6495873         100           0       0.000      99.000     196.460        3267712377   1200      0     36          44   1200
     GPU 0  1.000  0.954  0.760  0.000  0.002  0.000  0.612  0.000              10397507               8049337         100           0       0.000      99.000     197.530        3267712377   1200      0     36          45   1200
     GPU 0  1.000  0.954  0.760  0.000  0.002  0.000  0.612  0.000              10397507               8049337         100           0       0.000      99.000     197.530        3267732435   1200      0     36          45   1200

# Entity  GRACT  SMACT  SMOCC  TENSO  DRAMA  FP64A  FP32A  FP16A                 PCITX                 PCIRX       GPUTL       MCUTL       MUSAM       GUSAM       POWER             TOTEC  SACLK  PSTAT  TMPTR       MMTMP  SMCLK
      Id                                                                                                                                                               W                mJ                    C           C       
     GPU 0  1.000  0.936  0.720  0.000  0.002  0.000  0.614  0.000               3466649               1578555         100           0       0.000      99.000     197.530        3267732435   1200      0     36          45   1200
     GPU 0  1.000  0.000  0.000  0.000  0.002  0.000  0.000  0.000               3233475               1811590         100           0       0.000      99.000     197.530        3267732435   1200      0     36          45   1200
     GPU 0  1.000  0.945  0.754  0.000  0.002  0.000  0.606  0.000               4010533               2781849         100           0       0.000      99.000     197.530        3267732435   1200      0     36          45   1200
     GPU 0  1.000  0.954  0.758  0.000  0.002  0.000  0.630  0.000               8585135               6811174         100           0       0.000      99.000     197.530        3267752294   1200      0     36          45   1200
     GPU 0  1.000  0.954  0.758  0.000  0.002  0.000  0.630  0.000               8585135               6811174         100           0       0.000      99.000     197.517        3267752294   1200      0     36          45   1200
     GPU 0  1.000  0.000  0.000  0.000  0.002  0.000  0.000  0.000               8573259               6457731         100           0       0.000      99.000     197.517        3267752294   1200      0     36          45   1200
     GPU 0  1.000  0.952  0.755  0.000  0.001  0.000  0.628  0.000               6550293               5194500         100           0       0.000      99.000     197.517        3267752294   1200      0     36          45   1200
     GPU 0  1.000  0.949  0.738  0.000  0.001  0.000  0.624  0.000               9296761               7028246         100           0       0.000      99.000     197.517        3267752294   1200      0     36          45   1200
     GPU 0  1.000  0.000  0.000  0.000  0.001  0.000  0.000  0.000               5500607               5107059         100           0       0.000      99.000     197.517        3267752294   1200      0     36          45   1200
     GPU 0  1.000  0.947  0.755  0.000  0.001  0.000  0.626  0.000               1256807               1256807         100           0       0.000      99.000     197.517        3267772601   1200      0     36          45   1200
     GPU 0  1.000  0.947  0.755  0.000  0.001  0.000  0.626  0.000               1256807               1256807         100           0       0.000      99.000     197.517        3267772601   1200      0     36          45   1200
     GPU 0  1.000  0.000  0.000  0.000  0.002  0.000  0.000  0.000               9130432               6864131         100           0       0.000      99.000     197.517        3267772601   1200      0     36          45   1200
     GPU 0  1.000  0.951  0.756  0.000  0.002  0.000  0.610  0.000               3702806               1812753         100           0       0.000      99.000     197.517        3267772601   1200      0     36          45   1200
     GPU 0  1.000  0.942  0.753  0.000  0.002  0.000  0.625  0.000               3597749               1538180         100           0       0.000      99.000     198.291        3267792250   1200      0     36          45   1200

# Entity  GRACT  SMACT  SMOCC  TENSO  DRAMA  FP64A  FP32A  FP16A                 PCITX                 PCIRX       GPUTL       MCUTL       MUSAM       GUSAM       POWER             TOTEC  SACLK  PSTAT  TMPTR       MMTMP  SMCLK
      Id                                                                                                                                                               W                mJ                    C           C       
     GPU 0  1.000  0.000  0.000  0.000  0.002  0.000  0.000  0.000               3638634               1538039         100           0       0.000      99.000     198.291        3267792250   1200      0     36          45   1200
     GPU 0  1.000  0.951  0.764  0.000  0.002  0.000  0.612  0.000               4814410               3531321         100           0       0.000      99.000     198.291        3267792250   1200      0     36          45   1200
     GPU 0  1.000  0.951  0.764  0.000  0.002  0.000  0.612  0.000               4814410               3531321         100           0       0.000      99.000     198.291        3267792250   1200      0     36          45   1200
     GPU 0  1.000  0.952  0.759  0.000  0.002  0.000  0.629  0.000               8284376               6043691         100           0       0.000      99.000     198.291        3267792250   1200      0     36          45   1200
     GPU 0  1.000  0.000  0.000  0.000  0.002  0.000  0.000  0.000               7746694               6574293         100           0       0.000      99.000     198.291        3267792250   1200      0     36          45   1200
     GPU 0  1.000  0.943  0.753  0.000  0.001  0.000  0.623  0.000               8297727               5503223         100           0       0.000      99.000     198.062        3267812173   1200      0     36          45   1200
     GPU 0  1.000  0.943  0.753  0.000  0.001  0.000  0.623  0.000               8297727               5503223         100           0       0.000      99.000     198.062        3267812173   1200      0     36          45   1200
     GPU 0  1.000  0.970  0.838  0.000  0.002  0.000  0.645  0.000               3426833               1328013         100           0       0.000      99.000     198.062        3267812173   1200      0     36          45   1200
     GPU 0  1.000  0.000  0.000  0.000  0.002  0.000  0.000  0.000               3386138               1286401         100           0       0.000      99.000     198.062        3267812173   1200      0     37          45   1200
     GPU 0  1.000  0.947  0.756  0.000  0.002  0.000  0.627  0.000               4664918               3461139         100           0       0.000      99.000     196.978        3267832117   1200      0     37          45   1200
     GPU 0  1.000  0.953  0.769  0.000  0.002  0.000  0.611  0.000               7099945               5148816         100           0       0.000      99.000     196.978        3267832117   1200      0     37          45   1200
     GPU 0  1.000  0.953  0.769  0.000  0.002  0.000  0.611  0.000               7099945               5148816         100           0       0.000      99.000     196.978        3267832117   1200      0     37          45   1200
     GPU 0  1.000  0.000  0.000  0.000  0.002  0.000  0.000  0.000              10661017               8111343         100           0       0.000      99.000     196.978        3267832117   1200      0     37          45   1200
     GPU 0  1.000  0.946  0.756  0.000  0.002  0.000  0.626  0.000               6201653               5069804         100           0       0.000      99.000     196.978        3267832117   1200      0     37          45   1200

# Entity  GRACT  SMACT  SMOCC  TENSO  DRAMA  FP64A  FP32A  FP16A                 PCITX                 PCIRX       GPUTL       MCUTL       MUSAM       GUSAM       POWER             TOTEC  SACLK  PSTAT  TMPTR       MMTMP  SMCLK
      Id                                                                                                                                                               W                mJ                    C           C       
     GPU 0  1.000  0.951  0.760  0.000  0.001  0.000  0.626  0.000               9085797               6756120         100           0       0.000      99.000     197.759        3267832117   1200      0     37          45   1200
     GPU 0  1.000  0.000  0.000  0.000  0.002  0.000  0.000  0.000              11013101               8350935         100           0       0.000      99.000     197.759        3267852146   1200      0     37          45   1200
     GPU 0  1.000  0.000  0.000  0.000  0.002  0.000  0.000  0.000              11013101               8350935         100           0       0.000      99.000     197.759        3267852146   1200      0     37          45   1200
     GPU 0  1.000  0.945  0.752  0.000  0.001  0.000  0.624  0.000               6963555               5273900         100           0       0.000      99.000     197.759        3267852146   1200      0     37          45   1200
     GPU 0  1.000  0.952  0.773  0.000  0.001  0.000  0.631  0.000               3193815               1285946         100           0       0.000      99.000     197.759        3267852146   1200      0     37          45   1200
     GPU 0  1.000  0.000  0.000  0.000  0.001  0.000  0.000  0.000               2340601               1196524         100           0       0.000      99.000     197.759        3267872026   1200      0     37          45   1200
     GPU 0  1.000  0.950  0.755  0.000  0.001  0.000  0.628  0.000               4990133               3081732         100           0       0.000      99.000     197.530        3267872026   1200      0     37          45   1200
     GPU 0  1.000  0.946  0.751  0.000  0.001  0.000  0.620  0.000               6395709               4990200         100           0       0.000      99.000     197.530        3267872026   1200      0     37          45   1200
     GPU 0  1.000  0.946  0.751  0.000  0.001  0.000  0.620  0.000               6395709               4990200         100           0       0.000      99.000     197.530        3267872026   1200      0     37          45   1200
     GPU 0  1.000  0.000  0.000  0.000  0.002  0.000  0.000  0.000               8170960               6388514         100           0       0.000      99.000     197.530        3267872026   1200      0     37          45   1200
     GPU 0  1.000  0.947  0.754  0.000  0.002  0.000  0.626  0.000               6950459               5862114         100           0       0.000      99.000     197.530        3267872026   1200      0     37          45   1200
     GPU 0  1.000  0.948  0.763  0.000  0.001  0.000  0.628  0.000               8419770               5534359         100           0       0.000      99.000     198.050        3267892131   1200      0     37          45   1200
     GPU 0  1.000  0.948  0.763  0.000  0.001  0.000  0.628  0.000               8419770               5534359         100           0       0.000      99.000     198.050        3267892131   1200      0     37          45   1200
     GPU 0  1.000  0.000  0.000  0.000  0.002  0.000  0.000  0.000               3693994               1874794         100           0       0.000      99.000     198.050        3267892131   1200      0     37          45   1200

# Entity  GRACT  SMACT  SMOCC  TENSO  DRAMA  FP64A  FP32A  FP16A                 PCITX                 PCIRX       GPUTL       MCUTL       MUSAM       GUSAM       POWER             TOTEC  SACLK  PSTAT  TMPTR       MMTMP  SMCLK
      Id                                                                                                                                                               W                mJ                    C           C       
     GPU 0  1.000  0.949  0.744  0.000  0.002  0.000  0.610  0.000               3426792               1369797         100           0       0.000      99.000     198.050        3267892131   1200      0     37          45   1200
     GPU 0  1.000  0.950  0.761  0.000  0.002  0.000  0.629  0.000               4436775               3094232         100           0       0.000      99.000     198.062        3267912005   1200      0     37          45   1200
     GPU 0  1.000  0.000  0.000  0.000  0.002  0.000  0.000  0.000               6962061               4906223         100           0       0.000      99.000     198.062        3267912005   1200      0     37          45   1200
     GPU 0  1.000  0.947  0.747  0.000  0.002  0.000  0.605  0.000              10412546               7872305         100           0       0.000      99.000     198.062        3267912005   1200      0     37          45   1200
     GPU 0  1.000  0.947  0.747  0.000  0.002  0.000  0.605  0.000              10412546               7872305         100           0       0.000      99.000     198.062        3267912005   1200      0     37          45   1200
     GPU 0  1.000  0.948  0.756  0.000  0.001  0.000  0.627  0.000              10128372               7720576         100           0       0.000      99.000     198.062        3267912005   1200      0     37          45   1200
     GPU 0  1.000  0.000  0.000  0.000  0.001  0.000  0.000  0.000              10151670               7750538         100           0       0.000      99.000     198.062        3267912005   1200      0     37          45   1200
     GPU 0  1.000  0.951  0.755  0.000  0.001  0.000  0.628  0.000               9150951               7104179         100           0       0.000      99.000     197.289        3267932189   1200      0     37          45   1200
     GPU 0  1.000  0.951  0.755  0.000  0.001  0.000  0.628  0.000               9150951               7104179         100           0       0.000      99.000     197.289        3267932189   1200      0     37          45   1200
     GPU 0  1.000  0.950  0.758  0.000  0.002  0.000  0.628  0.000               7937086               5713937         100           0       0.000      99.000     197.289        3267932189   1200      0     37          45   1200
     GPU 0  1.000  0.000  0.000  0.000  0.002  0.000  0.000  0.000               3458015               1492621         100           0       0.000      99.000     197.289        3267932189   1200      0     37          45   1200
     GPU 0  1.000  0.951  0.768  0.000  0.002  0.000  0.617  0.000               2376058               1441256         100           0       0.000      99.000     198.291        3267952028   1200      0     37          45   1200
     GPU 0  1.000  0.952  0.764  0.000  0.002  0.000  0.631  0.000               4647949               2941952         100           0       0.000      99.000     198.291        3267952028   1200      0     37          45   1200
     GPU 0  1.000  0.000  0.000  0.000  0.002  0.000  0.000  0.000               6737122               4771440         100           0       0.000      99.000     198.291        3267952028   1200      0     37          45   1200

# Entity  GRACT  SMACT  SMOCC  TENSO  DRAMA  FP64A  FP32A  FP16A                 PCITX                 PCIRX       GPUTL       MCUTL       MUSAM       GUSAM       POWER             TOTEC  SACLK  PSTAT  TMPTR       MMTMP  SMCLK
      Id                                                                                                                                                               W                mJ                    C           C       
     GPU 0  1.000  0.000  0.000  0.000  0.002  0.000  0.000  0.000               6737122               4771440         100           0       0.000      99.000     198.291        3267952028   1200      0     37          45   1200
     GPU 0  1.000  0.951  0.760  0.000  0.002  0.000  0.613  0.000               9438626               6996353         100           0       0.000      99.000     198.291        3267952028   1200      0     37          45   1200
     GPU 0  1.000  0.951  0.760  0.000  0.002  0.000  0.630  0.000               9765590               7564783         100           0       0.000      99.000     198.291        3267952028   1200      0     37          45   1200
     GPU 0  1.000  0.000  0.000  0.000  0.002  0.000  0.000  0.000              10343914               7922135         100           0       0.000      99.000     198.291        3267972156   1200      0     37          45   1200
     GPU 0  1.000  0.000  0.000  0.000  0.002  0.000  0.000  0.000              10343914               7922135         100           0       0.000      99.000     198.291        3267972156   1200      0     37          45   1200
     GPU 0  1.000  0.952  0.760  0.000  0.001  0.000  0.629  0.000               7753969               5429486         100           0       0.000      99.000     198.291        3267972156   1200      0     37          45   1200
     GPU 0  1.000  0.963  0.831  0.000  0.002  0.000  0.640  0.000               3424727               1285436         100           0       0.000      99.000     198.291        3267972156   1200      0     37          45   1200
     GPU 0  1.000  0.000  0.000  0.000  0.002  0.000  0.000  0.000               2462741               1890709         100           0       0.000      99.000     196.750        3267991919   1200      0     37          45   1200
     GPU 0  0.683  0.948  0.747  0.000  0.002  0.000  0.626  0.000             885037914               2533194         100           0       0.000      99.000     196.750        3267991919   1200      0     37          45   1200
     GPU 0  0.000  0.000  0.000  0.000  0.002  0.000  0.000  0.000             859880673               6654894         100           0       0.000      99.000     196.750        3267991919   1200      0     37          45   1200
     GPU 0  0.000  0.000  0.000  0.000  0.000  0.000  0.000  0.000               9182058               5378146         100           0       0.000      99.000     196.750        3267991919   1200      0     35          45   1200
     GPU 0  0.000  0.000  0.000  0.000  0.000  0.000  0.000  0.000               9182058               5378146         100           0       0.000      99.000     196.750        3267991919   1200      0     34          45   1200
     GPU 0  0.000  0.000  0.000  0.000  0.000  0.000  0.000  0.000               8796310               5105998         100           0       0.000      99.000     196.750        3267991919   1200      0     34          45   1200
     GPU 0  0.000  0.000  0.000  0.000  0.000  0.000  0.000  0.000               8352999               4988252         100           0       0.000      99.000      92.465        3268004353   1200      0     33          45   1200

# Entity  GRACT  SMACT  SMOCC  TENSO  DRAMA  FP64A  FP32A  FP16A                 PCITX                 PCIRX       GPUTL       MCUTL       MUSAM       GUSAM       POWER             TOTEC  SACLK  PSTAT  TMPTR       MMTMP  SMCLK
      Id                                                                                                                                                               W                mJ                    C           C       
     GPU 0  0.000  0.000  0.000  0.000  0.000  0.000  0.000  0.000              14314406               8683835         100           0       0.000      99.000      92.465        3268004353   1200      0     33          45   1200
     GPU 0  0.000  0.000  0.000  0.000  0.000  0.000  0.000  0.000               9382771               5780552         100           0       0.000      99.000      92.465        3268004353   1200      0     33          45   1200
     GPU 0  0.000  0.000  0.000  0.000  0.000  0.000  0.000  0.000               7548776               4979907         100           0       0.000      99.000      92.465        3268004353   1200      0     32          45   1200
     GPU 0  0.000  0.000  0.000  0.000  0.000  0.000  0.000  0.000               7548776               4979907         100           0       0.000      99.000      92.465        3268004353   1200      0     32          45   1200
     GPU 0  0.000  0.000  0.000  0.000  0.000  0.000  0.000  0.000               7600638               4335950           8           0       0.000       8.000      92.223        3268013659   1200      0     32          45   1200
     GPU 0  0.000  0.000  0.000  0.000  0.000  0.000  0.000  0.000              12120431               6809125           8           0       0.000       8.000      92.223        3268013659   1200      0     32          45   1200
     GPU 0  0.000  0.000  0.000  0.000  0.000  0.000  0.000  0.000               8326183               4869576           8           0       0.000       8.000      92.223        3268013659   1200      0     32          45   1200
     GPU 0  0.000  0.000  0.000  0.000  0.000  0.000  0.000  0.000               8298564               5783963           8           0       0.000       8.000      92.223        3268013659   1200      0     31          45   1200
     GPU 0  0.000  0.000  0.000  0.000  0.000  0.000  0.000  0.000               9523774               5902205           8           0       0.000       8.000      92.223        3268022975   1200      0     31          45   1200
     GPU 0  0.000  0.000  0.000  0.000  0.000  0.000  0.000  0.000               9523774               5902205           8           0       0.000       8.000      92.223        3268022975   1200      0     31          45   1200
     GPU 0  0.000  0.000  0.000  0.000  0.000  0.000  0.000  0.000              11792942               7374517           8           0       0.000       8.000      92.223        3268022975   1200      0     31          45   1200
     GPU 0  0.000  0.000  0.000  0.000  0.000  0.000  0.000  0.000              10239425               6677453           8           0       0.000       8.000      92.223        3268022975   1200      0     31          45   1200
     GPU 0  0.000  0.000  0.000  0.000  0.000  0.000  0.000  0.000               8346862               5704847           8           0       0.000       8.000      92.223        3268022975   1200      0     31          45   1200
     GPU 0  0.000  0.000  0.000  0.000  0.000  0.000  0.000  0.000              10189771               6564314           8           0       0.000       8.000      92.223        3268022975   1200      0     31          45   1200

# Entity  GRACT  SMACT  SMOCC  TENSO  DRAMA  FP64A  FP32A  FP16A                 PCITX                 PCIRX       GPUTL       MCUTL       MUSAM       GUSAM       POWER             TOTEC  SACLK  PSTAT  TMPTR       MMTMP  SMCLK
      Id                                                                                                                                                               W                mJ                    C           C       
     GPU 0  0.000  0.000  0.000  0.000  0.000  0.000  0.000  0.000              10189771               6564314           8           0       0.000       8.000      91.683        3268032246   1200      0     31          45   1200
     GPU 0  0.000  0.000  0.000  0.000  0.000  0.000  0.000  0.000              10189771               6564314           8           0       0.000       8.000      91.683        3268032246   1200      0     31          45   1200
     GPU 0  0.000  0.000  0.000  0.000  0.000  0.000  0.000  0.000              10189771               6564314           0           0       0.000       8.000      91.683        3268032246   1200      0     31          45   1200
     GPU 0  0.000  0.000  0.000  0.000  0.000  0.000  0.000  0.000              11117146               5613589           0           0       0.000       0.000      91.683        3268032246   1200      0     31          45   1200
     GPU 0  0.000  0.000  0.000  0.000  0.000  0.000  0.000  0.000               6744721               3475930           0           0       0.000       0.000      91.683        3268032246   1200      0     31          45   1200
     GPU 0  0.000  0.000  0.000  0.000  0.000  0.000  0.000  0.000               6857650               4380334           0           0       0.000       0.000      92.756        3268041597   1200      0     31          45   1200
     GPU 0  0.000  0.000  0.000  0.000  0.000  0.000  0.000  0.000               6857650               4380334           0           0       0.000       0.000      92.756        3268041597   1200      0     31          45   1200
     GPU 0  0.000  0.000  0.000  0.000  0.000  0.000  0.000  0.000               9502400               6152896           0           0       0.000       0.000      92.756        3268041597   1200      0     30          45   1200
     GPU 0  0.000  0.000  0.000  0.000  0.000  0.000  0.000  0.000               9502400               6152896           0           0       0.000       0.000      92.756        3268041597   1200      0     30          45   1200
     GPU 0  0.002  0.000  0.000  0.000  0.000  0.000  0.000  0.000               7726561               7856969           0           0       0.000       0.000      92.756        3268041597   1200      0     30          45   1200
     GPU 0  0.002  0.000  0.000  0.000  0.000  0.000  0.000  0.000               7726561               7856969           0           0       0.000       0.000      92.756        3268041597   1200      0     30          45   1200
     GPU 0  0.000  0.000  0.000  0.000  0.000  0.000  0.000  0.000              13906858              12192314           0           0       0.000       0.000      93.295        3268051104   1200      0     30          45   1200
     GPU 0  0.000  0.000  0.000  0.000  0.000  0.000  0.000  0.000              13906858              12192314           0           0       0.000       0.000      93.295        3268051104   1200      0     30          45   1200
     GPU 0  0.000  0.000  0.000  0.000  0.000  0.000  0.000  0.000              13906858              12192314           0           0       0.000       0.000      93.295        3268051104   1200      0     30          45   1200

# Entity  GRACT  SMACT  SMOCC  TENSO  DRAMA  FP64A  FP32A  FP16A                 PCITX                 PCIRX       GPUTL       MCUTL       MUSAM       GUSAM       POWER             TOTEC  SACLK  PSTAT  TMPTR       MMTMP  SMCLK
      Id                                                                                                                                                               W                mJ                    C           C       
     GPU 0  0.000  0.000  0.000  0.000  0.000  0.000  0.000  0.000               9194866              17488385           0           0       0.000       0.000      93.295        3268051104   1200      0     30          45   1200
     GPU 0  0.000  0.000  0.000  0.000  0.000  0.000  0.000  0.000               9194866              17488385           0           0       0.000       0.000      92.756        3268060372   1200      0     30          45   1200
     GPU 0  0.000  0.000  0.000  0.000  0.000  0.000  0.000  0.000               7835311               6337822           0           0       0.000       0.000      92.756        3268060372   1200      0     30          44   1200
     GPU 0  0.000  0.000  0.000  0.000  0.000  0.000  0.000  0.000               7835311               6337822           0           0       0.000       0.000      92.756        3268060372   1200      0     30          45   1200
     GPU 0  0.000  0.000  0.000  0.000  0.000  0.000  0.000  0.000               7891657               6607674           0           0       0.000       0.000      92.756        3268060372   1200      0     30          45   1200
     GPU 0  0.000  0.000  0.000  0.000  0.000  0.000  0.000  0.000               3755242               2033227           0           0       0.000       0.000      92.756        3268069723   1200      0     30          45   1200
     GPU 0  0.000  0.000  0.000  0.000  0.000  0.000  0.000  0.000               5428907               1783602           6           0       0.000       0.000      92.756        3268069723   1200      0     30          45   1200
     GPU 0  0.000  0.000  0.000  0.000  0.000  0.000  0.000  0.000               4644956               2154254           6           0       0.000       0.000      92.756        3268069723   1200      0     30          45   1200
     GPU 0  0.000  0.000  0.000  0.000  0.000  0.000  0.000  0.000               5023987               2726466           6           0       0.000       0.000      92.756        3268069723   1200      0     30          45   1200
     GPU 0  0.000  0.000  0.000  0.000  0.000  0.000  0.000  0.000               9257940               5477072           6           0       0.000       0.000      92.756        3268069723   1200      0     30          45   1200
     GPU 0  0.000  0.000  0.000  0.000  0.000  0.000  0.000  0.000               9257940               5477072           6           0       0.000       0.000      92.756        3268069723   1200      0     30          45   1200
     GPU 0  0.000  0.000  0.000  0.000  0.000  0.000  0.000  0.000              10885142               7004404           6           0       0.000       0.000      92.756        3268079090   1200      0     30          45   1200
     GPU 0  0.000  0.000  0.000  0.000  0.000  0.000  0.000  0.000              11083748               6022727           6           0       0.000       0.000      92.756        3268079090   1200      0     30          45   1200
     GPU 0  0.000  0.000  0.000  0.000  0.000  0.000  0.000  0.000               3675202               2467599           6           0       0.000       0.000      92.756        3268079090   1200      0     30          44   1200

# Entity  GRACT  SMACT  SMOCC  TENSO  DRAMA  FP64A  FP32A  FP16A                 PCITX                 PCIRX       GPUTL       MCUTL       MUSAM       GUSAM       POWER             TOTEC  SACLK  PSTAT  TMPTR       MMTMP  SMCLK
      Id                                                                                                                                                               W                mJ                    C           C       
     GPU 0  0.000  0.000  0.000  0.000  0.000  0.000  0.000  0.000               9766611               6408169           6           0       0.000       0.000      92.756        3268079090   1200      0     30          45   1200
     GPU 0  0.000  0.000  0.000  0.000  0.000  0.000  0.000  0.000               9766611               6408169           6           0       0.000       0.000      92.465        3268079090   1200      0     30          44   1200
     GPU 0  0.000  0.000  0.000  0.000  0.000  0.000  0.000  0.000              11046179               6369241           0           0       0.000       0.000      92.465        3268088519   1200      0     30          44   1200
     GPU 0  0.000  0.000  0.000  0.000  0.000  0.000  0.000  0.000               3302421                275201           0           0       0.000       0.000      92.465        3268088519   1200      0     30          44   1200
     GPU 0  0.000  0.000  0.000  0.000  0.000  0.000  0.000  0.000               7194461               2658811           0           0       0.000       0.000      92.465        3268088519   1200      0     30          45   1200
     GPU 0  0.000  0.000  0.000  0.000  0.000  0.000  0.000  0.000               4444670               2043209           0           0       0.000       0.000      92.465        3268088519   1200      0     30          45   1200
     GPU 0  0.000  0.000  0.000  0.000  0.000  0.000  0.000  0.000               6625943               3634748           0           0       0.000       0.000      92.465        3268088519   1200      0     30          44   1200
     GPU 0  0.000  0.000  0.000  0.000  0.000  0.000  0.000  0.000               6625943               3634748           0           0       0.000       0.000      92.465        3268097787   1200      0     30          44   1200
     GPU 0  0.000  0.000  0.000  0.000  0.000  0.000  0.000  0.000               9104975               5653004           0           0       0.000       0.000      92.465        3268097787   1200      0     30          44   1200
     GPU 0  0.000  0.000  0.000  0.000  0.000  0.000  0.000  0.000               4523940               3019998           0           0       0.000       0.000      92.465        3268097787   1200      0     30          44   1200
     GPU 0  0.000  0.000  0.000  0.000  0.000  0.000  0.000  0.000               4672607               3464878           0           0       0.000       0.000      92.465        3268097787   1200      0     30          44   1200
     GPU 0  0.000  0.000  0.000  0.000  0.000  0.000  0.000  0.000               4672607               3464878           0           0       0.000       0.000      92.465        3268097787   1200      0     29          44   1200
     GPU 0  0.000  0.000  0.000  0.000  0.000  0.000  0.000  0.000               3058684                274254           0           0       0.000       0.000      92.465        3268107299   1200      0     29          45   1200
     GPU 0  0.000  0.000  0.000  0.000  0.000  0.000  0.000  0.000               5898812               1991586           0           0       0.000       0.000      92.465        3268107299   1200      0     29          45   1200

# Entity  GRACT  SMACT  SMOCC  TENSO  DRAMA  FP64A  FP32A  FP16A                 PCITX                 PCIRX       GPUTL       MCUTL       MUSAM       GUSAM       POWER             TOTEC  SACLK  PSTAT  TMPTR       MMTMP  SMCLK
      Id                                                                                                                                                               W                mJ                    C           C       
     GPU 0  0.000  0.000  0.000  0.000  0.000  0.000  0.000  0.000               8339968               4012928           0           0       0.000       0.000      92.465        3268107299   1200      0     29          44   1200
     GPU 0  0.000  0.000  0.000  0.000  0.000  0.000  0.000  0.000               9411971               5042696           0           0       0.000       0.000      92.465        3268107299   1200      0     29          45   1200
     GPU 0  0.000  0.000  0.000  0.000  0.000  0.000  0.000  0.000               9411971               5042696           0           0       0.000       0.000      92.465        3268116468   1200      0     29          44   1200
     GPU 0  0.000  0.000  0.000  0.000  0.000  0.000  0.000  0.000              10227280               6745387           0           0       0.000       0.000      92.465        3268116468   1200      0     29          44   1200
     GPU 0  0.000  0.000  0.000  0.000  0.000  0.000  0.000  0.000               7437473               5221888           0           0       0.000       0.000      92.465        3268116468   1200      0     29          45   1200
     GPU 0  0.000  0.000  0.000  0.000  0.000  0.000  0.000  0.000               9813370               6406838           0           0       0.000       0.000      92.465        3268116468   1200      0     29          44   1200
     GPU 0  0.000  0.000  0.000  0.000  0.000  0.000  0.000  0.000               4305277               3344560           0           0       0.000       0.000      92.465        3268116468   1200      0     29          45   1200
     GPU 0  0.000  0.000  0.000  0.000  0.000  0.000  0.000  0.000               4305277               3344560           0           0       0.000       0.000      92.465        3268116468   1200      0     29          45   1200
     GPU 0  0.000  0.000  0.000  0.000  0.000  0.000  0.000  0.000               3240309                273515           0           0       0.000       0.000      92.465        3268125815   1200      0     29          45   1200
     GPU 0  0.000  0.000  0.000  0.000  0.000  0.000  0.000  0.000               3300770                275064           0           0       0.000       0.000      92.465        3268125815   1200      0     29          44   1200
     GPU 0  0.000  0.000  0.000  0.000  0.000  0.000  0.000  0.000               6745631               3544457           0           0       0.000       0.000      92.465        3268125815   1200      0     29          44   1200
     GPU 0  0.000  0.000  0.000  0.000  0.000  0.000  0.000  0.000               6745631               3544457           0           0       0.000       0.000      92.465        3268125815   1200      0     29          45   1200
     GPU 0  0.000  0.000  0.000  0.000  0.000  0.000  0.000  0.000               9846439               5264323           0           0       0.000       0.000      92.465        3268135131   1200      0     29          44   1200
     GPU 0  0.000  0.000  0.000  0.000  0.000  0.000  0.000  0.000               7094493               4170353           0           0       0.000       0.000      92.465        3268135131   1200      0     29          44   1200

# Entity  GRACT  SMACT  SMOCC  TENSO  DRAMA  FP64A  FP32A  FP16A                 PCITX                 PCIRX       GPUTL       MCUTL       MUSAM       GUSAM       POWER             TOTEC  SACLK  PSTAT  TMPTR       MMTMP  SMCLK
      Id                                                                                                                                                               W                mJ                    C           C       
     GPU 0  0.000  0.000  0.000  0.000  0.000  0.000  0.000  0.000               5036857               3858532           0           0       0.000       0.000      92.465        3268135131   1200      0     29          44   1200
     GPU 0  0.000  0.000  0.000  0.000  0.000  0.000  0.000  0.000               3373860                232254           0           0       0.000       0.000      92.465        3268135131   1200      0     29          44   1200
     GPU 0  0.000  0.000  0.000  0.000  0.000  0.000  0.000  0.000               2206960                163624           0           0       0.000       0.000      92.465        3268135131   1200      0     29          45   1200
     GPU 0  0.000  0.000  0.000  0.000  0.000  0.000  0.000  0.000               2206960                163624           0           0       0.000       0.000      92.465        3268135131   1200      0     29          44   1200
     GPU 0  0.000  0.000  0.000  0.000  0.000  0.000  0.000  0.000               4323651               1873378           0           0       0.000       0.000      92.465        3268144465   1200      0     29          45   1200
     GPU 0  0.000  0.000  0.000  0.000  0.000  0.000  0.000  0.000               8685616               3414256           0           0       0.000       0.000      92.465        3268144465   1200      0     29          44   1200
     GPU 0  0.000  0.000  0.000  0.000  0.000  0.000  0.000  0.000               8082801               4512621           0           0       0.000       0.000      92.465        3268144465   1200      0     29          44   1200
     GPU 0  0.000  0.000  0.000  0.000  0.000  0.000  0.000  0.000               8082801               4512621           0           0       0.000       0.000      92.465        3268144465   1200      0     29          44   1200
     GPU 0  0.000  0.000  0.000  0.000  0.000  0.000  0.000  0.000               9142198               5688486           0           0       0.000       0.000      92.465        3268153840   1200      0     29          44   1200
     GPU 0  0.000  0.000  0.000  0.000  0.000  0.000  0.000  0.000               8025610               4859570           0           0       0.000       0.000      92.465        3268153840   1200      0     29          44   1200
     GPU 0  0.000  0.000  0.000  0.000  0.000  0.000  0.000  0.000               4630821               3505397           0           0       0.000       0.000      92.465        3268153840   1200      0     29          44   1200
     GPU 0  0.000  0.000  0.000  0.000  0.000  0.000  0.000  0.000               3410043                315586           0           0       0.000       0.000      92.465        3268153840   1200      0     29          45   1200
     GPU 0  0.000  0.000  0.000  0.000  0.000  0.000  0.000  0.000               3022191                 41922           0           0       0.000       0.000      92.465        3268153840   1200      0     29          44   1200
     GPU 0  0.000  0.000  0.000  0.000  0.000  0.000  0.000  0.000               3022191                 41922           0           0       0.000       0.000      92.465        3268153840   1200      0     29          44   1200

# Entity  GRACT  SMACT  SMOCC  TENSO  DRAMA  FP64A  FP32A  FP16A                 PCITX                 PCIRX       GPUTL       MCUTL       MUSAM       GUSAM       POWER             TOTEC  SACLK  PSTAT  TMPTR       MMTMP  SMCLK
      Id                                                                                                                                                               W                mJ                    C           C       
     GPU 0  0.000  0.000  0.000  0.000  0.000  0.000  0.000  0.000               4310562               1803597           0           0       0.000       0.000      92.465        3268163201   1200      0     29          44   1200
     GPU 0  0.000  0.000  0.000  0.000  0.000  0.000  0.000  0.000              12349082               6426563           0           0       0.000       0.000      92.465        3268163201   1200      0     29          45   1200
     GPU 0  0.000  0.000  0.000  0.000  0.000  0.000  0.000  0.000               3297099                274758           0           0       0.000       0.000      92.465        3268163201   1200      0     29          44   1200
     GPU 0  0.000  0.000  0.000  0.000  0.000  0.000  0.000  0.000               8282746               4097125           0           0       0.000       0.000      92.465        3268163201   1200      0     29          44   1200
     GPU 0  0.000  0.000  0.000  0.000  0.000  0.000  0.000  0.000               9713123               5567899           0           0       0.000       0.000      92.465        3268172565   1200      0     29          44   1200
     GPU 0  0.000  0.000  0.000  0.000  0.000  0.000  0.000  0.000               9713123               5567899           0           0       0.000       0.000      92.465        3268172565   1200      0     29          44   1200
     GPU 0  0.000  0.000  0.000  0.000  0.000  0.000  0.000  0.000              10112265               6645719           0           0       0.000       0.000      92.465        3268172565   1200      0     29          44   1200
