# Entity  GRACT  SMACT  SMOCC  TENSO  DRAMA  FP64A  FP32A  FP16A                 PCITX                 PCIRX       GPUTL       MCUTL       MUSAM       GUSAM       POWER             TOTEC  SACLK  PSTAT  TMPTR       MMTMP  SMCLK
      Id                                                                                                                                                               W                mJ                    C           C       
     GPU 0  0.000  0.000  0.000  0.000  0.000  0.000  0.000  0.000             108709079               9882643           0           0       0.000       0.000      77.020        8330872202    825      0     26          43    210
     GPU 0  0.000  0.000  0.000  0.000  0.000  0.000  0.000  0.000               8545633               4735977           0           0       0.000       0.000      77.020        8330872202    825      0     26          43    210
     GPU 0  0.000  0.000  0.000  0.000  0.000  0.000  0.000  0.000               8545633               4735977           0           0       0.000       0.000      78.632        8330872202    825      0     26          43    210
     GPU 0  0.000  0.000  0.000  0.000  0.000  0.000  0.000  0.000               8745128               5959352           0           0       0.000       0.000      78.632        8330880119    825      0     27          43    210
     GPU 0  0.000  0.000  0.000  0.000  0.000  0.000  0.000  0.000               6848537               3737120           0           0       0.000       0.000      78.632        8330880119    825      0     27          43    210
     GPU 0  0.000  0.000  0.000  0.000  0.000  0.000  0.000  0.000               4684431               2759629           0           0       0.000       0.000      78.632        8330880119    825      0     27          43    210
     GPU 0  0.000  0.000  0.000  0.000  0.000  0.000  0.000  0.000               4684431               2759629           0           0       0.000       0.000      78.632        8330880119    825      0     27          43    210
     GPU 0  0.000  0.000  0.000  0.000  0.000  0.000  0.000  0.000               8367731               5715358           0           0       0.000       0.000      78.632        8330887960    825      0     27          43    210
     GPU 0  0.000  0.000  0.000  0.000  0.000  0.000  0.000  0.000               6007964               3872872           0           0       0.000       0.000      78.632        8330887960    825      0     27          43    210
     GPU 0  0.000  0.000  0.000  0.000  0.000  0.000  0.000  0.000               3020563                274596           0           0       0.000       0.000      78.632        8330887960    825      0     27          43    210
     GPU 0  0.000  0.000  0.000  0.000  0.000  0.000  0.000  0.000               3253601                     0           0           0       0.000       0.000      78.632        8330887960    825      0     27          43    210
     GPU 0  0.000  0.000  0.000  0.000  0.000  0.000  0.000  0.000               4366738               1924359           0           0       0.000       0.000      78.632        8330887960    825      0     27          43    210
     GPU 0  0.000  0.000  0.000  0.000  0.000  0.000  0.000  0.000               4366738               1924359           0           0       0.000       0.000      78.632        8330887960    825      0     27          43    210
     GPU 0  0.000  0.000  0.000  0.000  0.000  0.000  0.000  0.000               7800474               3756427           0           0       0.000       0.000      78.632        8330895997    825      0     27          43    210
     GPU 0  0.000  0.000  0.000  0.000  0.000  0.000  0.000  0.000               4142504               3137812           0           0       0.000       0.000      78.632        8330895997    825      0     27          43    210

# Entity  GRACT  SMACT  SMOCC  TENSO  DRAMA  FP64A  FP32A  FP16A                 PCITX                 PCIRX       GPUTL       MCUTL       MUSAM       GUSAM       POWER             TOTEC  SACLK  PSTAT  TMPTR       MMTMP  SMCLK
      Id                                                                                                                                                               W                mJ                    C           C       
     GPU 0  0.000  0.000  0.000  0.000  0.000  0.000  0.000  0.000               8906590               6086562           0           0       0.000       0.000      78.632        8330895997    825      0     27          43    210
     GPU 0  0.000  0.000  0.000  0.000  0.000  0.000  0.000  0.000               8906590               6086562           0           0       0.000       0.000      78.632        8330895997    825      0     27          43    210
     GPU 0  0.000  0.000  0.000  0.000  0.000  0.000  0.000  0.000               4515340               3573335           0           0       0.000       0.000      78.632        8330903810    825      0     27          43    210
     GPU 0  0.000  0.000  0.000  0.000  0.000  0.000  0.000  0.000               3136917                273747           0           0       0.000       0.000      78.632        8330903810    825      0     27          43    210
     GPU 0  0.000  0.000  0.000  0.000  0.000  0.000  0.000  0.000               4062548               1678171           0           0       0.000       0.000      78.632        8330903810    825      0     27          43    210
     GPU 0  0.000  0.000  0.000  0.000  0.000  0.000  0.000  0.000               5791575               3106432           0           0       0.000       0.000      78.632        8330903810    825      0     27          43    210
     GPU 0  0.000  0.000  0.000  0.000  0.000  0.000  0.000  0.000               5791575               3106432           0           0       0.000       0.000      78.632        8330903810    825      0     27          43    210
     GPU 0  0.000  0.000  0.000  0.000  0.000  0.000  0.000  0.000               7959483               4915744           0           0       0.000       0.000      78.632        8330911793    825      0     27          43    210
     GPU 0  0.000  0.000  0.000  0.000  0.000  0.000  0.000  0.000               5667696               3030355           0           0       0.000       0.000      78.632        8330911793    825      0     27          43    210
     GPU 0  0.000  0.000  0.000  0.000  0.000  0.000  0.000  0.000               5667696               3030355           0           0       0.000       0.000      78.632        8330911793    825      0     27          43    210
     GPU 0  0.000  0.000  0.000  0.000  0.000  0.000  0.000  0.000               9507106               8909341           0           0       0.000       0.000      78.632        8330911793    825      0     27          43    210
     GPU 0  0.000  0.000  0.000  0.000  0.000  0.000  0.000  0.000               9507106               8909341           0           0       0.000       0.000      78.632        8330911793    825      0     27          43    210
     GPU 0  0.000  0.000  0.000  0.000  0.000  0.000  0.000  0.000               8272453               7527932           0           0       0.000       0.000      78.632        8330911793    825      0     27          43    210
     GPU 0  0.000  0.000  0.000  0.000  0.000  0.000  0.000  0.000               3078026               3410786           0           0       0.000       0.000      78.632        8330919676    825      0     27          43    210

# Entity  GRACT  SMACT  SMOCC  TENSO  DRAMA  FP64A  FP32A  FP16A                 PCITX                 PCIRX       GPUTL       MCUTL       MUSAM       GUSAM       POWER             TOTEC  SACLK  PSTAT  TMPTR       MMTMP  SMCLK
      Id                                                                                                                                                               W                mJ                    C           C       
     GPU 0  0.000  0.000  0.000  0.000  0.000  0.000  0.000  0.000               9004169              22837848           0           0       0.000       0.000      78.632        8330919676    825      0     27          43    210
     GPU 0  0.000  0.000  0.000  0.000  0.000  0.000  0.000  0.000               9004169              22837848           0           0       0.000       0.000      78.632        8330919676    825      0     27          43    210
     GPU 0  0.000  0.000  0.000  0.000  0.000  0.000  0.000  0.000               3389586              11621440           0           0       0.000       0.000      78.632        8330919676    825      0     27          43    210
     GPU 0  0.000  0.000  0.000  0.000  0.000  0.000  0.000  0.000               3389586              11621440           0           0       0.000       0.000      78.923        8330927642    825      0     27          43    210
     GPU 0  0.000  0.000  0.000  0.000  0.000  0.000  0.000  0.000               8040421               4646821           0           0       0.000       0.000      78.923        8330927642    825      0     27          43    210
     GPU 0  0.000  0.000  0.000  0.000  0.000  0.000  0.000  0.000               6936541               4823064           0           0       0.000       0.000      78.923        8330927642    825      0     27          43    210
     GPU 0  0.000  0.000  0.000  0.000  0.000  0.000  0.000  0.000                803498                494460           0           0       0.000       0.000      78.923        8330927642    825      0     27          43    210
     GPU 0  0.000  0.000  0.000  0.000  0.000  0.000  0.000  0.000                803498                494460           0           0       0.000       0.000      78.923        8330927642    825      0     27          43    210
     GPU 0  0.000  0.000  0.000  0.000  0.000  0.000  0.000  0.000               7956534               5450246           0           0       0.000       0.000      78.632        8330927642    825      0     27          43    210
     GPU 0  0.000  0.000  0.000  0.000  0.000  0.000  0.000  0.000               7956534               5450246           0           0       0.000       0.000      78.632        8330935700    825      0     27          43    210
     GPU 0  0.000  0.000  0.000  0.000  0.000  0.000  0.000  0.000               7732958               5023601           0           0       0.000       0.000      78.632        8330935700    825      0     27          43    210
     GPU 0  0.000  0.000  0.000  0.000  0.000  0.000  0.000  0.000               7732958               5023601           0           0       0.000       0.000      78.632        8330935700    825      0     27          43    210
     GPU 0  0.000  0.000  0.000  0.000  0.000  0.000  0.000  0.000                983363                776339           0           0       0.000       0.000      78.632        8330935700    825      0     27          43    210
     GPU 0  0.000  0.000  0.000  0.000  0.000  0.000  0.000  0.000               2221159               3126076           0           0       0.000       0.000      78.632        8330943504    825      0     27          43    210

# Entity  GRACT  SMACT  SMOCC  TENSO  DRAMA  FP64A  FP32A  FP16A                 PCITX                 PCIRX       GPUTL       MCUTL       MUSAM       GUSAM       POWER             TOTEC  SACLK  PSTAT  TMPTR       MMTMP  SMCLK
      Id                                                                                                                                                               W                mJ                    C           C       
     GPU 0  0.000  0.000  0.000  0.000  0.000  0.000  0.000  0.000               2221159               3126076           0           0       0.000       0.000      78.632        8330943504    825      0     27          43    210
     GPU 0  0.000  0.000  0.000  0.000  0.000  0.000  0.000  0.000               7583545               5226497           0           0       0.000       0.000      78.632        8330943504    825      0     27          43    210
     GPU 0  0.000  0.000  0.000  0.000  0.000  0.000  0.000  0.000               7583545               5226497           0           0       0.000       0.000      78.632        8330943504    825      0     27          43    210
     GPU 0  0.000  0.000  0.000  0.000  0.000  0.000  0.000  0.000               7583545               5226497           0           0       0.000       0.000      78.632        8330943504    825      0     27          43    210
     GPU 0  0.000  0.000  0.000  0.000  0.000  0.000  0.000  0.000              12999064              14012753           0           0       0.000       0.000      78.632        8330943504    825      0     27          43    210
     GPU 0  0.000  0.000  0.000  0.000  0.000  0.000  0.000  0.000               7987659              22445321           0           0       0.000       0.000      78.632        8330951440    825      0     27          43    210
     GPU 0  0.000  0.000  0.000  0.000  0.000  0.000  0.000  0.000               9367423              14836993           0           0       0.000       0.000      78.632        8330951440    825      0     27          43    210
     GPU 0  0.000  0.000  0.000  0.000  0.000  0.000  0.000  0.000               9367423              14836993           0           0       0.000       0.000      78.632        8330951440    825      0     27          43    210
     GPU 0  0.000  0.000  0.000  0.000  0.000  0.000  0.000  0.000              10506993              15109457           0           0       0.000       0.000      78.632        8330951440    825      0     27          43    825
     GPU 0  0.000  0.000  0.000  0.000  0.000  0.000  0.000  0.000              10506993              15109457           0           0       0.000       0.000      82.722        8330959450    825      0     27          43    825
     GPU 0  0.006  0.000  0.000  0.000  0.000  0.000  0.000  0.000               7432210              13197824           0           0       0.000       0.000      82.722        8330959450    825      0     27          43    825
     GPU 0  0.062  0.000  0.000  0.000  0.001  0.000  0.000  0.000             167005050            1458823623           0           0       0.000       0.000      82.722        8330959450    825      0     27          43    825
     GPU 0  0.508  0.939  0.857  0.000  0.000  0.000  0.628  0.000               8308595              45323530           0           0       0.000       0.000      82.722        8330959450    825      0     27          43    825
     GPU 0  1.000  0.000  0.000  0.000  0.001  0.000  0.000  0.000               2043278                904480           0           0       0.000       0.000      82.722        8330959450    825      0     27          43    825

# Entity  GRACT  SMACT  SMOCC  TENSO  DRAMA  FP64A  FP32A  FP16A                 PCITX                 PCIRX       GPUTL       MCUTL       MUSAM       GUSAM       POWER             TOTEC  SACLK  PSTAT  TMPTR       MMTMP  SMCLK
      Id                                                                                                                                                               W                mJ                    C           C       
     GPU 0  1.000  0.940  0.744  0.000  0.001  0.000  0.598  0.000               5934686               2565389           0           0       0.000       0.000     145.498        8330959450    825      0     28          43    825
     GPU 0  1.000  0.940  0.744  0.000  0.001  0.000  0.598  0.000               5934686               2565389          36           0       0.000      36.000     145.498        8330970110    825      0     28          43    825
     GPU 0  1.000  0.000  0.000  0.000  0.001  0.000  0.000  0.000              15756967               9255021          36           0       0.000      36.000     145.498        8330970110    825      0     29          43    825
     GPU 0  1.000  0.941  0.759  0.000  0.001  0.000  0.622  0.000              11669795               8496746          36           0       0.000      36.000     145.498        8330970110    825      0     29          43    825
     GPU 0  1.000  0.940  0.752  0.000  0.001  0.000  0.622  0.000              10226239               7860828          36           0       0.000      36.000     145.498        8330970110    825      0     30          43    825
     GPU 0  1.000  0.000  0.000  0.000  0.001  0.000  0.000  0.000               4544856               3258693          36           0       0.000      36.000     147.931        8330985125    825      0     30          43    825
     GPU 0  1.000  0.931  0.732  0.000  0.001  0.000  0.611  0.000               8409597               5801905          36           0       0.000      36.000     147.931        8330985125    825      0     30          43    825
     GPU 0  1.000  0.934  0.736  0.000  0.001  0.000  0.613  0.000               7811829               6307545          36           0       0.000      36.000     147.931        8330985125    825      0     30          43    825
     GPU 0  1.000  0.934  0.736  0.000  0.001  0.000  0.613  0.000               7811829               6307545          36           0       0.000      36.000     147.931        8330985125    825      0     30          43    825
     GPU 0  1.000  0.000  0.000  0.000  0.001  0.000  0.000  0.000               4728063               3944358          36           0       0.000      36.000     147.931        8330985125    825      0     30          43    825
     GPU 0  1.000  0.940  0.755  0.000  0.001  0.000  0.623  0.000               9529360               7132687          36           0       0.000      36.000     147.931        8330985125    825      0     30          44    825
     GPU 0  1.000  0.000  0.000  0.000  0.001  0.000  0.000  0.000               1171658               1087968         100           0       0.000      99.000     147.931        8331000088    825      0     30          43    825
     GPU 0  1.000  0.943  0.756  0.000  0.001  0.000  0.624  0.000              10108711               7460895         100           0       0.000      99.000     147.931        8331000088    825      0     30          43    825
     GPU 0  1.000  0.926  0.692  0.000  0.001  0.000  0.601  0.000               3383688               1160023         100           0       0.000      99.000     147.931        8331000088    825      0     30          43    825

# Entity  GRACT  SMACT  SMOCC  TENSO  DRAMA  FP64A  FP32A  FP16A                 PCITX                 PCIRX       GPUTL       MCUTL       MUSAM       GUSAM       POWER             TOTEC  SACLK  PSTAT  TMPTR       MMTMP  SMCLK
      Id                                                                                                                                                               W                mJ                    C           C       
     GPU 0  1.000  0.926  0.692  0.000  0.001  0.000  0.601  0.000               3383688               1160023         100           0       0.000      99.000     147.931        8331000088    825      0     30          44    825
     GPU 0  1.000  0.000  0.000  0.000  0.001  0.000  0.000  0.000               3371807                776335         100           0       0.000      99.000     148.705        8331015120    825      0     31          43    825
     GPU 0  1.000  0.942  0.754  0.000  0.001  0.000  0.624  0.000               3103016               1433672         100           0       0.000      99.000     148.705        8331015120    825      0     31          44    825
     GPU 0  1.000  0.925  0.723  0.000  0.001  0.000  0.604  0.000               4417750               2659411         100           0       0.000      99.000     148.705        8331015120    825      0     31          44    825
     GPU 0  1.000  0.000  0.000  0.000  0.001  0.000  0.000  0.000               6361531               4367384         100           0       0.000      99.000     148.705        8331015120    825      0     31          44    825
     GPU 0  1.000  0.951  0.774  0.000  0.001  0.000  0.630  0.000               8747500               5952928         100           0       0.000      99.000     148.705        8331015120    825      0     31          44    825
     GPU 0  1.000  0.951  0.774  0.000  0.001  0.000  0.630  0.000               8747500               5952928         100           0       0.000      99.000     148.705        8331015120    825      0     31          44    825
     GPU 0  1.000  0.943  0.754  0.000  0.001  0.000  0.623  0.000               9999143               7394152         100           0       0.000      99.000     149.002        8331030221    825      0     31          44    825
     GPU 0  1.000  0.000  0.000  0.000  0.001  0.000  0.000  0.000              10356678               7475711         100           0       0.000      99.000     149.002        8331030221    825      0     31          44    825
     GPU 0  1.000  0.949  0.769  0.000  0.001  0.000  0.625  0.000               8665423               6530659         100           0       0.000      99.000     149.002        8331030221    825      0     31          44    825
     GPU 0  1.000  0.949  0.769  0.000  0.001  0.000  0.625  0.000               8665423               6530659         100           0       0.000      99.000     149.002        8331030221    825      0     31          44    825
     GPU 0  1.000  0.955  0.765  0.000  0.001  0.000  0.611  0.000               6583397               4614928         100           0       0.000      99.000     149.002        8331045170    825      0     31          44    825
     GPU 0  1.000  0.000  0.000  0.000  0.001  0.000  0.000  0.000               8595494               6582729         100           0       0.000      99.000     149.534        8331045170    825      0     31          44    825
     GPU 0  1.000  0.942  0.757  0.000  0.001  0.000  0.623  0.000               4663190               2688888         100           0       0.000      99.000     149.534        8331045170    825      0     31          43    825

# Entity  GRACT  SMACT  SMOCC  TENSO  DRAMA  FP64A  FP32A  FP16A                 PCITX                 PCIRX       GPUTL       MCUTL       MUSAM       GUSAM       POWER             TOTEC  SACLK  PSTAT  TMPTR       MMTMP  SMCLK
      Id                                                                                                                                                               W                mJ                    C           C       
     GPU 0  1.000  0.943  0.785  0.000  0.001  0.000  0.629  0.000               6402857               4422309         100           0       0.000      99.000     149.534        8331045170    825      0     31          44    825
     GPU 0  1.000  0.943  0.785  0.000  0.001  0.000  0.629  0.000               6402857               4422309         100           0       0.000      99.000     149.534        8331045170    825      0     31          44    825
     GPU 0  1.000  0.000  0.000  0.000  0.001  0.000  0.000  0.000               8687113               6113427         100           0       0.000      99.000     149.534        8331060228    825      0     31          44    825
     GPU 0  1.000  0.938  0.753  0.000  0.001  0.000  0.621  0.000              10267838               6150697         100           0       0.000      99.000     149.534        8331060228    825      0     31          44    825
     GPU 0  1.000  0.946  0.761  0.000  0.001  0.000  0.627  0.000               3259070               3216261         100           0       0.000      99.000     149.534        8331060228    825      0     31          44    825
     GPU 0  1.000  0.946  0.761  0.000  0.001  0.000  0.627  0.000               3259070               3216261         100           0       0.000      99.000     149.534        8331060228    825      0     31          44    825
     GPU 0  1.000  0.000  0.000  0.000  0.001  0.000  0.000  0.000               9404641               7198291         100           0       0.000      99.000     149.534        8331060228    825      0     31          44    825
     GPU 0  1.000  0.929  0.738  0.000  0.001  0.000  0.612  0.000               9657124               7169852         100           0       0.000      99.000     148.173        8331075282    825      0     31          44    825
     GPU 0  1.000  0.939  0.762  0.000  0.001  0.000  0.620  0.000              10352901               7451927         100           0       0.000      99.000     148.173        8331075282    825      0     31          44    825
     GPU 0  1.000  0.000  0.000  0.000  0.001  0.000  0.000  0.000               3762160               3200611         100           0       0.000      99.000     148.173        8331075282    825      0     31          44    825
     GPU 0  1.000  0.945  0.757  0.000  0.001  0.000  0.626  0.000               3382320               1159734         100           0       0.000      99.000     148.173        8331075282    825      0     31          44    825
     GPU 0  1.000  0.918  0.659  0.000  0.001  0.000  0.595  0.000               3422801               1326732         100           0       0.000      99.000     148.173        8331075282    825      0     32          44    825
     GPU 0  1.000  0.918  0.659  0.000  0.001  0.000  0.595  0.000               3422801               1326732         100           0       0.000      99.000     148.705        8331075282    825      0     32          44    825
     GPU 0  1.000  0.000  0.000  0.000  0.001  0.000  0.000  0.000               6097246               3025874         100           0       0.000      99.000     148.705        8331090552    825      0     32          44    825

# Entity  GRACT  SMACT  SMOCC  TENSO  DRAMA  FP64A  FP32A  FP16A                 PCITX                 PCIRX       GPUTL       MCUTL       MUSAM       GUSAM       POWER             TOTEC  SACLK  PSTAT  TMPTR       MMTMP  SMCLK
      Id                                                                                                                                                               W                mJ                    C           C       
     GPU 0  1.000  0.942  0.752  0.000  0.001  0.000  0.625  0.000               8370596               5120295         100           0       0.000      99.000     148.705        8331090552    825      0     32          44    825
     GPU 0  1.000  0.941  0.744  0.000  0.001  0.000  0.622  0.000               8302786               5716662         100           0       0.000      99.000     148.705        8331090552    825      0     32          44    825
     GPU 0  1.000  0.941  0.744  0.000  0.001  0.000  0.622  0.000               8302786               5716662         100           0       0.000      99.000     148.705        8331090552    825      0     32          44    825
     GPU 0  1.000  0.000  0.000  0.000  0.001  0.000  0.000  0.000               4271532               4020121         100           0       0.000      99.000     148.705        8331105408    825      0     32          44    825
     GPU 0  1.000  0.941  0.754  0.000  0.001  0.000  0.623  0.000               8058639               5691171         100           0       0.000      99.000     148.705        8331105408    825      0     32          44    825
     GPU 0  1.000  0.940  0.744  0.000  0.001  0.000  0.622  0.000               7840705               6163924         100           0       0.000      99.000     148.705        8331105408    825      0     32          44    825
     GPU 0  1.000  0.000  0.000  0.000  0.001  0.000  0.000  0.000               4344727               3885447         100           0       0.000      99.000     148.705        8331105408    825      0     32          44    825
     GPU 0  1.000  0.942  0.753  0.000  0.001  0.000  0.624  0.000               3367133               1113843         100           0       0.000      99.000     148.705        8331105408    825      0     32          44    825
     GPU 0  1.000  0.942  0.753  0.000  0.001  0.000  0.624  0.000               3367133               1113843         100           0       0.000      99.000     148.705        8331105408    825      0     32          44    825
     GPU 0  1.000  1.000  0.795  0.000  0.001  0.000  0.680  0.000               5522383               2273302         100           0       0.000      99.000     148.705        8331120486    825      0     32          44    825
     GPU 0  1.000  0.000  0.000  0.000  0.001  0.000  0.000  0.000               6596861               3934957         100           0       0.000      99.000     148.705        8331120486    825      0     32          44    825
     GPU 0  1.000  0.950  0.751  0.000  0.001  0.000  0.628  0.000               6471080               4349795         100           0       0.000      99.000     148.705        8331120486    825      0     32          44    825
     GPU 0  1.000  0.945  0.742  0.000  0.001  0.000  0.623  0.000               8942087               6427497         100           0       0.000      99.000     148.705        8331120486    825      0     32          44    825
     GPU 0  1.000  0.945  0.742  0.000  0.001  0.000  0.623  0.000               8942087               6427497         100           0       0.000      99.000     148.705        8331135418    825      0     32          44    825

# Entity  GRACT  SMACT  SMOCC  TENSO  DRAMA  FP64A  FP32A  FP16A                 PCITX                 PCIRX       GPUTL       MCUTL       MUSAM       GUSAM       POWER             TOTEC  SACLK  PSTAT  TMPTR       MMTMP  SMCLK
      Id                                                                                                                                                               W                mJ                    C           C       
     GPU 0  1.000  0.000  0.000  0.000  0.001  0.000  0.000  0.000               5826405               4861026         100           0       0.000      99.000     148.705        8331135418    825      0     32          44    825
     GPU 0  1.000  0.945  0.751  0.000  0.001  0.000  0.602  0.000               7988203               6138368         100           0       0.000      99.000     148.705        8331135418    825      0     32          44    825
     GPU 0  1.000  0.937  0.740  0.000  0.001  0.000  0.596  0.000               9582827               7342771         100           0       0.000      99.000     148.705        8331135418    825      0     32          44    825
     GPU 0  1.000  0.000  0.000  0.000  0.001  0.000  0.000  0.000               8284887               6003620         100           0       0.000      99.000     148.705        8331135418    825      0     32          44    825
     GPU 0  1.000  0.947  0.754  0.000  0.001  0.000  0.599  0.000               1255551               1339255         100           0       0.000      99.000     148.705        8331150447    825      0     32          44    825
     GPU 0  1.000  0.947  0.754  0.000  0.001  0.000  0.599  0.000               1255551               1339255         100           0       0.000      99.000     148.705        8331150447    825      0     32          44    825
     GPU 0  1.000  0.000  0.000  0.000  0.001  0.000  0.000  0.000               8516949               5886668         100           0       0.000      99.000     148.705        8331150447    825      0     32          44    825
     GPU 0  1.000  0.947  0.760  0.000  0.001  0.000  0.626  0.000               7001953               5911813         100           0       0.000      99.000     148.705        8331150447    825      0     32          44    825
     GPU 0  1.000  0.999  0.794  0.000  0.001  0.000  0.678  0.000               3503490                651192         100           0       0.000      99.000     148.705        8331150447    825      0     32          44    825
     GPU 0  1.000  0.000  0.000  0.000  0.002  0.000  0.000  0.000               3139619               1114951         100           0       0.000      99.000     148.705        8331165662    825      0     32          44    825
     GPU 0  1.000  0.945  0.766  0.000  0.001  0.000  0.626  0.000               5386881               3783642         100           0       0.000      99.000     150.606        8331165662    825      0     32          44    825
     GPU 0  1.000  0.000  0.000  0.000  0.001  0.000  0.000  0.000               3379329               1391443         100           0       0.000      99.000     150.606        8331165662    825      0     32          44    825
     GPU 0  1.000  0.935  0.744  0.000  0.001  0.000  0.618  0.000               4674914               2738288         100           0       0.000      99.000     150.606        8331165662    825      0     32          44    825
     GPU 0  1.000  0.935  0.744  0.000  0.001  0.000  0.618  0.000               4674914               2738288         100           0       0.000      99.000     150.606        8331165662    825      0     32          44    825

# Entity  GRACT  SMACT  SMOCC  TENSO  DRAMA  FP64A  FP32A  FP16A                 PCITX                 PCIRX       GPUTL       MCUTL       MUSAM       GUSAM       POWER             TOTEC  SACLK  PSTAT  TMPTR       MMTMP  SMCLK
      Id                                                                                                                                                               W                mJ                    C           C       
     GPU 0  1.000  0.941  0.757  0.000  0.001  0.000  0.623  0.000               8025238               4853009         100           0       0.000      99.000     150.364        8331180864    825      0     32          44    825
     GPU 0  1.000  0.000  0.000  0.000  0.001  0.000  0.000  0.000              10022187               6162580         100           0       0.000      99.000     150.364        8331180864    825      0     32          44    825
     GPU 0  1.000  0.000  0.000  0.000  0.001  0.000  0.000  0.000              10022187               6162580         100           0       0.000      99.000     150.364        8331180864    825      0     32          44    825
     GPU 0  1.000  0.941  0.752  0.000  0.001  0.000  0.623  0.000               3218107               3176210         100           0       0.000      99.000     150.364        8331180864    825      0     32          44    825
     GPU 0  1.000  0.953  0.741  0.000  0.001  0.000  0.630  0.000               9123228               6911667         100           0       0.000      99.000     150.364        8331180864    825      0     32          44    825
     GPU 0  1.000  0.000  0.000  0.000  0.001  0.000  0.000  0.000               4259636               3968155         100           0       0.000      99.000     150.364        8331196058    825      0     32          44    825
     GPU 0  1.000  0.943  0.740  0.000  0.001  0.000  0.621  0.000               1423465                921065         100           0       0.000      99.000     150.364        8331196058    825      0     32          44    825
     GPU 0  1.000  0.000  0.000  0.000  0.001  0.000  0.000  0.000               3972356               3337103         100           0       0.000      99.000     150.364        8331196058    825      0     32          44    825
     GPU 0  1.000  0.946  0.755  0.000  0.001  0.000  0.599  0.000               3463626               1451591         100           0       0.000      99.000     150.364        8331196058    825      0     32          44    825
     GPU 0  1.000  1.000  0.848  0.000  0.001  0.000  0.691  0.000               3148161                693404         100           0       0.000      99.000     150.364        8331196058    825      0     32          44    825
     GPU 0  1.000  1.000  0.848  0.000  0.001  0.000  0.691  0.000               3148161                693404         100           0       0.000      99.000     151.186        8331196058    825      0     32          44    825
     GPU 0  1.000  0.000  0.000  0.000  0.001  0.000  0.000  0.000               6481806               3147295         100           0       0.000      99.000     151.186        8331211503    825      0     32          44    825
     GPU 0  1.000  0.945  0.762  0.000  0.001  0.000  0.608  0.000               8470850               5335179         100           0       0.000      99.000     151.186        8331211503    825      0     32          44    825
     GPU 0  1.000  0.954  0.780  0.000  0.001  0.000  0.633  0.000               7780654               5441421         100           0       0.000      99.000     151.186        8331211503    825      0     32          44    825

# Entity  GRACT  SMACT  SMOCC  TENSO  DRAMA  FP64A  FP32A  FP16A                 PCITX                 PCIRX       GPUTL       MCUTL       MUSAM       GUSAM       POWER             TOTEC  SACLK  PSTAT  TMPTR       MMTMP  SMCLK
      Id                                                                                                                                                               W                mJ                    C           C       
     GPU 0  1.000  0.954  0.780  0.000  0.001  0.000  0.633  0.000               7780654               5441421         100           0       0.000      99.000     151.186        8331211503    825      0     32          44    825
     GPU 0  1.000  0.000  0.000  0.000  0.001  0.000  0.000  0.000               4713821               3945462         100           0       0.000      99.000     150.896        8331226534    825      0     32          44    825
     GPU 0  1.000  0.953  0.750  0.000  0.001  0.000  0.631  0.000               3095849               1193475         100           0       0.000      99.000     150.896        8331226534    825      0     32          44    825
     GPU 0  1.000  0.957  0.700  0.000  0.001  0.000  0.628  0.000               3146783                460048         100           0       0.000      99.000     150.896        8331226534    825      0     32          44    825
     GPU 0  1.000  0.000  0.000  0.000  0.001  0.000  0.000  0.000               4596781               2555459         100           0       0.000      99.000     150.896        8331226534    825      0     32          44    825
     GPU 0  1.000  0.000  0.000  0.000  0.001  0.000  0.000  0.000               4596781               2555459         100           0       0.000      99.000     150.896        8331226534    825      0     32          44    825
     GPU 0  1.000  0.941  0.759  0.000  0.001  0.000  0.624  0.000               6575008               4139712         100           0       0.000      99.000     150.364        8331226534    825      0     32          44    825
     GPU 0  1.000  0.943  0.760  0.000  0.001  0.000  0.625  0.000               9182578               5351683         100           0       0.000      99.000     150.364        8331241884    825      0     32          44    825
     GPU 0  1.000  0.943  0.760  0.000  0.001  0.000  0.625  0.000               9182578               5351683         100           0       0.000      99.000     150.364        8331241884    825      0     32          44    825
     GPU 0  1.000  0.000  0.000  0.000  0.001  0.000  0.000  0.000               4781245               3674915         100           0       0.000      99.000     150.364        8331241884    825      0     32          44    825
     GPU 0  1.000  0.943  0.756  0.000  0.001  0.000  0.624  0.000               2602270               2104560         100           0       0.000      99.000     150.364        8331241884    825      0     32          44    825
     GPU 0  1.000  0.931  0.711  0.000  0.001  0.000  0.602  0.000               3494483               1155892         100           0       0.000      99.000     150.896        8331256952    825      0     33          44    825
     GPU 0  1.000  0.000  0.000  0.000  0.001  0.000  0.000  0.000               5357791               2919623         100           0       0.000      99.000     150.896        8331256952    825      0     33          44    825
     GPU 0  1.000  0.950  0.760  0.000  0.001  0.000  0.628  0.000               6058587               4042078         100           0       0.000      99.000     150.896        8331256952    825      0     33          44    825

# Entity  GRACT  SMACT  SMOCC  TENSO  DRAMA  FP64A  FP32A  FP16A                 PCITX                 PCIRX       GPUTL       MCUTL       MUSAM       GUSAM       POWER             TOTEC  SACLK  PSTAT  TMPTR       MMTMP  SMCLK
      Id                                                                                                                                                               W                mJ                    C           C       
     GPU 0  1.000  0.950  0.760  0.000  0.001  0.000  0.628  0.000               6058587               4042078         100           0       0.000      99.000     150.896        8331256952    825      0     33          44    825
     GPU 0  1.000  0.939  0.730  0.000  0.001  0.000  0.612  0.000               8422914               5921785         100           0       0.000      99.000     150.896        8331256952    825      0     33          44    825
     GPU 0  1.000  0.000  0.000  0.000  0.001  0.000  0.000  0.000               5701928               4324261         100           0       0.000      99.000     150.896        8331256952    825      0     33          44    825
     GPU 0  1.000  0.000  0.000  0.000  0.001  0.000  0.000  0.000               5701928               4324261         100           0       0.000      99.000     150.896        8331272307    825      0     33          44    825
     GPU 0  1.000  0.945  0.747  0.000  0.001  0.000  0.625  0.000               3440019                859964         100           0       0.000      99.000     150.896        8331272307    825      0     33          44    825
     GPU 0  1.000  0.940  0.751  0.000  0.001  0.000  0.623  0.000               5094348               3218540         100           0       0.000      99.000     150.896        8331272307    825      0     33          44    825
     GPU 0  1.000  0.000  0.000  0.000  0.001  0.000  0.000  0.000               6511072               4574616         100           0       0.000      99.000     150.896        8331272307    825      0     33          44    825
     GPU 0  1.000  0.940  0.757  0.000  0.001  0.000  0.623  0.000               9489260               7001758         100           0       0.000      99.000     150.896        8331287396    825      0     33          44    825
     GPU 0  1.000  0.940  0.757  0.000  0.001  0.000  0.623  0.000               9489260               7001758         100           0       0.000      99.000     150.896        8331287396    825      0     33          44    825
     GPU 0  1.000  0.944  0.767  0.000  0.001  0.000  0.627  0.000               5536533               4764543         100           0       0.000      99.000     150.896        8331287396    825      0     33          44    825
     GPU 0  1.000  0.000  0.000  0.000  0.001  0.000  0.000  0.000               3996431               3705029         100           0       0.000      99.000     150.896        8331287396    825      0     33          44    825
     GPU 0  1.000  0.942  0.763  0.000  0.001  0.000  0.625  0.000               6452952               5080863         100           0       0.000      99.000     150.896        8331287396    825      0     33          44    825
     GPU 0  1.000  0.942  0.763  0.000  0.001  0.000  0.625  0.000               6452952               5080863         100           0       0.000      99.000     151.186        8331287396    825      0     33          44    825
     GPU 0  1.000  0.903  0.726  0.000  0.001  0.000  0.586  0.000               5054177               3074808         100           0       0.000      99.000     151.186        8331302782    825      0     33          44    825

# Entity  GRACT  SMACT  SMOCC  TENSO  DRAMA  FP64A  FP32A  FP16A                 PCITX                 PCIRX       GPUTL       MCUTL       MUSAM       GUSAM       POWER             TOTEC  SACLK  PSTAT  TMPTR       MMTMP  SMCLK
      Id                                                                                                                                                               W                mJ                    C           C       
     GPU 0  1.000  0.000  0.000  0.000  0.001  0.000  0.000  0.000               6285241               2766013         100           0       0.000      99.000     151.186        8331302782    825      0     33          44    825
     GPU 0  1.000  0.933  0.726  0.000  0.001  0.000  0.612  0.000               6027554               4286513         100           0       0.000      99.000     151.186        8331302782    825      0     33          44    825
     GPU 0  1.000  0.951  0.775  0.000  0.001  0.000  0.633  0.000               5918379               4731473         100           0       0.000      99.000     151.186        8331302782    825      0     33          44    825
     GPU 0  1.000  0.000  0.000  0.000  0.001  0.000  0.000  0.000               7941712               6250385         100           0       0.000      99.000     151.186        8331317799    825      0     33          44    825
     GPU 0  1.000  0.000  0.000  0.000  0.001  0.000  0.000  0.000               7941712               6250385         100           0       0.000      99.000     151.186        8331317799    825      0     33          44    825
     GPU 0  1.000  0.936  0.741  0.000  0.001  0.000  0.619  0.000               6324484               4565555         100           0       0.000      99.000     151.186        8331317799    825      0     33          44    825
     GPU 0  1.000  0.944  0.757  0.000  0.001  0.000  0.625  0.000               8289535               6166876         100           0       0.000      99.000     151.186        8331317799    825      0     33          44    825
     GPU 0  1.000  0.000  0.000  0.000  0.001  0.000  0.000  0.000               6749782               5214753         100           0       0.000      99.000     151.186        8331317799    825      0     33          44    825
     GPU 0  1.000  0.945  0.757  0.000  0.001  0.000  0.625  0.000               1088218                837091         100           0       0.000      99.000     150.364        8331317799    825      0     33          44    825
     GPU 0  1.000  0.000  0.000  0.000  0.001  0.000  0.000  0.000               8437714               6096500         100           0       0.000      99.000     150.364        8331333239    825      0     33          44    825
     GPU 0  1.000  0.000  0.000  0.000  0.001  0.000  0.000  0.000               8437714               6096500         100           0       0.000      99.000     150.364        8331333239    825      0     33          44    825
     GPU 0  1.000  0.946  0.755  0.000  0.001  0.000  0.600  0.000               3415978               1366758         100           0       0.000      99.000     150.364        8331333239    825      0     33          44    825
     GPU 0  1.000  0.944  0.684  0.000  0.001  0.000  0.614  0.000               3379229               1158613         100           0       0.000      99.000     150.364        8331333239    825      0     33          44    825
     GPU 0  1.000  0.000  0.000  0.000  0.001  0.000  0.000  0.000               4293964               2326914         100           0       0.000      99.000     150.606        8331348369    825      0     33          44    825

# Entity  GRACT  SMACT  SMOCC  TENSO  DRAMA  FP64A  FP32A  FP16A                 PCITX                 PCIRX       GPUTL       MCUTL       MUSAM       GUSAM       POWER             TOTEC  SACLK  PSTAT  TMPTR       MMTMP  SMCLK
      Id                                                                                                                                                               W                mJ                    C           C       
     GPU 0  1.000  0.943  0.743  0.000  0.001  0.000  0.599  0.000               5179434               3864270         100           0       0.000      99.000     150.606        8331348369    825      0     33          44    825
     GPU 0  1.000  0.947  0.752  0.000  0.001  0.000  0.620  0.000               6896649               5524598         100           0       0.000      99.000     150.606        8331348369    825      0     33          44    825
     GPU 0  1.000  0.947  0.752  0.000  0.001  0.000  0.620  0.000               6896649               5524598         100           0       0.000      99.000     150.606        8331348369    825      0     33          44    825
     GPU 0  1.000  0.000  0.000  0.000  0.001  0.000  0.000  0.000               6451708               5320595         100           0       0.000      99.000     150.606        8331348369    825      0     33          44    825
     GPU 0  1.000  0.945  0.757  0.000  0.001  0.000  0.625  0.000               6693865               5263064         100           0       0.000      99.000     150.606        8331348369    825      0     33          44    825
     GPU 0  1.000  0.000  0.000  0.000  0.001  0.000  0.000  0.000               1250416               1333777         100           0       0.000      99.000     150.896        8331363994    825      0     33          44    825
     GPU 0  1.000  0.948  0.755  0.000  0.001  0.000  0.630  0.000               9927248               6625858         100           0       0.000      99.000     150.896        8331363994    825      0     33          44    825
     GPU 0  1.000  0.948  0.755  0.000  0.001  0.000  0.630  0.000               9927248               6625858         100           0       0.000      99.000     150.896        8331363994    825      0     33          44    825
     GPU 0  1.000  1.000  0.875  0.000  0.001  0.000  0.693  0.000               3101240                650882         100           0       0.000      99.000     150.896        8331363994    825      0     33          44    825
     GPU 0  1.000  0.000  0.000  0.000  0.001  0.000  0.000  0.000               3503475               1325415         100           0       0.000      99.000     151.435        8331378893    825      0     33          44    825
     GPU 0  1.000  0.942  0.731  0.000  0.001  0.000  0.620  0.000               4287038               2607232         100           0       0.000      99.000     151.435        8331378893    825      0     33          44    825
     GPU 0  1.000  0.954  0.776  0.000  0.001  0.000  0.634  0.000               6160443               4065615         100           0       0.000      99.000     151.435        8331378893    825      0     33          44    825
     GPU 0  1.000  0.954  0.776  0.000  0.001  0.000  0.634  0.000               6160443               4065615         100           0       0.000      99.000     151.435        8331378893    825      0     33          44    825
     GPU 0  1.000  0.000  0.000  0.000  0.001  0.000  0.000  0.000               9420728               6835999         100           0       0.000      99.000     151.435        8331378893    825      0     33          44    825

# Entity  GRACT  SMACT  SMOCC  TENSO  DRAMA  FP64A  FP32A  FP16A                 PCITX                 PCIRX       GPUTL       MCUTL       MUSAM       GUSAM       POWER             TOTEC  SACLK  PSTAT  TMPTR       MMTMP  SMCLK
      Id                                                                                                                                                               W                mJ                    C           C       
     GPU 0  1.000  0.938  0.737  0.000  0.001  0.000  0.618  0.000               7189692               6061628         100           0       0.000      99.000     151.435        8331378893    825      0     33          44    825
     GPU 0  1.000  0.937  0.729  0.000  0.001  0.000  0.597  0.000               9453253               6018932         100           0       0.000      99.000     150.896        8331394147    825      0     33          44    825
     GPU 0  1.000  0.000  0.000  0.000  0.001  0.000  0.000  0.000               1171431                920410         100           0       0.000      99.000     150.896        8331394147    825      0     33          44    825
     GPU 0  1.000  0.000  0.000  0.000  0.001  0.000  0.000  0.000               1171431                920410         100           0       0.000      99.000     150.896        8331394147    825      0     33          44    825
     GPU 0  1.000  0.949  0.766  0.000  0.001  0.000  0.630  0.000               6286538               5136225         100           0       0.000      99.000     150.896        8331394147    825      0     33          44    825
     GPU 0  1.000  0.000  0.000  0.000  0.001  0.000  0.000  0.000               8820171               6792692         100           0       0.000      99.000     150.896        8331394147    825      0     33          44    825
     GPU 0  1.000  0.936  0.734  0.000  0.001  0.000  0.614  0.000               9739675               6521224         100           0       0.000      99.000     150.896        8331409351    825      0     33          44    825
     GPU 0  1.000  0.944  0.777  0.000  0.001  0.000  0.628  0.000               7514698               5871846         100           0       0.000      99.000     150.896        8331409351    825      0     33          44    825
     GPU 0  1.000  0.944  0.777  0.000  0.001  0.000  0.628  0.000               7514698               5871846         100           0       0.000      99.000     150.896        8331409351    825      0     33          44    825
     GPU 0  1.000  0.000  0.000  0.000  0.001  0.000  0.000  0.000               4008577               3531003         100           0       0.000      99.000     150.896        8331409351    825      0     33          44    825
     GPU 0  1.000  0.951  0.774  0.000  0.001  0.000  0.632  0.000               6050486               3887891         100           0       0.000      99.000     151.186        8331424560    825      0     33          44    825
     GPU 0  1.000  0.912  0.653  0.000  0.001  0.000  0.589  0.000               8615972               5053952         100           0       0.000      99.000     151.186        8331424560    825      0     33          44    825
     GPU 0  1.000  0.000  0.000  0.000  0.001  0.000  0.000  0.000               9634334               6651620         100           0       0.000      99.000     151.186        8331424560    825      0     33          44    825
     GPU 0  1.000  0.000  0.000  0.000  0.001  0.000  0.000  0.000               9634334               6651620         100           0       0.000      99.000     151.186        8331424560    825      0     33          44    825

# Entity  GRACT  SMACT  SMOCC  TENSO  DRAMA  FP64A  FP32A  FP16A                 PCITX                 PCIRX       GPUTL       MCUTL       MUSAM       GUSAM       POWER             TOTEC  SACLK  PSTAT  TMPTR       MMTMP  SMCLK
      Id                                                                                                                                                               W                mJ                    C           C       
     GPU 0  1.000  0.941  0.755  0.000  0.001  0.000  0.623  0.000               3133833               2923727         100           0       0.000      99.000     151.186        8331424560    825      0     33          44    825
     GPU 0  1.000  0.932  0.758  0.000  0.001  0.000  0.616  0.000               4809256               4500333         100           0       0.000      99.000     151.186        8331424560    825      0     33          44    825
     GPU 0  1.000  0.000  0.000  0.000  0.001  0.000  0.000  0.000               1254692               1171045         100           0       0.000      99.000     150.896        8331439819    825      0     33          44    825
     GPU 0  1.000  0.955  0.737  0.000  0.001  0.000  0.624  0.000               5531741               3174624         100           0       0.000      99.000     150.896        8331439819    825      0     33          44    825
     GPU 0  1.000  0.000  0.000  0.000  0.001  0.000  0.000  0.000               3381036               1201311         100           0       0.000      99.000     150.896        8331439819    825      0     33          44    825
     GPU 0  1.000  0.000  0.000  0.000  0.001  0.000  0.000  0.000               3381036               1201311         100           0       0.000      99.000     150.896        8331439819    825      0     33          44    825
     GPU 0  1.000  0.950  0.753  0.000  0.001  0.000  0.606  0.000               5876382               2864012         100           0       0.000      99.000     150.606        8331455040    825      0     33          44    825
     GPU 0  1.000  0.941  0.685  0.000  0.001  0.000  0.615  0.000               7990951               3381336         100           0       0.000      99.000     150.606        8331455040    825      0     33          44    825
     GPU 0  1.000  0.000  0.000  0.000  0.001  0.000  0.000  0.000               7692924               4861201         100           0       0.000      99.000     150.606        8331455040    825      0     33          44    825
     GPU 0  1.000  0.942  0.755  0.000  0.001  0.000  0.598  0.000               9337188               7179360         100           0       0.000      99.000     150.606        8331455040    825      0     33          44    825
     GPU 0  1.000  0.942  0.755  0.000  0.001  0.000  0.598  0.000               9337188               7179360         100           0       0.000      99.000     150.606        8331455040    825      0     33          44    825
     GPU 0  1.000  0.954  0.766  0.000  0.001  0.000  0.633  0.000               5248596               4337310         100           0       0.000      99.000     150.606        8331455040    825      0     33          44    825
     GPU 0  1.000  0.000  0.000  0.000  0.001  0.000  0.000  0.000               5614190               4799609         100           0       0.000      99.000     151.186        8331470280    825      0     33          44    825
     GPU 0  1.000  0.944  0.759  0.000  0.001  0.000  0.625  0.000               3377288               1074608         100           0       0.000      99.000     151.186        8331470280    825      0     33          44    825

# Entity  GRACT  SMACT  SMOCC  TENSO  DRAMA  FP64A  FP32A  FP16A                 PCITX                 PCIRX       GPUTL       MCUTL       MUSAM       GUSAM       POWER             TOTEC  SACLK  PSTAT  TMPTR       MMTMP  SMCLK
      Id                                                                                                                                                               W                mJ                    C           C       
     GPU 0  1.000  0.944  0.759  0.000  0.001  0.000  0.625  0.000               3377288               1074608         100           0       0.000      99.000     151.186        8331470280    825      0     33          44    825
     GPU 0  1.000  0.955  0.800  0.000  0.001  0.000  0.641  0.000               4066743               2435085         100           0       0.000      99.000     151.186        8331470280    825      0     33          44    825
     GPU 0  1.000  0.000  0.000  0.000  0.001  0.000  0.000  0.000               6601951               4271973         100           0       0.000      99.000     150.364        8331470280    825      0     33          44    825
     GPU 0  1.000  0.953  0.768  0.000  0.001  0.000  0.634  0.000               9232792               5275395         100           0       0.000      99.000     150.364        8331485711    825      0     33          45    825
     GPU 0  1.000  0.953  0.768  0.000  0.001  0.000  0.634  0.000               9232792               5275395         100           0       0.000      99.000     150.364        8331485711    825      0     33          44    825
     GPU 0  1.000  0.946  0.731  0.000  0.001  0.000  0.622  0.000               8938372               6171059         100           0       0.000      99.000     150.364        8331485711    825      0     33          44    825
     GPU 0  1.000  0.000  0.000  0.000  0.001  0.000  0.000  0.000               4233125               4233125         100           0       0.000      99.000     150.364        8331485711    825      0     33          44    825
     GPU 0  1.000  0.939  0.752  0.000  0.001  0.000  0.622  0.000               3504432               1116776         100           0       0.000      99.000     150.364        8331500724    825      0     33          44    825
     GPU 0  1.000  0.940  0.678  0.000  0.001  0.000  0.609  0.000               3504191               1200354         100           0       0.000      99.000     150.364        8331500724    825      0     33          44    825
     GPU 0  1.000  0.000  0.000  0.000  0.001  0.000  0.000  0.000               6411701               4192580         100           0       0.000      99.000     150.364        8331500724    825      0     33          44    825
     GPU 0  1.000  0.000  0.000  0.000  0.001  0.000  0.000  0.000               6411701               4192580         100           0       0.000      99.000     150.364        8331500724    825      0     33          44    825
     GPU 0  1.000  0.945  0.760  0.000  0.001  0.000  0.626  0.000               8253680               5808224         100           0       0.000      99.000     150.364        8331500724    825      0     33          44    825
     GPU 0  1.000  0.943  0.763  0.000  0.001  0.000  0.623  0.000               5692576               4602796         100           0       0.000      99.000     150.364        8331500724    825      0     33          44    825
     GPU 0  1.000  0.000  0.000  0.000  0.001  0.000  0.000  0.000               1170715                836225         100           0       0.000      99.000     150.066        8331516233    825      0     33          44    825

# Entity  GRACT  SMACT  SMOCC  TENSO  DRAMA  FP64A  FP32A  FP16A                 PCITX                 PCIRX       GPUTL       MCUTL       MUSAM       GUSAM       POWER             TOTEC  SACLK  PSTAT  TMPTR       MMTMP  SMCLK
      Id                                                                                                                                                               W                mJ                    C           C       
     GPU 0  1.000  0.000  0.000  0.000  0.001  0.000  0.000  0.000               1170715                836225         100           0       0.000      99.000     150.066        8331516233    825      0     33          44    825
     GPU 0  1.000  0.933  0.749  0.000  0.001  0.000  0.614  0.000               9380724               6028443         100           0       0.000      99.000     150.066        8331516233    825      0     33          44    825
     GPU 0  1.000  0.000  0.000  0.000  0.001  0.000  0.000  0.000               3603216               1156570         100           0       0.000      99.000     150.066        8331516233    825      0     33          44    825
     GPU 0  1.000  0.948  0.747  0.000  0.001  0.000  0.627  0.000               3501379               1115941         100           0       0.000      99.000     150.896        8331531231    825      0     33          44    825
     GPU 0  1.000  0.956  0.809  0.000  0.001  0.000  0.642  0.000               4389602               2490094         100           0       0.000      99.000     150.896        8331531231    825      0     33          44    825
     GPU 0  1.000  0.000  0.000  0.000  0.001  0.000  0.000  0.000               5877653               4106666         100           0       0.000      99.000     150.896        8331531231    825      0     33          44    825
     GPU 0  1.000  0.000  0.000  0.000  0.001  0.000  0.000  0.000               5877653               4106666         100           0       0.000      99.000     150.896        8331531231    825      0     33          45    825
     GPU 0  1.000  0.950  0.770  0.000  0.001  0.000  0.630  0.000               9777040               7055652         100           0       0.000      99.000     150.896        8331531231    825      0     33          44    825
     GPU 0  1.000  0.944  0.760  0.000  0.001  0.000  0.626  0.000               3295108               3128989         100           0       0.000      99.000     150.896        8331531231    825      0     33          45    825
     GPU 0  1.000  0.000  0.000  0.000  0.001  0.000  0.000  0.000               1251518               1251518         100           0       0.000      99.000     151.435        8331546499    825      0     33          44    825
     GPU 0  1.000  0.000  0.000  0.000  0.001  0.000  0.000  0.000               1251518               1251518         100           0       0.000      99.000     151.435        8331546499    825      0     33          44    825
     GPU 0  1.000  0.946  0.759  0.000  0.001  0.000  0.623  0.000               7407364               4961270         100           0       0.000      99.000     151.435        8331546499    825      0     33          44    825
     GPU 0  1.000  0.000  0.000  0.000  0.001  0.000  0.000  0.000               3374657               1115616         100           0       0.000      99.000     151.435        8331546499    825      0     33          45    825
     GPU 0  1.000  0.937  0.735  0.000  0.001  0.000  0.592  0.000               3535693               1281342         100           0       0.000      99.000     151.435        8331561757    825      0     33          45    825

# Entity  GRACT  SMACT  SMOCC  TENSO  DRAMA  FP64A  FP32A  FP16A                 PCITX                 PCIRX       GPUTL       MCUTL       MUSAM       GUSAM       POWER             TOTEC  SACLK  PSTAT  TMPTR       MMTMP  SMCLK
      Id                                                                                                                                                               W                mJ                    C           C       
     GPU 0  1.000  0.949  0.772  0.000  0.001  0.000  0.615  0.000               5180953               2975354         100           0       0.000      99.000     151.435        8331561757    825      0     33          44    825
     GPU 0  1.000  0.000  0.000  0.000  0.001  0.000  0.000  0.000               5842164               3931916         100           0       0.000      99.000     151.435        8331561757    825      0     33          45    825
     GPU 0  1.000  0.000  0.000  0.000  0.001  0.000  0.000  0.000               5842164               3931916         100           0       0.000      99.000     151.435        8331561757    825      0     33          44    825
     GPU 0  1.000  0.947  0.765  0.000  0.001  0.000  0.603  0.000               9594200               7121725         100           0       0.000      99.000     151.435        8331561757    825      0     33          44    825
     GPU 0  1.000  0.934  0.732  0.000  0.001  0.000  0.612  0.000               5556380               4161211         100           0       0.000      99.000     151.435        8331561757    825      0     33          44    825
     GPU 0  1.000  0.000  0.000  0.000  0.001  0.000  0.000  0.000              11086542               7903656         100           0       0.000      99.000     150.606        8331577140    825      0     33          45    825
     GPU 0  1.000  0.000  0.000  0.000  0.001  0.000  0.000  0.000              11086542               7903656         100           0       0.000      99.000     150.606        8331577140    825      0     33          44    825
     GPU 0  1.000  0.940  0.754  0.000  0.001  0.000  0.621  0.000              11811359               7846926         100           0       0.000      99.000     150.606        8331577140    825      0     33          44    825
     GPU 0  1.000  0.943  0.723  0.000  0.001  0.000  0.619  0.000               6598543               5045359         100           0       0.000      99.000     150.606        8331577140    825      0     33          45    825
     GPU 0  1.000  0.000  0.000  0.000  0.001  0.000  0.000  0.000               3502665                650994         100           0       0.000      99.000     150.606        8331577140    825      0     33          45    825
     GPU 0  1.000  0.938  0.753  0.000  0.001  0.000  0.620  0.000               1486351               1156051         100           0       0.000      99.000     151.435        8331592262    825      0     33          44    825
     GPU 0  1.000  0.000  0.000  0.000  0.001  0.000  0.000  0.000               3887971                819223         100           0       0.000      99.000     151.435        8331592262    825      0     33          45    825
     GPU 0  1.000  0.000  0.000  0.000  0.001  0.000  0.000  0.000               3887971                819223         100           0       0.000      99.000     151.435        8331592262    825      0     33          45    825
     GPU 0  1.000  0.942  0.758  0.000  0.001  0.000  0.621  0.000               4264724               2982857         100           0       0.000      99.000     151.435        8331592262    825      0     33          44    825

# Entity  GRACT  SMACT  SMOCC  TENSO  DRAMA  FP64A  FP32A  FP16A                 PCITX                 PCIRX       GPUTL       MCUTL       MUSAM       GUSAM       POWER             TOTEC  SACLK  PSTAT  TMPTR       MMTMP  SMCLK
      Id                                                                                                                                                               W                mJ                    C           C       
     GPU 0  1.000  0.936  0.751  0.000  0.001  0.000  0.615  0.000               5394234               4128285         100           0       0.000      99.000     150.364        8331592262    825      0     33          45    825
     GPU 0  1.000  0.936  0.751  0.000  0.001  0.000  0.615  0.000               5394234               4128285         100           0       0.000      99.000     150.364        8331607624    825      0     33          45    825
     GPU 0  1.000  0.000  0.000  0.000  0.001  0.000  0.000  0.000               8515317               5772921         100           0       0.000      99.000     150.364        8331607624    825      0     33          45    825
     GPU 0  1.000  0.942  0.739  0.000  0.001  0.000  0.599  0.000               5368251               5021148         100           0       0.000      99.000     150.364        8331607624    825      0     33          45    825
     GPU 0  1.000  0.960  0.816  0.000  0.001  0.000  0.637  0.000               3500336               2646163         100           0       0.000      99.000     150.364        8331607624    825      0     33          45    825
     GPU 0  1.000  0.000  0.000  0.000  0.001  0.000  0.000  0.000               3462834               1116572         100           0       0.000      99.000     150.364        8331607624    825      0     33          45    825
     GPU 0  1.000  0.941  0.744  0.000  0.001  0.000  0.595  0.000               3539709               1280410         100           0       0.000      99.000     151.435        8331622825    825      0     33          45    825
     GPU 0  1.000  0.941  0.744  0.000  0.001  0.000  0.595  0.000               3539709               1280410         100           0       0.000      99.000     151.435        8331622825    825      0     33          45    825
     GPU 0  1.000  0.938  0.738  0.000  0.001  0.000  0.608  0.000               4561103               2738629         100           0       0.000      99.000     151.435        8331622825    825      0     33          45    825
     GPU 0  1.000  0.000  0.000  0.000  0.001  0.000  0.000  0.000               6625239               4007534         100           0       0.000      99.000     151.435        8331622825    825      0     33          45    825
     GPU 0  0.301  0.562  0.433  0.000  0.001  0.000  0.353  0.000            1245695872               5824300         100           0       0.000      99.000     151.435        8331637117    825      0     33          44    825
     GPU 0  0.000  0.000  0.000  0.000  0.000  0.000  0.000  0.000              10866375               6513609          81           0       0.000      81.000      97.918        8331637117    825      0     32          45    825
     GPU 0  0.000  0.000  0.000  0.000  0.000  0.000  0.000  0.000              10866375               6513609          81           0       0.000      81.000      97.918        8331637117    825      0     31          45    825
     GPU 0  0.000  0.000  0.000  0.000  0.000  0.000  0.000  0.000               4985734               2627559          81           0       0.000      81.000      97.918        8331637117    825      0     31          45    825

# Entity  GRACT  SMACT  SMOCC  TENSO  DRAMA  FP64A  FP32A  FP16A                 PCITX                 PCIRX       GPUTL       MCUTL       MUSAM       GUSAM       POWER             TOTEC  SACLK  PSTAT  TMPTR       MMTMP  SMCLK
      Id                                                                                                                                                               W                mJ                    C           C       
     GPU 0  0.000  0.000  0.000  0.000  0.000  0.000  0.000  0.000               8366486               5373719          81           0       0.000      81.000      97.918        8331637117    825      0     31          45    825
     GPU 0  0.000  0.000  0.000  0.000  0.000  0.000  0.000  0.000               6961093               4990025          81           0       0.000      81.000      97.918        8331637117    825      0     31          44    825
     GPU 0  0.000  0.000  0.000  0.000  0.000  0.000  0.000  0.000               1423167                502294          81           0       0.000      81.000      84.867        8331645833    825      0     30          44    825
     GPU 0  0.000  0.000  0.000  0.000  0.000  0.000  0.000  0.000               5428083               3696152          81           0       0.000      81.000      84.867        8331645833    825      0     30          44    825
     GPU 0  0.000  0.000  0.000  0.000  0.000  0.000  0.000  0.000               5428083               3696152          81           0       0.000      81.000      84.867        8331645833    825      0     30          45    825
     GPU 0  0.000  0.000  0.000  0.000  0.000  0.000  0.000  0.000               3022880                274807          81           0       0.000      81.000      84.867        8331645833    825      0     30          44    825
     GPU 0  0.000  0.000  0.000  0.000  0.000  0.000  0.000  0.000               3249640                 41891          81           0       0.000      81.000      84.867        8331654410    825      0     30          44    825
     GPU 0  0.000  0.000  0.000  0.000  0.000  0.000  0.000  0.000               4513344               2115351          81           0       0.000      81.000      84.867        8331654410    825      0     30          44    825
     GPU 0  0.000  0.000  0.000  0.000  0.000  0.000  0.000  0.000               7864723               4758569           0           0       0.000       0.000      84.867        8331654410    825      0     30          44    825
     GPU 0  0.000  0.000  0.000  0.000  0.000  0.000  0.000  0.000               9174655               6186624           0           0       0.000       0.000      84.867        8331654410    825      0     30          44    825
     GPU 0  0.000  0.000  0.000  0.000  0.000  0.000  0.000  0.000               9174655               6186624           0           0       0.000       0.000      84.867        8331654410    825      0     30          44    825
     GPU 0  0.000  0.000  0.000  0.000  0.000  0.000  0.000  0.000               9682479               6436286           0           0       0.000       0.000      84.625        8331654410    825      0     30          45    825
     GPU 0  0.000  0.000  0.000  0.000  0.000  0.000  0.000  0.000               6074237               4032667           0           0       0.000       0.000      84.625        8331662959    825      0     30          45    825
     GPU 0  0.000  0.000  0.000  0.000  0.000  0.000  0.000  0.000               9701072               5399682           0           0       0.000       0.000      84.625        8331662959    825      0     30          44    825

# Entity  GRACT  SMACT  SMOCC  TENSO  DRAMA  FP64A  FP32A  FP16A                 PCITX                 PCIRX       GPUTL       MCUTL       MUSAM       GUSAM       POWER             TOTEC  SACLK  PSTAT  TMPTR       MMTMP  SMCLK
      Id                                                                                                                                                               W                mJ                    C           C       
     GPU 0  0.000  0.000  0.000  0.000  0.000  0.000  0.000  0.000               9701072               5399682           0           0       0.000       0.000      84.625        8331662959    825      0     29          44    825
     GPU 0  0.000  0.000  0.000  0.000  0.000  0.000  0.000  0.000               9797592               5600654           0           0       0.000       0.000      84.625        8331662959    825      0     29          44    825
     GPU 0  0.000  0.000  0.000  0.000  0.000  0.000  0.000  0.000               8279386               5337097           0           0       0.000       0.000      84.625        8331671488    825      0     29          44    825
     GPU 0  0.000  0.000  0.000  0.000  0.000  0.000  0.000  0.000              11180990               6167732           0           0       0.000       0.000      84.625        8331671488    825      0     29          44    825
     GPU 0  0.000  0.000  0.000  0.000  0.000  0.000  0.000  0.000               7061983               4069123           0           0       0.000       0.000      84.625        8331671488    825      0     29          44    825
     GPU 0  0.000  0.000  0.000  0.000  0.000  0.000  0.000  0.000               3191792                274933           0           0       0.000       0.000      84.625        8331671488    825      0     29          44    825
     GPU 0  0.000  0.000  0.000  0.000  0.000  0.000  0.000  0.000               3119494                310235           0           0       0.000       0.000      84.625        8331671488    825      0     29          44    825
     GPU 0  0.000  0.000  0.000  0.000  0.000  0.000  0.000  0.000               3119494                310235           0           0       0.000       0.000      84.625        8331671488    825      0     29          44    825
     GPU 0  0.000  0.000  0.000  0.000  0.000  0.000  0.000  0.000               4360000               1538338           0           0       0.000       0.000      84.625        8331680066    825      0     29          44    825
     GPU 0  0.000  0.000  0.000  0.000  0.000  0.000  0.000  0.000               6999161               3952467           0           0       0.000       0.000      84.625        8331680066    825      0     29          44    825
     GPU 0  0.000  0.000  0.000  0.000  0.000  0.000  0.000  0.000               6999161               3952467           0           0       0.000       0.000      84.625        8331680066    825      0     29          44    825
     GPU 0  0.000  0.000  0.000  0.000  0.000  0.000  0.000  0.000              10536668               8165027           0           0       0.000       0.000      84.625        8331680066    825      0     29          44    825
     GPU 0  0.000  0.000  0.000  0.000  0.000  0.000  0.000  0.000              10536668               8165027           0           0       0.000       0.000      84.625        8331680066    825      0     29          44    825
     GPU 0  0.000  0.000  0.000  0.000  0.000  0.000  0.000  0.000              10536668               8165027          10           0       0.000       0.000      85.158        8331688573    825      0     29          44    825

# Entity  GRACT  SMACT  SMOCC  TENSO  DRAMA  FP64A  FP32A  FP16A                 PCITX                 PCIRX       GPUTL       MCUTL       MUSAM       GUSAM       POWER             TOTEC  SACLK  PSTAT  TMPTR       MMTMP  SMCLK
      Id                                                                                                                                                               W                mJ                    C           C       
     GPU 0  0.000  0.000  0.000  0.000  0.000  0.000  0.000  0.000              16826874              10974048          10           0       0.000       0.000      85.158        8331688573    825      0     29          44    825
     GPU 0  0.000  0.000  0.000  0.000  0.000  0.000  0.000  0.000              16826874              10974048          10           0       0.000       0.000      85.158        8331688573    825      0     29          44    825
     GPU 0  0.000  0.000  0.000  0.000  0.000  0.000  0.000  0.000               7469750              17269514          10           0       0.000       0.000      85.158        8331688573    825      0     29          44    825
     GPU 0  0.000  0.000  0.000  0.000  0.000  0.000  0.000  0.000               7469750              17269514          10           0       0.000       0.000      85.158        8331688573    825      0     29          44    825
     GPU 0  0.000  0.000  0.000  0.000  0.000  0.000  0.000  0.000               9240802               7011793          10           0       0.000       0.000      84.625        8331697138    825      0     29          44    825
     GPU 0  0.000  0.000  0.000  0.000  0.000  0.000  0.000  0.000               8219411               5700851          10           0       0.000       0.000      84.625        8331697138    825      0     29          44    825
     GPU 0  0.000  0.000  0.000  0.000  0.000  0.000  0.000  0.000               1922303               4140346          10           0       0.000       0.000      84.625        8331697138    825      0     29          44    825
     GPU 0  0.000  0.000  0.000  0.000  0.000  0.000  0.000  0.000               8577988               5178251          10           0       0.000       0.000      84.625        8331697138    825      0     29          44    825
     GPU 0  0.000  0.000  0.000  0.000  0.000  0.000  0.000  0.000               8577988               5178251          10           0       0.000       0.000      84.625        8331697138    825      0     29          44    825
     GPU 0  0.000  0.000  0.000  0.000  0.000  0.000  0.000  0.000              10134164               6242554           0           0       0.000       0.000      84.625        8331705801    825      0     29          44    825
     GPU 0  0.000  0.000  0.000  0.000  0.000  0.000  0.000  0.000               3379580                209295           0           0       0.000       0.000      84.625        8331705801    825      0     29          44    825
     GPU 0  0.000  0.000  0.000  0.000  0.000  0.000  0.000  0.000               6326447               1901721           0           0       0.000       0.000      84.625        8331705801    825      0     29          44    825
     GPU 0  0.000  0.000  0.000  0.000  0.000  0.000  0.000  0.000               4088643               1721288           0           0       0.000       0.000      84.625        8331705801    825      0     29          44    825
     GPU 0  0.000  0.000  0.000  0.000  0.000  0.000  0.000  0.000               6021579               3302926           0           0       0.000       0.000      84.625        8331705801    825      0     29          44    825

# Entity  GRACT  SMACT  SMOCC  TENSO  DRAMA  FP64A  FP32A  FP16A                 PCITX                 PCIRX       GPUTL       MCUTL       MUSAM       GUSAM       POWER             TOTEC  SACLK  PSTAT  TMPTR       MMTMP  SMCLK
      Id                                                                                                                                                               W                mJ                    C           C       
     GPU 0  0.000  0.000  0.000  0.000  0.000  0.000  0.000  0.000               6021579               3302926           0           0       0.000       0.000      84.625        8331714203    825      0     29          44    825
     GPU 0  0.000  0.000  0.000  0.000  0.000  0.000  0.000  0.000               8731677               5550246           0           0       0.000       0.000      84.625        8331714203    825      0     29          44    825
     GPU 0  0.000  0.000  0.000  0.000  0.000  0.000  0.000  0.000               5136871               3713304           0           0       0.000       0.000      84.625        8331714203    825      0     29          44    825
     GPU 0  0.000  0.000  0.000  0.000  0.000  0.000  0.000  0.000               7536504               5276202           0           0       0.000       0.000      84.625        8331714203    825      0     29          44    825
     GPU 0  0.000  0.000  0.000  0.000  0.000  0.000  0.000  0.000               7536504               5276202           0           0       0.000       0.000      84.625        8331714203    825      0     29          44    825
     GPU 0  0.000  0.000  0.000  0.000  0.000  0.000  0.000  0.000               5786885               3284091           0           0       0.000       0.000      84.625        8331722718    825      0     29          44    825
     GPU 0  0.000  0.000  0.000  0.000  0.000  0.000  0.000  0.000               1674270                418567           0           0       0.000       0.000      84.625        8331722718    825      0     29          44    825
     GPU 0  0.000  0.000  0.000  0.000  0.000  0.000  0.000  0.000               5558154               3054090           0           0       0.000       0.000      84.625        8331722718    825      0     29          44    825
     GPU 0  0.000  0.000  0.000  0.000  0.000  0.000  0.000  0.000               3063270                274672           0           0       0.000       0.000      84.625        8331722718    825      0     29          44    825
     GPU 0  0.000  0.000  0.000  0.000  0.000  0.000  0.000  0.000               4415721               1774304           0           0       0.000       0.000      84.625        8331722718    825      0     29          44    825
     GPU 0  0.000  0.000  0.000  0.000  0.000  0.000  0.000  0.000               5776602               3197793           0           0       0.000       0.000      84.327        8331731256    825      0     29          44    825
     GPU 0  0.000  0.000  0.000  0.000  0.000  0.000  0.000  0.000               5776602               3197793           0           0       0.000       0.000      84.327        8331731256    825      0     28          44    825
     GPU 0  0.000  0.000  0.000  0.000  0.000  0.000  0.000  0.000               8000331               5138732           0           0       0.000       0.000      84.327        8331731256    825      0     28          44    825
     GPU 0  0.000  0.000  0.000  0.000  0.000  0.000  0.000  0.000               7076941               5024836           0           0       0.000       0.000      84.327        8331731256    825      0     28          44    825

# Entity  GRACT  SMACT  SMOCC  TENSO  DRAMA  FP64A  FP32A  FP16A                 PCITX                 PCIRX       GPUTL       MCUTL       MUSAM       GUSAM       POWER             TOTEC  SACLK  PSTAT  TMPTR       MMTMP  SMCLK
      Id                                                                                                                                                               W                mJ                    C           C       
     GPU 0  0.000  0.000  0.000  0.000  0.000  0.000  0.000  0.000               7046497               4027661           0           0       0.000       0.000      84.327        8331731256    825      0     28          44    825
     GPU 0  0.000  0.000  0.000  0.000  0.000  0.000  0.000  0.000               7046497               4027661           0           0       0.000       0.000      84.327        8331739795    825      0     28          44    825
     GPU 0  0.000  0.000  0.000  0.000  0.000  0.000  0.000  0.000               3016516                274228           0           0       0.000       0.000      84.327        8331739795    825      0     28          44    825
     GPU 0  0.000  0.000  0.000  0.000  0.000  0.000  0.000  0.000               7812434               4763551           0           0       0.000       0.000      84.327        8331739795    825      0     28          44    825
     GPU 0  0.000  0.000  0.000  0.000  0.000  0.000  0.000  0.000               6358983               4389452           0           0       0.000       0.000      84.327        8331739795    825      0     28          44    825
     GPU 0  0.000  0.000  0.000  0.000  0.000  0.000  0.000  0.000               6358983               4389452           0           0       0.000       0.000      84.327        8331739795    825      0     28          44    825
     GPU 0  0.000  0.000  0.000  0.000  0.000  0.000  0.000  0.000               6984894               4654458           0           0       0.000       0.000      84.327        8331748292    825      0     28          44    825
     GPU 0  0.000  0.000  0.000  0.000  0.000  0.000  0.000  0.000               5063714               2551055           0           0       0.000       0.000      84.327        8331748292    825      0     28          44    825
     GPU 0  0.000  0.000  0.000  0.000  0.000  0.000  0.000  0.000               7286649               4438518           0           0       0.000       0.000      84.327        8331748292    825      0     28          44    825
     GPU 0  0.000  0.000  0.000  0.000  0.000  0.000  0.000  0.000               7286649               4438518           0           0       0.000       0.000      84.327        8331748292    825      0     28          44    825
     GPU 0  0.000  0.000  0.000  0.000  0.000  0.000  0.000  0.000               4874261               2861331           0           0       0.000       0.000      84.327        8331756831    825      0     28          44    825
     GPU 0  0.000  0.000  0.000  0.000  0.000  0.000  0.000  0.000                921118                 83738           0           0       0.000       0.000      84.327        8331756831    825      0     28          44    825
     GPU 0  0.000  0.000  0.000  0.000  0.000  0.000  0.000  0.000              10093578               6235256           0           0       0.000       0.000      84.327        8331756831    825      0     28          44    825
     GPU 0  0.000  0.000  0.000  0.000  0.000  0.000  0.000  0.000               4499625               3547428           0           0       0.000       0.000      84.327        8331756831    825      0     28          44    825

# Entity  GRACT  SMACT  SMOCC  TENSO  DRAMA  FP64A  FP32A  FP16A                 PCITX                 PCIRX       GPUTL       MCUTL       MUSAM       GUSAM       POWER             TOTEC  SACLK  PSTAT  TMPTR       MMTMP  SMCLK
      Id                                                                                                                                                               W                mJ                    C           C       
     GPU 0  0.000  0.000  0.000  0.000  0.000  0.000  0.000  0.000               3189409                 41856           0           0       0.000       0.000      84.327        8331756831    825      0     28          44    825
     GPU 0  0.000  0.000  0.000  0.000  0.000  0.000  0.000  0.000               2044106                121501           0           0       0.000       0.000      84.327        8331756831    825      0     28          44    825
     GPU 0  0.000  0.000  0.000  0.000  0.000  0.000  0.000  0.000               2044106                121501           0           0       0.000       0.000      84.327        8331765343    825      0     28          44    825
     GPU 0  0.000  0.000  0.000  0.000  0.000  0.000  0.000  0.000               5559935               1999849           0           0       0.000       0.000      84.327        8331765343    825      0     28          44    825
     GPU 0  0.000  0.000  0.000  0.000  0.000  0.000  0.000  0.000               6679142               3840234           0           0       0.000       0.000      84.327        8331765343    825      0     28          44    825
     GPU 0  0.000  0.000  0.000  0.000  0.000  0.000  0.000  0.000              12048019               8044211           0           0       0.000       0.000      84.327        8331765343    825      0     28          44    825
     GPU 0  0.000  0.000  0.000  0.000  0.000  0.000  0.000  0.000              12048019               8044211           0           0       0.000       0.000      84.327        8331773864    825      0     28          44    825
     GPU 0  0.000  0.000  0.000  0.000  0.000  0.000  0.000  0.000               6468647               3879726           0           0       0.000       0.000      84.327        8331773864    825      0     28          44    825
     GPU 0  0.000  0.000  0.000  0.000  0.000  0.000  0.000  0.000               3384726                440760           0           0       0.000       0.000      84.327        8331773864    825      0     28          44    825
     GPU 0  0.000  0.000  0.000  0.000  0.000  0.000  0.000  0.000               2040056                     0           0           0       0.000       0.000      84.327        8331773864    825      0     28          44    825
     GPU 0  0.000  0.000  0.000  0.000  0.000  0.000  0.000  0.000               4170297               1887598           0           0       0.000       0.000      84.327        8331773864    825      0     28          44    825
     GPU 0  0.000  0.000  0.000  0.000  0.000  0.000  0.000  0.000               4170297               1887598           0           0       0.000       0.000      84.327        8331773864    825      0     28          44    825
     GPU 0  0.000  0.000  0.000  0.000  0.000  0.000  0.000  0.000               6864027               3863837           0           0       0.000       0.000      84.327        8331782377    825      0     28          44    825
     GPU 0  0.000  0.000  0.000  0.000  0.000  0.000  0.000  0.000               9848401               5652320           0           0       0.000       0.000      84.327        8331782377    825      0     28          44    825

# Entity  GRACT  SMACT  SMOCC  TENSO  DRAMA  FP64A  FP32A  FP16A                 PCITX                 PCIRX       GPUTL       MCUTL       MUSAM       GUSAM       POWER             TOTEC  SACLK  PSTAT  TMPTR       MMTMP  SMCLK
      Id                                                                                                                                                               W                mJ                    C           C       
     GPU 0  0.000  0.000  0.000  0.000  0.000  0.000  0.000  0.000               8254264               5282342           0           0       0.000       0.000      84.327        8331782377    825      0     28          44    825
     GPU 0  0.000  0.000  0.000  0.000  0.000  0.000  0.000  0.000               8254264               5282342           0           0       0.000       0.000      84.327        8331782377    825      0     28          44    825
     GPU 0  0.000  0.000  0.000  0.000  0.000  0.000  0.000  0.000               4678780               3072126           0           0       0.000       0.000      84.327        8331790897    825      0     28          44    825
     GPU 0  0.000  0.000  0.000  0.000  0.000  0.000  0.000  0.000                916924                 83356           0           0       0.000       0.000      84.327        8331790897    825      0     28          44    825
     GPU 0  0.000  0.000  0.000  0.000  0.000  0.000  0.000  0.000              10612749               6108256           0           0       0.000       0.000      84.327        8331790897    825      0     28          44    825
     GPU 0  0.000  0.000  0.000  0.000  0.000  0.000  0.000  0.000               9224450               6165253           0           0       0.000       0.000      84.327        8331790897    825      0     28          44    825
     GPU 0  0.000  0.000  0.000  0.000  0.000  0.000  0.000  0.000               8324843               5619310           0           0       0.000       0.000      84.327        8331790897    825      0     28          44    825
     GPU 0  0.000  0.000  0.000  0.000  0.000  0.000  0.000  0.000               3147470                274719           0           0       0.000       0.000      84.327        8331790897    825      0     28          44    825
     GPU 0  0.000  0.000  0.000  0.000  0.000  0.000  0.000  0.000               3147470                274719           0           0       0.000       0.000      84.327        8331799413    825      0     28          44    825
