# Entity  GRACT  SMACT  SMOCC  TENSO  DRAMA  FP64A  FP32A  FP16A                 PCITX                 PCIRX       GPUTL       MCUTL       MUSAM       GUSAM       POWER             TOTEC  SACLK  PSTAT  TMPTR       MMTMP  SMCLK
      Id                                                                                                                                                               W                mJ                    C           C       
     GPU 0  0.000  0.000  0.000  0.000  0.000  0.000  0.000  0.000             121045392              11004126           0           0       0.000       0.000      77.269        5547253473   1035      0     27          43    210
     GPU 0  0.000  0.000  0.000  0.000  0.000  0.000  0.000  0.000               8422403               4785216           0           0       0.000       0.000      77.269        5547253473   1035      0     27          43    210
     GPU 0  0.000  0.000  0.000  0.000  0.000  0.000  0.000  0.000               8422403               4785216           0           0       0.000       0.000      77.269        5547253473   1035      0     27          43    210
     GPU 0  0.000  0.000  0.000  0.000  0.000  0.000  0.000  0.000               8458914               5889810           0           0       0.000       0.000      77.269        5547253473   1035      0     27          43    210
     GPU 0  0.000  0.000  0.000  0.000  0.000  0.000  0.000  0.000               5208438               2979132           0           0       0.000       0.000      78.632        5547253473   1035      0     27          43    210
     GPU 0  0.000  0.000  0.000  0.000  0.000  0.000  0.000  0.000               6135210               4159713           0           0       0.000       0.000      78.632        5547261533   1035      0     27          43    210
     GPU 0  0.000  0.000  0.000  0.000  0.000  0.000  0.000  0.000               6135210               4159713           0           0       0.000       0.000      78.632        5547261533   1035      0     27          43    210
     GPU 0  0.000  0.000  0.000  0.000  0.000  0.000  0.000  0.000               8390546               5751509           0           0       0.000       0.000      78.632        5547261533   1035      0     27          43    210
     GPU 0  0.000  0.000  0.000  0.000  0.000  0.000  0.000  0.000               4015666               3117838           0           0       0.000       0.000      78.632        5547261533   1035      0     27          43    210
     GPU 0  0.000  0.000  0.000  0.000  0.000  0.000  0.000  0.000               3147898                232957           0           0       0.000       0.000      78.632        5547269332   1035      0     27          43    210
     GPU 0  0.000  0.000  0.000  0.000  0.000  0.000  0.000  0.000               1005309                167551           0           0       0.000       0.000      78.632        5547269332   1035      0     27          43    210
     GPU 0  0.000  0.000  0.000  0.000  0.000  0.000  0.000  0.000               6837664               4941433           0           0       0.000       0.000      78.632        5547269332   1035      0     27          43    210
     GPU 0  0.000  0.000  0.000  0.000  0.000  0.000  0.000  0.000               6837664               4941433           0           0       0.000       0.000      78.632        5547269332   1035      0     27          43    210
     GPU 0  0.000  0.000  0.000  0.000  0.000  0.000  0.000  0.000               6884846               4262047           0           0       0.000       0.000      78.632        5547269332   1035      0     27          43    210
     GPU 0  0.000  0.000  0.000  0.000  0.000  0.000  0.000  0.000               9457492               5217717           0           0       0.000       0.000      78.632        5547269332   1035      0     27          43    210

# Entity  GRACT  SMACT  SMOCC  TENSO  DRAMA  FP64A  FP32A  FP16A                 PCITX                 PCIRX       GPUTL       MCUTL       MUSAM       GUSAM       POWER             TOTEC  SACLK  PSTAT  TMPTR       MMTMP  SMCLK
      Id                                                                                                                                                               W                mJ                    C           C       
     GPU 0  0.000  0.000  0.000  0.000  0.000  0.000  0.000  0.000               8259958               5279128           0           0       0.000       0.000      78.632        5547277387   1035      0     27          44    210
     GPU 0  0.000  0.000  0.000  0.000  0.000  0.000  0.000  0.000               8259958               5279128           0           0       0.000       0.000      78.632        5547277387   1035      0     27          43    210
     GPU 0  0.000  0.000  0.000  0.000  0.000  0.000  0.000  0.000               6574405               4857230           0           0       0.000       0.000      78.632        5547277387   1035      0     27          43    210
     GPU 0  0.000  0.000  0.000  0.000  0.000  0.000  0.000  0.000               3139579               1865119           0           0       0.000       0.000      78.632        5547277387   1035      0     27          43    210
     GPU 0  0.000  0.000  0.000  0.000  0.000  0.000  0.000  0.000               3060346                274403           0           0       0.000       0.000      78.632        5547285174   1035      0     27          43    210
     GPU 0  0.000  0.000  0.000  0.000  0.000  0.000  0.000  0.000               4988687               2878088           0           0       0.000       0.000      78.632        5547285174   1035      0     27          43    210
     GPU 0  0.000  0.000  0.000  0.000  0.000  0.000  0.000  0.000               4659144               2787115           0           0       0.000       0.000      78.632        5547285174   1035      0     27          43    210
     GPU 0  0.000  0.000  0.000  0.000  0.000  0.000  0.000  0.000               4659144               2787115           0           0       0.000       0.000      78.632        5547285174   1035      0     27          43    210
     GPU 0  0.000  0.000  0.000  0.000  0.000  0.000  0.000  0.000               8750161               5648168           0           0       0.000       0.000      78.632        5547285174   1035      0     27          43    210
     GPU 0  0.000  0.000  0.000  0.000  0.000  0.000  0.000  0.000               8750161               5648168           0           0       0.000       0.000      78.632        5547293110   1035      0     27          43    210
     GPU 0  0.000  0.000  0.000  0.000  0.000  0.000  0.000  0.000               8262975               8821996           0           0       0.000       0.000      78.632        5547293110   1035      0     27          43    210
     GPU 0  0.000  0.000  0.000  0.000  0.000  0.000  0.000  0.000               7468316               4375377           0           0       0.000       0.000      78.632        5547293110   1035      0     27          43    210
     GPU 0  0.000  0.000  0.000  0.000  0.000  0.000  0.000  0.000               2374834              11546611           0           0       0.000       0.000      78.632        5547293110   1035      0     27          43    210
     GPU 0  0.000  0.000  0.000  0.000  0.000  0.000  0.000  0.000               9074967              23644869           0           0       0.000       0.000      78.632        5547293110   1035      0     27          43    210

# Entity  GRACT  SMACT  SMOCC  TENSO  DRAMA  FP64A  FP32A  FP16A                 PCITX                 PCIRX       GPUTL       MCUTL       MUSAM       GUSAM       POWER             TOTEC  SACLK  PSTAT  TMPTR       MMTMP  SMCLK
      Id                                                                                                                                                               W                mJ                    C           C       
     GPU 0  0.000  0.000  0.000  0.000  0.000  0.000  0.000  0.000               3506428              13357822           0           0       0.000       0.000      78.632        5547301146   1035      0     27          43    210
     GPU 0  0.000  0.000  0.000  0.000  0.000  0.000  0.000  0.000               2837445               3121189           0           0       0.000       0.000      78.632        5547301146   1035      0     27          43    210
     GPU 0  0.000  0.000  0.000  0.000  0.000  0.000  0.000  0.000               2837445               3121189           0           0       0.000       0.000      78.632        5547301146   1035      0     27          43    210
     GPU 0  0.000  0.000  0.000  0.000  0.000  0.000  0.000  0.000               6186908               4949526           0           0       0.000       0.000      78.632        5547301146   1035      0     27          43    210
     GPU 0  0.000  0.000  0.000  0.000  0.000  0.000  0.000  0.000                951762                585699           0           0       0.000       0.000      78.632        5547301146   1035      0     27          43    210
     GPU 0  0.000  0.000  0.000  0.000  0.000  0.000  0.000  0.000               1582781               2582432           0           0       0.000       0.000      78.632        5547301146   1035      0     27          43    210
     GPU 0  0.000  0.000  0.000  0.000  0.000  0.000  0.000  0.000               1582781               2582432           0           0       0.000       0.000      78.632        5547309167   1035      0     27          43    210
     GPU 0  0.000  0.000  0.000  0.000  0.000  0.000  0.000  0.000               9598112               6185450           0           0       0.000       0.000      78.632        5547309167   1035      0     27          43    210
     GPU 0  0.000  0.000  0.000  0.000  0.000  0.000  0.000  0.000               9598112               6185450           0           0       0.000       0.000      78.632        5547309167   1035      0     27          43    210
     GPU 0  0.000  0.000  0.000  0.000  0.000  0.000  0.000  0.000               1011501               1078935           0           0       0.000       0.000      78.632        5547309167   1035      0     27          43    210
     GPU 0  0.000  0.000  0.000  0.000  0.000  0.000  0.000  0.000               1011501               1078935           0           0       0.000       0.000      78.632        5547316983   1035      0     27          43    210
     GPU 0  0.000  0.000  0.000  0.000  0.000  0.000  0.000  0.000               1011501               1078935           0           0       0.000       0.000      78.632        5547316983   1035      0     27          43    210
     GPU 0  0.000  0.000  0.000  0.000  0.000  0.000  0.000  0.000               8217324               7549871           0           0       0.000       0.000      78.632        5547316983   1035      0     27          43    210
     GPU 0  0.000  0.000  0.000  0.000  0.000  0.000  0.000  0.000               8217324               7549871           0           0       0.000       0.000      78.632        5547316983   1035      0     27          43    210

# Entity  GRACT  SMACT  SMOCC  TENSO  DRAMA  FP64A  FP32A  FP16A                 PCITX                 PCIRX       GPUTL       MCUTL       MUSAM       GUSAM       POWER             TOTEC  SACLK  PSTAT  TMPTR       MMTMP  SMCLK
      Id                                                                                                                                                               W                mJ                    C           C       
     GPU 0  0.000  0.000  0.000  0.000  0.000  0.000  0.000  0.000               4643516               3179734           0           0       0.000       0.000      78.632        5547316983   1035      0     27          43    210
     GPU 0  0.000  0.000  0.000  0.000  0.000  0.000  0.000  0.000               7155805             327949033           0           0       0.000       0.000      78.632        5547316983   1035      0     27          43    210
     GPU 0  0.000  0.000  0.000  0.000  0.000  0.000  0.000  0.000               7155805             327949033           0           0       0.000       0.000      78.632        5547325154   1035      0     27          43    210
     GPU 0  0.000  0.000  0.000  0.000  0.000  0.000  0.000  0.000               5359236              19092279           0           0       0.000       0.000      78.632        5547325154   1035      0     27          43    210
     GPU 0  0.000  0.000  0.000  0.000  0.000  0.000  0.000  0.000               5661859              20232823           0           0       0.000       0.000      78.632        5547325154   1035      0     27          43   1035
     GPU 0  0.006  0.000  0.000  0.000  0.000  0.000  0.000  0.000              16517436              66220171           0           0       0.000       0.000      78.632        5547325154   1035      0     27          43   1035
     GPU 0  0.012  0.000  0.000  0.000  0.002  0.000  0.000  0.000             409685521            3615516756           0           0       0.000       0.000      86.763        5547333231   1035      0     27          43   1035
     GPU 0  0.500  0.000  0.000  0.000  0.002  0.000  0.000  0.000             290393903            2524088921           9           0       0.000       0.000      86.763        5547333231   1035      0     27          43   1035
     GPU 0  1.000  0.939  0.762  0.000  0.001  0.000  0.623  0.000               8665165               5797457           9           0       0.000       8.000      86.763        5547333231   1035      0     28          44   1035
     GPU 0  1.000  0.939  0.755  0.000  0.001  0.000  0.620  0.000               8727054               6169114           9           0       0.000       8.000      86.763        5547333231   1035      0     28          43   1035
     GPU 0  1.000  0.000  0.000  0.000  0.001  0.000  0.000  0.000               8606595               6130767           9           0       0.000       8.000      86.763        5547333231   1035      0     29          43   1035
     GPU 0  1.000  0.000  0.000  0.000  0.001  0.000  0.000  0.000               8606595               6130767           9           0       0.000       8.000      86.763        5547333231   1035      0     30          43   1035
     GPU 0  1.000  0.946  0.765  0.000  0.001  0.000  0.609  0.000               9132145               6773517           9           0       0.000       8.000     169.337        5547349046   1035      0     30          43   1035
     GPU 0  1.000  0.943  0.760  0.000  0.001  0.000  0.626  0.000               9341005               6701481           9           0       0.000       8.000     169.337        5547349046   1035      0     30          44   1035

# Entity  GRACT  SMACT  SMOCC  TENSO  DRAMA  FP64A  FP32A  FP16A                 PCITX                 PCIRX       GPUTL       MCUTL       MUSAM       GUSAM       POWER             TOTEC  SACLK  PSTAT  TMPTR       MMTMP  SMCLK
      Id                                                                                                                                                               W                mJ                    C           C       
     GPU 0  1.000  0.000  0.000  0.000  0.001  0.000  0.000  0.000               9852763               7318989           9           0       0.000       8.000     169.337        5547349046   1035      0     31          44   1035
     GPU 0  1.000  0.000  0.000  0.000  0.001  0.000  0.000  0.000               9852763               7318989           9           0       0.000       8.000     169.337        5547349046   1035      0     31          44   1035
     GPU 0  1.000  0.932  0.746  0.000  0.001  0.000  0.614  0.000              10316608               7772441           9           0       0.000       8.000     169.586        5547365837   1035      0     31          44   1035
     GPU 0  1.000  0.940  0.743  0.000  0.001  0.000  0.599  0.000              10495342               7892307         100           0       0.000       8.000     169.586        5547365837   1035      0     31          44   1035
     GPU 0  1.000  0.000  0.000  0.000  0.001  0.000  0.000  0.000              10428392               7413004         100           0       0.000      99.000     169.586        5547365837   1035      0     31          44   1035
     GPU 0  1.000  0.951  0.774  0.000  0.001  0.000  0.630  0.000              10311748               7785669         100           0       0.000      99.000     169.586        5547365837   1035      0     31          43   1035
     GPU 0  1.000  0.940  0.759  0.000  0.001  0.000  0.623  0.000              10213632               7735418         100           0       0.000      99.000     169.586        5547365837   1035      0     31          44   1035
     GPU 0  1.000  0.000  0.000  0.000  0.001  0.000  0.000  0.000               9721512               7485559         100           0       0.000      99.000     169.586        5547365837   1035      0     32          44   1035
     GPU 0  1.000  0.933  0.746  0.000  0.001  0.000  0.616  0.000              11780176               7360788         100           0       0.000      99.000     169.876        5547383129   1035      0     32          44   1035
     GPU 0  1.000  0.933  0.746  0.000  0.001  0.000  0.616  0.000              11780176               7360788         100           0       0.000      99.000     169.876        5547383129   1035      0     32          44   1035
     GPU 0  1.000  0.937  0.721  0.000  0.001  0.000  0.608  0.000               5435939               4103670         100           0       0.000      99.000     169.876        5547383129   1035      0     32          44   1035
     GPU 0  1.000  0.000  0.000  0.000  0.001  0.000  0.000  0.000               8176193               4877430         100           0       0.000      99.000     169.876        5547383129   1035      0     32          44   1035
     GPU 0  1.000  0.950  0.769  0.000  0.001  0.000  0.613  0.000               7654381               5164196         100           0       0.000      99.000     170.118        5547400306   1035      0     32          44   1035
     GPU 0  1.000  0.941  0.756  0.000  0.001  0.000  0.623  0.000               9250733               6334169         100           0       0.000      99.000     170.118        5547400306   1035      0     32          44   1035

# Entity  GRACT  SMACT  SMOCC  TENSO  DRAMA  FP64A  FP32A  FP16A                 PCITX                 PCIRX       GPUTL       MCUTL       MUSAM       GUSAM       POWER             TOTEC  SACLK  PSTAT  TMPTR       MMTMP  SMCLK
      Id                                                                                                                                                               W                mJ                    C           C       
     GPU 0  1.000  0.000  0.000  0.000  0.001  0.000  0.000  0.000              10233461               7769931         100           0       0.000      99.000     170.118        5547400306   1035      0     32          44   1035
     GPU 0  1.000  0.926  0.729  0.000  0.001  0.000  0.609  0.000              10257324               7747390         100           0       0.000      99.000     170.118        5547400306   1035      0     32          44   1035
     GPU 0  1.000  0.938  0.751  0.000  0.001  0.000  0.620  0.000               9837703               7367057         100           0       0.000      99.000     170.118        5547400306   1035      0     32          44   1035
     GPU 0  1.000  0.000  0.000  0.000  0.001  0.000  0.000  0.000              10182293               7718119         100           0       0.000      99.000     170.118        5547400306   1035      0     32          44   1035
     GPU 0  1.000  0.000  0.000  0.000  0.001  0.000  0.000  0.000              10182293               7718119         100           0       0.000      99.000     170.118        5547417412   1035      0     32          44   1035
     GPU 0  1.000  0.946  0.761  0.000  0.001  0.000  0.628  0.000              11295908               8072365         100           0       0.000      99.000     170.118        5547417412   1035      0     32          44   1035
     GPU 0  1.000  0.948  0.753  0.000  0.001  0.000  0.625  0.000               5917240               4626901         100           0       0.000      99.000     170.118        5547417412   1035      0     32          44   1035
     GPU 0  1.000  0.000  0.000  0.000  0.001  0.000  0.000  0.000               3755512               3104132         100           0       0.000      99.000     170.118        5547417412   1035      0     33          44   1035
     GPU 0  1.000  0.000  0.000  0.000  0.001  0.000  0.000  0.000               3755512               3104132         100           0       0.000      99.000     170.118        5547417412   1035      0     33          44   1035
     GPU 0  1.000  0.935  0.749  0.000  0.001  0.000  0.619  0.000               3385704               1244327         100           0       0.000      99.000     170.118        5547434887   1035      0     33          44   1035
     GPU 0  1.000  0.941  0.709  0.000  0.002  0.000  0.557  0.000               3843152               1410616         100           0       0.000      99.000     170.118        5547434887   1035      0     33          44   1035
     GPU 0  1.000  0.000  0.000  0.000  0.001  0.000  0.000  0.000               4562774               2697475         100           0       0.000      99.000     170.118        5547434887   1035      0     33          44   1035
     GPU 0  1.000  0.942  0.756  0.000  0.001  0.000  0.604  0.000               4576334               3288238         100           0       0.000      99.000     170.118        5547434887   1035      0     33          44   1035
     GPU 0  1.000  0.937  0.752  0.000  0.001  0.000  0.622  0.000               9881102               6829492         100           0       0.000      99.000     170.118        5547451783   1035      0     33          44   1035

# Entity  GRACT  SMACT  SMOCC  TENSO  DRAMA  FP64A  FP32A  FP16A                 PCITX                 PCIRX       GPUTL       MCUTL       MUSAM       GUSAM       POWER             TOTEC  SACLK  PSTAT  TMPTR       MMTMP  SMCLK
      Id                                                                                                                                                               W                mJ                    C           C       
     GPU 0  1.000  0.000  0.000  0.000  0.001  0.000  0.000  0.000               9087179               6318935         100           0       0.000      99.000     170.948        5547451783   1035      0     33          44   1035
     GPU 0  1.000  0.000  0.000  0.000  0.001  0.000  0.000  0.000               9087179               6318935         100           0       0.000      99.000     170.948        5547451783   1035      0     33          44   1035
     GPU 0  1.000  0.938  0.757  0.000  0.001  0.000  0.621  0.000              10565067               8002591         100           0       0.000      99.000     170.948        5547451783   1035      0     33          44   1035
     GPU 0  1.000  0.941  0.746  0.000  0.001  0.000  0.623  0.000              10944158               7984119         100           0       0.000      99.000     170.948        5547451783   1035      0     33          44   1035
     GPU 0  1.000  0.000  0.000  0.000  0.001  0.000  0.000  0.000               4687452               4059866         100           0       0.000      99.000     170.948        5547451783   1035      0     33          44   1035
     GPU 0  1.000  0.000  0.000  0.000  0.001  0.000  0.000  0.000               4687452               4059866         100           0       0.000      99.000     171.238        5547469520   1035      0     33          44   1035
     GPU 0  1.000  0.941  0.746  0.000  0.001  0.000  0.623  0.000               3424663               1243602         100           0       0.000      99.000     171.238        5547469520   1035      0     33          44   1035
     GPU 0  1.000  0.936  0.769  0.000  0.001  0.000  0.615  0.000               2170490               1397459         100           0       0.000      99.000     171.238        5547469520   1035      0     33          44   1035
     GPU 0  1.000  0.000  0.000  0.000  0.001  0.000  0.000  0.000               2219046               1486881         100           0       0.000      99.000     171.238        5547469520   1035      0     33          44   1035
     GPU 0  1.000  0.936  0.739  0.000  0.001  0.000  0.615  0.000               4302631               2863386         100           0       0.000      99.000     170.408        5547486306   1035      0     33          44   1035
     GPU 0  1.000  0.954  0.782  0.000  0.001  0.000  0.636  0.000               7320957               4765696         100           0       0.000      99.000     170.408        5547486306   1035      0     33          44   1035
     GPU 0  1.000  0.000  0.000  0.000  0.001  0.000  0.000  0.000               7363933               5270027         100           0       0.000      99.000     170.408        5547486306   1035      0     33          44   1035
     GPU 0  1.000  0.000  0.000  0.000  0.001  0.000  0.000  0.000               7363933               5270027         100           0       0.000      99.000     170.408        5547486306   1035      0     33          44   1035
     GPU 0  1.000  0.943  0.769  0.000  0.001  0.000  0.627  0.000               9951264               7472413         100           0       0.000      99.000     170.408        5547486306   1035      0     33          44   1035

# Entity  GRACT  SMACT  SMOCC  TENSO  DRAMA  FP64A  FP32A  FP16A                 PCITX                 PCIRX       GPUTL       MCUTL       MUSAM       GUSAM       POWER             TOTEC  SACLK  PSTAT  TMPTR       MMTMP  SMCLK
      Id                                                                                                                                                               W                mJ                    C           C       
     GPU 0  1.000  0.937  0.740  0.000  0.001  0.000  0.618  0.000              10646456               7971784         100           0       0.000      99.000     170.408        5547486306   1035      0     33          44   1035
     GPU 0  1.000  0.000  0.000  0.000  0.001  0.000  0.000  0.000              10670627               7507134         100           0       0.000      99.000     170.118        5547503918   1035      0     33          44   1035
     GPU 0  1.000  0.000  0.000  0.000  0.001  0.000  0.000  0.000              10670627               7507134         100           0       0.000      99.000     170.118        5547503918   1035      0     33          44   1035
     GPU 0  1.000  0.943  0.753  0.000  0.001  0.000  0.602  0.000               6405929               4649099         100           0       0.000      99.000     170.118        5547503918   1035      0     33          44   1035
     GPU 0  1.000  0.941  0.759  0.000  0.001  0.000  0.623  0.000              10130778               7631102         100           0       0.000      99.000     170.118        5547503918   1035      0     33          44   1035
     GPU 0  1.000  0.000  0.000  0.000  0.001  0.000  0.000  0.000               9232466               7090791         100           0       0.000      99.000     170.408        5547520759   1035      0     33          44   1035
     GPU 0  1.000  0.942  0.757  0.000  0.001  0.000  0.624  0.000              10187014               7557589         100           0       0.000      99.000     170.408        5547520759   1035      0     33          44   1035
     GPU 0  1.000  0.940  0.743  0.000  0.001  0.000  0.623  0.000              10500574               7763921         100           0       0.000      99.000     170.408        5547520759   1035      0     33          44   1035
     GPU 0  1.000  0.000  0.000  0.000  0.001  0.000  0.000  0.000               9623068               7443430         100           0       0.000      99.000     170.408        5547520759   1035      0     33          44   1035
     GPU 0  1.000  0.943  0.757  0.000  0.001  0.000  0.625  0.000               4081121               1243199         100           0       0.000      99.000     170.408        5547520759   1035      0     34          44   1035
     GPU 0  1.000  0.946  0.760  0.000  0.001  0.000  0.606  0.000              11283956               7741552         100           0       0.000      99.000     170.408        5547520759   1035      0     34          44   1035
     GPU 0  1.000  0.946  0.760  0.000  0.001  0.000  0.606  0.000              11283956               7741552         100           0       0.000      99.000     170.118        5547538293   1035      0     34          44   1035
     GPU 0  1.000  0.000  0.000  0.000  0.001  0.000  0.000  0.000              10756408               8244797         100           0       0.000      99.000     170.118        5547538293   1035      0     34          44   1035
     GPU 0  1.000  0.941  0.757  0.000  0.001  0.000  0.624  0.000               6863550               5465015         100           0       0.000      99.000     170.118        5547538293   1035      0     34          44   1035

# Entity  GRACT  SMACT  SMOCC  TENSO  DRAMA  FP64A  FP32A  FP16A                 PCITX                 PCIRX       GPUTL       MCUTL       MUSAM       GUSAM       POWER             TOTEC  SACLK  PSTAT  TMPTR       MMTMP  SMCLK
      Id                                                                                                                                                               W                mJ                    C           C       
     GPU 0  1.000  0.927  0.709  0.000  0.001  0.000  0.608  0.000               2175094               1276157         100           0       0.000      99.000     170.118        5547538293   1035      0     34          44   1035
     GPU 0  1.000  0.000  0.000  0.000  0.001  0.000  0.000  0.000               4638040               2947000         100           0       0.000      99.000     170.118        5547538293   1035      0     34          44   1035
     GPU 0  1.000  0.942  0.741  0.000  0.001  0.000  0.613  0.000               6887279               4689552         100           0       0.000      99.000     170.408        5547555158   1035      0     34          44   1035
     GPU 0  1.000  0.942  0.741  0.000  0.001  0.000  0.613  0.000               6887279               4689552         100           0       0.000      99.000     170.408        5547555158   1035      0     34          44   1035
     GPU 0  1.000  0.937  0.765  0.000  0.001  0.000  0.619  0.000               8740242               6215576         100           0       0.000      99.000     170.408        5547555158   1035      0     34          44   1035
     GPU 0  1.000  0.000  0.000  0.000  0.001  0.000  0.000  0.000              10591071               7976400         100           0       0.000      99.000     170.408        5547555158   1035      0     34          44   1035
     GPU 0  1.000  0.000  0.000  0.000  0.001  0.000  0.000  0.000              10591071               7976400         100           0       0.000      99.000     171.480        5547555158   1035      0     34          44   1035
     GPU 0  1.000  0.939  0.740  0.000  0.001  0.000  0.619  0.000               5895094               4891743         100           0       0.000      99.000     171.480        5547572539   1035      0     34          44   1035
     GPU 0  1.000  0.933  0.747  0.000  0.001  0.000  0.613  0.000               3384301               1202032         100           0       0.000      99.000     171.480        5547572539   1035      0     34          44   1035
     GPU 0  1.000  0.000  0.000  0.000  0.002  0.000  0.000  0.000               2420033               1520598         100           0       0.000      99.000     171.480        5547572539   1035      0     34          44   1035
     GPU 0  1.000  0.931  0.757  0.000  0.001  0.000  0.617  0.000               4656992               3060965         100           0       0.000      99.000     171.480        5547572539   1035      0     34          44   1035
     GPU 0  1.000  0.936  0.742  0.000  0.001  0.000  0.619  0.000               8143853               5830265         100           0       0.000      99.000     171.480        5547589730   1035      0     34          44   1035
     GPU 0  1.000  0.936  0.742  0.000  0.001  0.000  0.619  0.000               8143853               5830265         100           0       0.000      99.000     170.948        5547589730   1035      0     34          44   1035
     GPU 0  1.000  0.000  0.000  0.000  0.001  0.000  0.000  0.000              10305694               7840518         100           0       0.000      99.000     170.948        5547589730   1035      0     34          44   1035

# Entity  GRACT  SMACT  SMOCC  TENSO  DRAMA  FP64A  FP32A  FP16A                 PCITX                 PCIRX       GPUTL       MCUTL       MUSAM       GUSAM       POWER             TOTEC  SACLK  PSTAT  TMPTR       MMTMP  SMCLK
      Id                                                                                                                                                               W                mJ                    C           C       
     GPU 0  1.000  0.926  0.730  0.000  0.001  0.000  0.607  0.000               7580965               6366368         100           0       0.000      99.000     170.948        5547589730   1035      0     34          44   1035
     GPU 0  1.000  0.942  0.744  0.000  0.001  0.000  0.612  0.000               5364420               4285085         100           0       0.000      99.000     170.948        5547589730   1035      0     34          44   1035
     GPU 0  1.000  0.942  0.744  0.000  0.001  0.000  0.612  0.000               5364420               4285085         100           0       0.000      99.000     170.948        5547589730   1035      0     34          44   1035
     GPU 0  1.000  0.000  0.000  0.000  0.001  0.000  0.000  0.000               3316602               1578853         100           0       0.000      99.000     170.650        5547607284   1035      0     34          44   1035
     GPU 0  1.000  0.934  0.739  0.000  0.001  0.000  0.617  0.000               3385240               1244284         100           0       0.000      99.000     170.650        5547607284   1035      0     34          44   1035
     GPU 0  1.000  0.942  0.739  0.000  0.002  0.000  0.586  0.000               5063774               3550432         100           0       0.000      99.000     170.650        5547607284   1035      0     34          44   1035
     GPU 0  1.000  0.000  0.000  0.000  0.001  0.000  0.000  0.000               6997470               4863517         100           0       0.000      99.000     170.650        5547607284   1035      0     34          44   1035
     GPU 0  1.000  0.939  0.748  0.000  0.001  0.000  0.618  0.000               9523254               7322831         100           0       0.000      99.000     170.650        5547624193   1035      0     34          44   1035
     GPU 0  1.000  0.940  0.755  0.000  0.001  0.000  0.622  0.000              10799599               8149831         100           0       0.000      99.000     170.650        5547624193   1035      0     34          44   1035
     GPU 0  1.000  0.940  0.755  0.000  0.001  0.000  0.622  0.000              10799599               8149831         100           0       0.000      99.000     170.650        5547624193   1035      0     34          44   1035
     GPU 0  1.000  0.000  0.000  0.000  0.001  0.000  0.000  0.000               7657925               6484051         100           0       0.000      99.000     170.650        5547624193   1035      0     34          44   1035
     GPU 0  1.000  0.933  0.722  0.000  0.001  0.000  0.611  0.000               7248229               4952723         100           0       0.000      99.000     170.650        5547624193   1035      0     34          44   1035
     GPU 0  1.000  0.943  0.749  0.000  0.001  0.000  0.621  0.000               8801362               6764380         100           0       0.000      99.000     170.650        5547624193   1035      0     34          44   1035
     GPU 0  1.000  0.000  0.000  0.000  0.001  0.000  0.000  0.000               1172277               1256011         100           0       0.000      99.000     170.408        5547641732   1035      0     34          44   1035

# Entity  GRACT  SMACT  SMOCC  TENSO  DRAMA  FP64A  FP32A  FP16A                 PCITX                 PCIRX       GPUTL       MCUTL       MUSAM       GUSAM       POWER             TOTEC  SACLK  PSTAT  TMPTR       MMTMP  SMCLK
      Id                                                                                                                                                               W                mJ                    C           C       
     GPU 0  1.000  0.000  0.000  0.000  0.001  0.000  0.000  0.000               1172277               1256011         100           0       0.000      99.000     170.408        5547641732   1035      0     34          44   1035
     GPU 0  1.000  0.942  0.763  0.000  0.001  0.000  0.626  0.000               9631268               6848424         100           0       0.000      99.000     170.408        5547641732   1035      0     34          44   1035
     GPU 0  1.000  0.000  0.000  0.000  0.001  0.000  0.000  0.000               9919669               7690180         100           0       0.000      99.000     170.408        5547641732   1035      0     34          44   1035
     GPU 0  1.000  0.936  0.737  0.000  0.001  0.000  0.609  0.000               9730669               7558379         100           0       0.000      99.000     170.408        5547658645   1035      0     34          44   1035
     GPU 0  1.000  0.948  0.757  0.000  0.001  0.000  0.618  0.000               8117567               6653067         100           0       0.000      99.000     170.408        5547658645   1035      0     34          44   1035
     GPU 0  1.000  0.000  0.000  0.000  0.001  0.000  0.000  0.000               3548698               1476097         100           0       0.000      99.000     170.408        5547658645   1035      0     34          44   1035
     GPU 0  1.000  0.936  0.744  0.000  0.001  0.000  0.619  0.000               3375901               1474070         100           0       0.000      99.000     170.408        5547658645   1035      0     34          44   1035
     GPU 0  1.000  0.936  0.744  0.000  0.001  0.000  0.619  0.000               3375901               1474070         100           0       0.000      99.000     170.408        5547658645   1035      0     34          44   1035
     GPU 0  1.000  0.928  0.739  0.000  0.001  0.000  0.609  0.000               4664219               2993738         100           0       0.000      99.000     170.408        5547658645   1035      0     34          44   1035
     GPU 0  1.000  0.000  0.000  0.000  0.001  0.000  0.000  0.000               6712704               4631754         100           0       0.000      99.000     170.118        5547676120   1035      0     34          44   1035
     GPU 0  1.000  0.944  0.752  0.000  0.001  0.000  0.612  0.000              11272665               6105760         100           0       0.000      99.000     170.118        5547676120   1035      0     34          44   1035
     GPU 0  1.000  0.938  0.729  0.000  0.001  0.000  0.615  0.000               7905309               5292988         100           0       0.000      99.000     170.118        5547676120   1035      0     34          44   1035
     GPU 0  1.000  0.000  0.000  0.000  0.001  0.000  0.000  0.000               9854748               7756421         100           0       0.000      99.000     170.118        5547676120   1035      0     34          44   1035
     GPU 0  1.000  0.000  0.000  0.000  0.001  0.000  0.000  0.000               9854748               7756421         100           0       0.000      99.000     170.118        5547693205   1035      0     34          44   1035

# Entity  GRACT  SMACT  SMOCC  TENSO  DRAMA  FP64A  FP32A  FP16A                 PCITX                 PCIRX       GPUTL       MCUTL       MUSAM       GUSAM       POWER             TOTEC  SACLK  PSTAT  TMPTR       MMTMP  SMCLK
      Id                                                                                                                                                               W                mJ                    C           C       
     GPU 0  1.000  0.933  0.743  0.000  0.001  0.000  0.618  0.000               4218893               4051237         100           0       0.000      99.000     170.408        5547693205   1035      0     34          44   1035
     GPU 0  1.000  0.933  0.724  0.000  0.001  0.000  0.610  0.000              10786740               7943630         100           0       0.000      99.000     170.408        5547693205   1035      0     34          44   1035
     GPU 0  1.000  0.000  0.000  0.000  0.001  0.000  0.000  0.000               6836038               6193711         100           0       0.000      99.000     170.408        5547693205   1035      0     34          44   1035
     GPU 0  1.000  0.949  0.757  0.000  0.001  0.000  0.620  0.000               3423679               1327059         100           0       0.000      99.000     170.408        5547693205   1035      0     34          44   1035
     GPU 0  1.000  0.949  0.757  0.000  0.001  0.000  0.620  0.000               3423679               1327059         100           0       0.000      99.000     170.408        5547693205   1035      0     34          44   1035
     GPU 0  1.000  0.923  0.716  0.000  0.001  0.000  0.607  0.000               3461557               1451681         100           0       0.000      99.000     172.019        5547710798   1035      0     34          44   1035
     GPU 0  1.000  0.000  0.000  0.000  0.001  0.000  0.000  0.000              10289702               6819210         100           0       0.000      99.000     172.019        5547710798   1035      0     34          44   1035
     GPU 0  1.000  0.947  0.744  0.000  0.001  0.000  0.628  0.000               3149782                778071         100           0       0.000      99.000     172.019        5547710798   1035      0     34          44   1035
     GPU 0  1.000  0.000  0.000  0.000  0.001  0.000  0.000  0.000               4322233               2931067         100           0       0.000      99.000     172.019        5547710798   1035      0     34          45   1035
     GPU 0  1.000  0.944  0.756  0.000  0.001  0.000  0.626  0.000               6236535               4204356         100           0       0.000      99.000     171.238        5547710798   1035      0     34          44   1035
     GPU 0  1.000  0.944  0.756  0.000  0.001  0.000  0.626  0.000               6236535               4204356         100           0       0.000      99.000     171.238        5547727808   1035      0     34          45   1035
     GPU 0  1.000  0.939  0.746  0.000  0.001  0.000  0.622  0.000               8140588               5989667         100           0       0.000      99.000     171.238        5547727808   1035      0     34          45   1035
     GPU 0  1.000  0.000  0.000  0.000  0.001  0.000  0.000  0.000               5808557               4613834         100           0       0.000      99.000     171.238        5547727808   1035      0     34          45   1035
     GPU 0  1.000  0.947  0.757  0.000  0.001  0.000  0.619  0.000               8976167               6864253         100           0       0.000      99.000     171.238        5547727808   1035      0     34          45   1035

# Entity  GRACT  SMACT  SMOCC  TENSO  DRAMA  FP64A  FP32A  FP16A                 PCITX                 PCIRX       GPUTL       MCUTL       MUSAM       GUSAM       POWER             TOTEC  SACLK  PSTAT  TMPTR       MMTMP  SMCLK
      Id                                                                                                                                                               W                mJ                    C           C       
     GPU 0  1.000  0.940  0.745  0.000  0.001  0.000  0.623  0.000               9833263               7626982         100           0       0.000      99.000     170.948        5547727808   1035      0     34          44   1035
     GPU 0  1.000  0.940  0.745  0.000  0.001  0.000  0.623  0.000               9833263               7626982         100           0       0.000      99.000     170.948        5547745222   1035      0     34          44   1035
     GPU 0  1.000  0.000  0.000  0.000  0.001  0.000  0.000  0.000               1255171               1422527         100           0       0.000      99.000     170.948        5547745222   1035      0     34          44   1035
     GPU 0  1.000  0.941  0.745  0.000  0.001  0.000  0.602  0.000               5098370               4197575         100           0       0.000      99.000     170.948        5547745222   1035      0     34          45   1035
     GPU 0  1.000  0.000  0.000  0.000  0.001  0.000  0.000  0.000               9906227               7684793         100           0       0.000      99.000     170.948        5547745222   1035      0     34          45   1035
     GPU 0  1.000  0.932  0.735  0.000  0.001  0.000  0.611  0.000               6584197               5367915         100           0       0.000      99.000     170.948        5547745222   1035      0     34          44   1035
     GPU 0  1.000  0.934  0.766  0.000  0.001  0.000  0.616  0.000               3827024               1644426         100           0       0.000      99.000     170.408        5547762445   1035      0     34          45   1035
     GPU 0  1.000  0.934  0.766  0.000  0.001  0.000  0.616  0.000               3827024               1644426         100           0       0.000      99.000     170.408        5547762445   1035      0     34          45   1035
     GPU 0  1.000  0.000  0.000  0.000  0.001  0.000  0.000  0.000               6741054               5064183         100           0       0.000      99.000     170.408        5547762445   1035      0     35          45   1035
     GPU 0  1.000  0.942  0.754  0.000  0.001  0.000  0.607  0.000               8003842               4445582         100           0       0.000      99.000     170.408        5547762445   1035      0     35          45   1035
     GPU 0  1.000  0.927  0.732  0.000  0.001  0.000  0.607  0.000               7738211               5551118         100           0       0.000      99.000     170.650        5547779638   1035      0     35          45   1035
     GPU 0  1.000  0.927  0.732  0.000  0.001  0.000  0.607  0.000               7738211               5551118         100           0       0.000      99.000     170.650        5547779638   1035      0     35          45   1035
     GPU 0  1.000  0.000  0.000  0.000  0.001  0.000  0.000  0.000               9913288               7571088         100           0       0.000      99.000     170.650        5547779638   1035      0     35          45   1035
     GPU 0  1.000  0.920  0.731  0.000  0.001  0.000  0.607  0.000               4924305               3923124         100           0       0.000      99.000     170.650        5547779638   1035      0     35          45   1035

# Entity  GRACT  SMACT  SMOCC  TENSO  DRAMA  FP64A  FP32A  FP16A                 PCITX                 PCIRX       GPUTL       MCUTL       MUSAM       GUSAM       POWER             TOTEC  SACLK  PSTAT  TMPTR       MMTMP  SMCLK
      Id                                                                                                                                                               W                mJ                    C           C       
     GPU 0  1.000  0.949  0.769  0.000  0.001  0.000  0.624  0.000               4452195               4180766         100           0       0.000      99.000     170.650        5547779638   1035      0     35          45   1035
     GPU 0  1.000  0.000  0.000  0.000  0.001  0.000  0.000  0.000               3420224               1432565         100           0       0.000      99.000     170.650        5547779638   1035      0     35          45   1035
     GPU 0  1.000  0.936  0.744  0.000  0.001  0.000  0.620  0.000               5997837               4324022         100           0       0.000      99.000     169.876        5547796930   1035      0     35          45   1035
     GPU 0  1.000  0.936  0.744  0.000  0.001  0.000  0.620  0.000               5997837               4324022         100           0       0.000      99.000     169.876        5547796930   1035      0     35          45   1035
     GPU 0  1.000  0.000  0.000  0.000  0.001  0.000  0.000  0.000               3466146               1410120         100           0       0.000      99.000     169.876        5547796930   1035      0     35          45   1035
     GPU 0  1.000  0.946  0.763  0.000  0.001  0.000  0.611  0.000               6496909               4376238         100           0       0.000      99.000     169.876        5547796930   1035      0     35          45   1035
     GPU 0  1.000  0.944  0.758  0.000  0.001  0.000  0.625  0.000              11259193               8100931         100           0       0.000      99.000     169.876        5547814078   1035      0     35          45   1035
     GPU 0  1.000  0.000  0.000  0.000  0.001  0.000  0.000  0.000              11564376               8564785         100           0       0.000      99.000     171.238        5547814078   1035      0     35          45   1035
     GPU 0  1.000  0.000  0.000  0.000  0.001  0.000  0.000  0.000              11564376               8564785         100           0       0.000      99.000     171.238        5547814078   1035      0     35          45   1035
     GPU 0  1.000  0.933  0.751  0.000  0.001  0.000  0.618  0.000               6904431               5538617         100           0       0.000      99.000     171.238        5547814078   1035      0     35          45   1035
     GPU 0  1.000  0.939  0.751  0.000  0.001  0.000  0.621  0.000               4974926               3720932         100           0       0.000      99.000     171.238        5547814078   1035      0     35          45   1035
     GPU 0  1.000  0.000  0.000  0.000  0.001  0.000  0.000  0.000               8648611               6540250         100           0       0.000      99.000     171.238        5547814078   1035      0     35          45   1035
     GPU 0  1.000  0.942  0.745  0.000  0.001  0.000  0.624  0.000               8782095               6326769         100           0       0.000      99.000     170.948        5547831321   1035      0     35          45   1035
     GPU 0  1.000  0.942  0.745  0.000  0.001  0.000  0.624  0.000               8782095               6326769         100           0       0.000      99.000     170.948        5547831321   1035      0     35          45   1035

# Entity  GRACT  SMACT  SMOCC  TENSO  DRAMA  FP64A  FP32A  FP16A                 PCITX                 PCIRX       GPUTL       MCUTL       MUSAM       GUSAM       POWER             TOTEC  SACLK  PSTAT  TMPTR       MMTMP  SMCLK
      Id                                                                                                                                                               W                mJ                    C           C       
     GPU 0  1.000  0.923  0.775  0.000  0.001  0.000  0.614  0.000               3423876               1410754         100           0       0.000      99.000     170.948        5547831321   1035      0     35          45   1035
     GPU 0  1.000  0.000  0.000  0.000  0.001  0.000  0.000  0.000               5780891               2969248         100           0       0.000      99.000     170.948        5547831321   1035      0     35          45   1035
     GPU 0  1.000  0.940  0.757  0.000  0.001  0.000  0.624  0.000               5162468               3022722         100           0       0.000      99.000     171.480        5547848610   1035      0     35          45   1035
     GPU 0  1.000  0.946  0.756  0.000  0.001  0.000  0.622  0.000               7588838               4521511         100           0       0.000      99.000     171.480        5547848610   1035      0     35          45   1035
     GPU 0  1.000  0.000  0.000  0.000  0.001  0.000  0.000  0.000               7161617               4848955         100           0       0.000      99.000     171.480        5547848610   1035      0     35          45   1035
     GPU 0  1.000  0.000  0.000  0.000  0.001  0.000  0.000  0.000               7161617               4848955         100           0       0.000      99.000     171.480        5547848610   1035      0     35          45   1035
     GPU 0  1.000  0.944  0.762  0.000  0.001  0.000  0.625  0.000               9281443               6681941         100           0       0.000      99.000     171.480        5547848610   1035      0     35          45   1035
     GPU 0  1.000  0.941  0.755  0.000  0.001  0.000  0.623  0.000               7375486               6076332         100           0       0.000      99.000     171.480        5547848610   1035      0     35          45   1035
     GPU 0  1.000  0.000  0.000  0.000  0.001  0.000  0.000  0.000               6871407               4734495         100           0       0.000      99.000     171.480        5547865966   1035      0     35          45   1035
     GPU 0  1.000  0.000  0.000  0.000  0.001  0.000  0.000  0.000               6871407               4734495         100           0       0.000      99.000     171.480        5547865966   1035      0     35          45   1035
     GPU 0  1.000  0.936  0.745  0.000  0.001  0.000  0.614  0.000               3426427               1327791         100           0       0.000      99.000     171.480        5547865966   1035      0     35          45   1035
     GPU 0  1.000  0.966  0.812  0.000  0.001  0.000  0.653  0.000               5257548               3124007         100           0       0.000      99.000     171.480        5547865966   1035      0     35          45   1035
     GPU 0  1.000  0.000  0.000  0.000  0.001  0.000  0.000  0.000               8438143               5370222         100           0       0.000      99.000     170.650        5547865966   1035      0     35          45   1035
     GPU 0  1.000  0.940  0.746  0.000  0.001  0.000  0.621  0.000              10611323               6428076         100           0       0.000      99.000     170.650        5547883527   1035      0     35          45   1035

# Entity  GRACT  SMACT  SMOCC  TENSO  DRAMA  FP64A  FP32A  FP16A                 PCITX                 PCIRX       GPUTL       MCUTL       MUSAM       GUSAM       POWER             TOTEC  SACLK  PSTAT  TMPTR       MMTMP  SMCLK
      Id                                                                                                                                                               W                mJ                    C           C       
     GPU 0  1.000  0.940  0.746  0.000  0.001  0.000  0.621  0.000              10611323               6428076         100           0       0.000      99.000     170.650        5547883527   1035      0     35          45   1035
     GPU 0  1.000  0.938  0.741  0.000  0.001  0.000  0.601  0.000               3385290               3343192         100           0       0.000      99.000     170.650        5547883527   1035      0     35          45   1035
     GPU 0  1.000  0.000  0.000  0.000  0.001  0.000  0.000  0.000               7657517               6234799         100           0       0.000      99.000     170.650        5547883527   1035      0     35          45   1035
     GPU 0  1.000  0.936  0.750  0.000  0.001  0.000  0.620  0.000               3738392               1666377         100           0       0.000      99.000     170.650        5547883527   1035      0     35          45   1035
     GPU 0  1.000  0.942  0.779  0.000  0.001  0.000  0.610  0.000               3373242               1199113         100           0       0.000      99.000     170.408        5547900510   1035      0     35          45   1035
     GPU 0  1.000  0.942  0.779  0.000  0.001  0.000  0.610  0.000               3373242               1199113         100           0       0.000      99.000     170.408        5547900510   1035      0     35          45   1035
     GPU 0  1.000  0.000  0.000  0.000  0.001  0.000  0.000  0.000               4508247               2999324         100           0       0.000      99.000     170.408        5547900510   1035      0     35          45   1035
     GPU 0  1.000  0.947  0.768  0.000  0.001  0.000  0.615  0.000               7388441               5053146         100           0       0.000      99.000     170.408        5547900510   1035      0     35          45   1035
     GPU 0  1.000  0.939  0.752  0.000  0.001  0.000  0.622  0.000              10843000               7211353         100           0       0.000      99.000     170.408        5547917755   1035      0     35          45   1035
     GPU 0  1.000  0.939  0.752  0.000  0.001  0.000  0.622  0.000              10843000               7211353         100           0       0.000      99.000     171.238        5547917755   1035      0     35          45   1035
     GPU 0  1.000  0.000  0.000  0.000  0.001  0.000  0.000  0.000               6466832               4671584         100           0       0.000      99.000     171.238        5547917755   1035      0     35          45   1035
     GPU 0  1.000  0.945  0.755  0.000  0.001  0.000  0.604  0.000               9683838               7470290         100           0       0.000      99.000     171.238        5547917755   1035      0     35          45   1035
     GPU 0  1.000  0.951  0.759  0.000  0.001  0.000  0.620  0.000              10651915               8010163         100           0       0.000      99.000     171.238        5547917755   1035      0     35          45   1035
     GPU 0  1.000  0.000  0.000  0.000  0.001  0.000  0.000  0.000              10016788               7687721         100           0       0.000      99.000     171.238        5547917755   1035      0     35          45   1035

# Entity  GRACT  SMACT  SMOCC  TENSO  DRAMA  FP64A  FP32A  FP16A                 PCITX                 PCIRX       GPUTL       MCUTL       MUSAM       GUSAM       POWER             TOTEC  SACLK  PSTAT  TMPTR       MMTMP  SMCLK
      Id                                                                                                                                                               W                mJ                    C           C       
     GPU 0  1.000  0.933  0.737  0.000  0.002  0.000  0.614  0.000               8499434               6088346         100           0       0.000      99.000     170.118        5547935115   1035      0     35          45   1035
     GPU 0  1.000  0.000  0.000  0.000  0.001  0.000  0.000  0.000               1172627               1005109         100           0       0.000      99.000     170.118        5547935115   1035      0     35          45   1035
     GPU 0  1.000  0.000  0.000  0.000  0.001  0.000  0.000  0.000               1172627               1005109         100           0       0.000      99.000     170.118        5547935115   1035      0     35          45   1035
     GPU 0  0.366  0.689  0.548  0.000  0.001  0.000  0.442  0.000             378754976                249547         100           0       0.000      99.000     170.118        5547935115   1035      0     34          45   1035
     GPU 0  0.000  0.000  0.000  0.000  0.000  0.000  0.000  0.000               1963185                205517         100           0       0.000      99.000      89.787        5547948614   1035      0     33          45   1035
     GPU 0  0.000  0.000  0.000  0.000  0.000  0.000  0.000  0.000               3303864                275322         100           0       0.000      99.000      89.787        5547948614   1035      0     32          45   1035
     GPU 0  0.000  0.000  0.000  0.000  0.000  0.000  0.000  0.000               1870940                209462          73           0       0.000      73.000      89.787        5547948614   1035      0     32          45   1035
     GPU 0  0.000  0.000  0.000  0.000  0.000  0.000  0.000  0.000               2044367                163372          73           0       0.000      73.000      89.787        5547948614   1035      0     32          45   1035
     GPU 0  0.000  0.000  0.000  0.000  0.000  0.000  0.000  0.000               4177973               1604111          73           0       0.000      73.000      89.787        5547948614   1035      0     31          45   1035
     GPU 0  0.000  0.000  0.000  0.000  0.000  0.000  0.000  0.000               4177973               1604111          73           0       0.000      73.000      89.787        5547948614   1035      0     31          45   1035
     GPU 0  0.000  0.000  0.000  0.000  0.000  0.000  0.000  0.000               4855759               2784626          73           0       0.000      73.000      87.884        5547957533   1035      0     31          45   1035
     GPU 0  0.000  0.000  0.000  0.000  0.000  0.000  0.000  0.000               5964018               3273046          73           0       0.000      73.000      87.884        5547957533   1035      0     31          45   1035
     GPU 0  0.000  0.000  0.000  0.000  0.000  0.000  0.000  0.000               7455630               5026076          73           0       0.000      73.000      87.884        5547957533   1035      0     31          45   1035
     GPU 0  0.000  0.000  0.000  0.000  0.000  0.000  0.000  0.000               7455630               5026076          73           0       0.000      73.000      87.884        5547957533   1035      0     31          45   1035

# Entity  GRACT  SMACT  SMOCC  TENSO  DRAMA  FP64A  FP32A  FP16A                 PCITX                 PCIRX       GPUTL       MCUTL       MUSAM       GUSAM       POWER             TOTEC  SACLK  PSTAT  TMPTR       MMTMP  SMCLK
      Id                                                                                                                                                               W                mJ                    C           C       
     GPU 0  0.000  0.000  0.000  0.000  0.000  0.000  0.000  0.000               6359522               3509244          73           0       0.000      73.000      87.884        5547966381   1035      0     31          45   1035
     GPU 0  0.000  0.000  0.000  0.000  0.000  0.000  0.000  0.000               1004346                 83695          73           0       0.000      73.000      87.593        5547966381   1035      0     31          45   1035
     GPU 0  0.000  0.000  0.000  0.000  0.000  0.000  0.000  0.000               6729256               3793011           0           0       0.000       0.000      87.593        5547966381   1035      0     30          45   1035
     GPU 0  0.000  0.000  0.000  0.000  0.000  0.000  0.000  0.000               9412654               6195186           0           0       0.000       0.000      87.593        5547966381   1035      0     30          45   1035
     GPU 0  0.000  0.000  0.000  0.000  0.000  0.000  0.000  0.000              10036349               6584404           0           0       0.000       0.000      87.593        5547966381   1035      0     30          45   1035
     GPU 0  0.000  0.000  0.000  0.000  0.000  0.000  0.000  0.000               9920141               6542173           0           0       0.000       0.000      87.593        5547966381   1035      0     30          45   1035
     GPU 0  0.000  0.000  0.000  0.000  0.000  0.000  0.000  0.000              11027508               6564924           0           0       0.000       0.000      87.593        5547975242   1035      0     30          45   1035
     GPU 0  0.000  0.000  0.000  0.000  0.000  0.000  0.000  0.000              11027508               6564924           0           0       0.000       0.000      87.593        5547975242   1035      0     30          45   1035
     GPU 0  0.000  0.000  0.000  0.000  0.000  0.000  0.000  0.000               4000029                275035           0           0       0.000       0.000      87.593        5547975242   1035      0     30          45   1035
     GPU 0  0.000  0.000  0.000  0.000  0.000  0.000  0.000  0.000               3301625                233270           0           0       0.000       0.000      87.593        5547975242   1035      0     30          45   1035
     GPU 0  0.000  0.000  0.000  0.000  0.000  0.000  0.000  0.000               3069436                275234           0           0       0.000       0.000      87.593        5547975242   1035      0     30          45   1035
     GPU 0  0.000  0.000  0.000  0.000  0.000  0.000  0.000  0.000               7920932               2707908           0           0       0.000       0.000      87.593        5547984220   1035      0     30          44   1035
     GPU 0  0.000  0.000  0.000  0.000  0.000  0.000  0.000  0.000               4648422               2246461           0           0       0.000       0.000      87.593        5547984220   1035      0     30          45   1035
     GPU 0  0.000  0.000  0.000  0.000  0.000  0.000  0.000  0.000               7025134               3910377           0           0       0.000       0.000      87.593        5547984220   1035      0     30          44   1035

# Entity  GRACT  SMACT  SMOCC  TENSO  DRAMA  FP64A  FP32A  FP16A                 PCITX                 PCIRX       GPUTL       MCUTL       MUSAM       GUSAM       POWER             TOTEC  SACLK  PSTAT  TMPTR       MMTMP  SMCLK
      Id                                                                                                                                                               W                mJ                    C           C       
     GPU 0  0.000  0.000  0.000  0.000  0.000  0.000  0.000  0.000               7025134               3910377           0           0       0.000       0.000      87.593        5547984220   1035      0     30          44   1035
     GPU 0  0.000  0.000  0.000  0.000  0.000  0.000  0.000  0.000               9736538               6410328           0           0       0.000       0.000      87.593        5547984220   1035      0     30          45   1035
     GPU 0  0.000  0.000  0.000  0.000  0.000  0.000  0.000  0.000              17790022              12437272           0           0       0.000       0.000      87.884        5547992903   1035      0     30          45   1035
     GPU 0  0.000  0.000  0.000  0.000  0.000  0.000  0.000  0.000              17790022              12437272           0           0       0.000       0.000      87.884        5547992903   1035      0     30          45   1035
     GPU 0  0.000  0.000  0.000  0.000  0.000  0.000  0.000  0.000               3494957              11067366           0           0       0.000       0.000      87.884        5547992903   1035      0     30          45   1035
     GPU 0  0.000  0.000  0.000  0.000  0.000  0.000  0.000  0.000               3494957              11067366           0           0       0.000       0.000      87.884        5547992903   1035      0     30          45   1035
     GPU 0  0.000  0.000  0.000  0.000  0.002  0.000  0.000  0.000               1285624                803515           0           0       0.000       0.000      87.884        5547992903   1035      0     30          44   1035
     GPU 0  0.000  0.000  0.000  0.000  0.002  0.000  0.000  0.000               1285624                803515           0           0       0.000       0.000      87.303        5547992903   1035      0     30          44   1035
     GPU 0  0.000  0.000  0.000  0.000  0.000  0.000  0.000  0.000               8373107              19304663           8           0       0.000       0.000      87.303        5548001730   1035      0     29          44   1035
     GPU 0  0.000  0.000  0.000  0.000  0.000  0.000  0.000  0.000               3233972               5578603           8           0       0.000       0.000      87.303        5548001730   1035      0     29          44   1035
     GPU 0  0.000  0.000  0.000  0.000  0.000  0.000  0.000  0.000               2989521               4899492           8           0       0.000       0.000      87.303        5548001730   1035      0     29          45   1035
     GPU 0  0.000  0.000  0.000  0.000  0.000  0.000  0.000  0.000               2989521               4899492           8           0       0.000       0.000      87.593        5548001730   1035      0     29          44   1035
     GPU 0  0.000  0.000  0.000  0.000  0.000  0.000  0.000  0.000               9326685               7552238           8           0       0.000       0.000      87.593        5548010579   1035      0     29          45   1035
     GPU 0  0.000  0.000  0.000  0.000  0.000  0.000  0.000  0.000               9886888               5780818           8           0       0.000       0.000      87.593        5548010579   1035      0     29          45   1035

# Entity  GRACT  SMACT  SMOCC  TENSO  DRAMA  FP64A  FP32A  FP16A                 PCITX                 PCIRX       GPUTL       MCUTL       MUSAM       GUSAM       POWER             TOTEC  SACLK  PSTAT  TMPTR       MMTMP  SMCLK
      Id                                                                                                                                                               W                mJ                    C           C       
     GPU 0  0.000  0.000  0.000  0.000  0.000  0.000  0.000  0.000               9886888               5780818           8           0       0.000       0.000      87.593        5548010579   1035      0     29          44   1035
     GPU 0  0.000  0.000  0.000  0.000  0.000  0.000  0.000  0.000              11517570               6868735           8           0       0.000       0.000      87.593        5548010579   1035      0     29          44   1035
     GPU 0  0.000  0.000  0.000  0.000  0.000  0.000  0.000  0.000               8393493               4958931           8           0       0.000       0.000      87.303        5548010579   1035      0     29          44   1035
     GPU 0  0.000  0.000  0.000  0.000  0.000  0.000  0.000  0.000               5922517               2012764           8           0       0.000       0.000      87.303        5548019417   1035      0     29          44   1035
     GPU 0  0.000  0.000  0.000  0.000  0.000  0.000  0.000  0.000               8247045               4242272           0           0       0.000       0.000      87.303        5548019417   1035      0     29          44   1035
     GPU 0  0.000  0.000  0.000  0.000  0.000  0.000  0.000  0.000               9556910               5505375           0           0       0.000       0.000      87.303        5548019417   1035      0     29          44   1035
     GPU 0  0.000  0.000  0.000  0.000  0.000  0.000  0.000  0.000               9615979               6532588           0           0       0.000       0.000      87.303        5548019417   1035      0     29          44   1035
     GPU 0  0.000  0.000  0.000  0.000  0.000  0.000  0.000  0.000               9615979               6532588           0           0       0.000       0.000      87.303        5548019417   1035      0     29          44   1035
     GPU 0  0.000  0.000  0.000  0.000  0.000  0.000  0.000  0.000               9819381               6450909           0           0       0.000       0.000      87.303        5548028232   1035      0     29          44   1035
     GPU 0  0.000  0.000  0.000  0.000  0.000  0.000  0.000  0.000              10275961               6703526           0           0       0.000       0.000      87.303        5548028232   1035      0     29          44   1035
     GPU 0  0.000  0.000  0.000  0.000  0.000  0.000  0.000  0.000              11053983               7116247           0           0       0.000       0.000      87.303        5548028232   1035      0     29          44   1035
     GPU 0  0.000  0.000  0.000  0.000  0.000  0.000  0.000  0.000              10152409               6703638           0           0       0.000       0.000      87.303        5548028232   1035      0     29          44   1035
     GPU 0  0.000  0.000  0.000  0.000  0.000  0.000  0.000  0.000               9623726               6432542           0           0       0.000       0.000      87.303        5548028232   1035      0     29          44   1035
     GPU 0  0.000  0.000  0.000  0.000  0.000  0.000  0.000  0.000              10185896               6612546           0           0       0.000       0.000      87.061        5548037112   1035      0     29          44   1035

# Entity  GRACT  SMACT  SMOCC  TENSO  DRAMA  FP64A  FP32A  FP16A                 PCITX                 PCIRX       GPUTL       MCUTL       MUSAM       GUSAM       POWER             TOTEC  SACLK  PSTAT  TMPTR       MMTMP  SMCLK
      Id                                                                                                                                                               W                mJ                    C           C       
     GPU 0  0.000  0.000  0.000  0.000  0.000  0.000  0.000  0.000              11134756               5601075           0           0       0.000       0.000      87.061        5548037112   1035      0     29          44   1035
     GPU 0  0.000  0.000  0.000  0.000  0.000  0.000  0.000  0.000               8534361               4615175           0           0       0.000       0.000      87.061        5548037112   1035      0     29          44   1035
     GPU 0  0.000  0.000  0.000  0.000  0.000  0.000  0.000  0.000               8534361               4615175           0           0       0.000       0.000      87.061        5548037112   1035      0     29          44   1035
     GPU 0  0.000  0.000  0.000  0.000  0.000  0.000  0.000  0.000               9327497               6259060           0           0       0.000       0.000      87.061        5548037112   1035      0     29          44   1035
     GPU 0  0.000  0.000  0.000  0.000  0.000  0.000  0.000  0.000               7190014               5056716           0           0       0.000       0.000      87.303        5548045869   1035      0     29          44   1035
     GPU 0  0.000  0.000  0.000  0.000  0.000  0.000  0.000  0.000               5032523               2924566           0           0       0.000       0.000      87.303        5548045869   1035      0     29          44   1035
     GPU 0  0.000  0.000  0.000  0.000  0.000  0.000  0.000  0.000               7505412               5242617           0           0       0.000       0.000      87.303        5548045869   1035      0     29          44   1035
     GPU 0  0.000  0.000  0.000  0.000  0.000  0.000  0.000  0.000               7505412               5242617           0           0       0.000       0.000      87.303        5548045869   1035      0     29          44   1035
     GPU 0  0.000  0.000  0.000  0.000  0.000  0.000  0.000  0.000               3999102                 41849           0           0       0.000       0.000      87.303        5548045869   1035      0     29          44   1035
     GPU 0  0.000  0.000  0.000  0.000  0.000  0.000  0.000  0.000               3300770                233222           0           0       0.000       0.000      87.593        5548054825   1035      0     29          44   1035
     GPU 0  0.000  0.000  0.000  0.000  0.000  0.000  0.000  0.000               6639103               2296627           0           0       0.000       0.000      87.593        5548054825   1035      0     29          44   1035
     GPU 0  0.000  0.000  0.000  0.000  0.000  0.000  0.000  0.000               6019468               2685156           0           0       0.000       0.000      87.593        5548054825   1035      0     29          44   1035
     GPU 0  0.000  0.000  0.000  0.000  0.000  0.000  0.000  0.000               6460114               3608136           0           0       0.000       0.000      87.593        5548054825   1035      0     29          44   1035
     GPU 0  0.000  0.000  0.000  0.000  0.000  0.000  0.000  0.000               6460114               3608136           0           0       0.000       0.000      87.593        5548054825   1035      0     29          44   1035

# Entity  GRACT  SMACT  SMOCC  TENSO  DRAMA  FP64A  FP32A  FP16A                 PCITX                 PCIRX       GPUTL       MCUTL       MUSAM       GUSAM       POWER             TOTEC  SACLK  PSTAT  TMPTR       MMTMP  SMCLK
      Id                                                                                                                                                               W                mJ                    C           C       
     GPU 0  0.000  0.000  0.000  0.000  0.000  0.000  0.000  0.000               9391769               5897791           0           0       0.000       0.000      87.303        5548063518   1035      0     29          44   1035
     GPU 0  0.000  0.000  0.000  0.000  0.000  0.000  0.000  0.000               6983812               4975424           0           0       0.000       0.000      87.303        5548063518   1035      0     29          44   1035
     GPU 0  0.000  0.000  0.000  0.000  0.000  0.000  0.000  0.000               6720531               3697576           0           0       0.000       0.000      87.303        5548063518   1035      0     29          44   1035
     GPU 0  0.000  0.000  0.000  0.000  0.000  0.000  0.000  0.000               9442093               6323378           0           0       0.000       0.000      87.303        5548063518   1035      0     29          44   1035
     GPU 0  0.000  0.000  0.000  0.000  0.000  0.000  0.000  0.000               9442093               6323378           0           0       0.000       0.000      87.303        5548063518   1035      0     29          44   1035
     GPU 0  0.000  0.000  0.000  0.000  0.000  0.000  0.000  0.000               6839104               4577007           0           0       0.000       0.000      87.593        5548072494   1035      0     29          44   1035
     GPU 0  0.000  0.000  0.000  0.000  0.000  0.000  0.000  0.000               1005630                 83802           0           0       0.000       0.000      87.593        5548072494   1035      0     29          44   1035
     GPU 0  0.000  0.000  0.000  0.000  0.000  0.000  0.000  0.000               9592408               5213854           0           0       0.000       0.000      87.593        5548072494   1035      0     29          44   1035
     GPU 0  0.000  0.000  0.000  0.000  0.000  0.000  0.000  0.000               9513434               6427439           0           0       0.000       0.000      87.593        5548072494   1035      0     29          44   1035
     GPU 0  0.000  0.000  0.000  0.000  0.000  0.000  0.000  0.000               6916627               4988434           0           0       0.000       0.000      87.593        5548072494   1035      0     29          44   1035
     GPU 0  0.000  0.000  0.000  0.000  0.000  0.000  0.000  0.000               3265588               1583266           0           0       0.000       0.000      87.303        5548081154   1035      0     29          44   1035
     GPU 0  0.000  0.000  0.000  0.000  0.000  0.000  0.000  0.000               3265588               1583266           0           0       0.000       0.000      87.303        5548081154   1035      0     29          44   1035
     GPU 0  0.000  0.000  0.000  0.000  0.000  0.000  0.000  0.000               3187490                274554           0           0       0.000       0.000      87.303        5548081154   1035      0     29          44   1035
     GPU 0  0.000  0.000  0.000  0.000  0.000  0.000  0.000  0.000               1961903                163491           0           0       0.000       0.000      87.303        5548081154   1035      0     29          44   1035

# Entity  GRACT  SMACT  SMOCC  TENSO  DRAMA  FP64A  FP32A  FP16A                 PCITX                 PCIRX       GPUTL       MCUTL       MUSAM       GUSAM       POWER             TOTEC  SACLK  PSTAT  TMPTR       MMTMP  SMCLK
      Id                                                                                                                                                               W                mJ                    C           C       
     GPU 0  0.000  0.000  0.000  0.000  0.000  0.000  0.000  0.000               4544941               2031775           0           0       0.000       0.000      87.303        5548081154   1035      0     29          44   1035
     GPU 0  0.000  0.000  0.000  0.000  0.000  0.000  0.000  0.000               7122603               4000700           0           0       0.000       0.000      87.061        5548090110   1035      0     29          44   1035
     GPU 0  0.000  0.000  0.000  0.000  0.000  0.000  0.000  0.000               7122603               4000700           0           0       0.000       0.000      87.061        5548090110   1035      0     29          44   1035
     GPU 0  0.000  0.000  0.000  0.000  0.000  0.000  0.000  0.000              10261864               5336688           0           0       0.000       0.000      87.061        5548090110   1035      0     29          44   1035
     GPU 0  0.000  0.000  0.000  0.000  0.000  0.000  0.000  0.000               6564085               3858604           0           0       0.000       0.000      87.061        5548090110   1035      0     29          44   1035
     GPU 0  0.000  0.000  0.000  0.000  0.000  0.000  0.000  0.000               9382494               6367009           0           0       0.000       0.000      87.061        5548090110   1035      0     29          44   1035
     GPU 0  0.000  0.000  0.000  0.000  0.000  0.000  0.000  0.000               9223342               6153113           0           0       0.000       0.000      87.061        5548098756   1035      0     29          44   1035
     GPU 0  0.000  0.000  0.000  0.000  0.000  0.000  0.000  0.000               9448310               6246982           0           0       0.000       0.000      87.061        5548098756   1035      0     29          44   1035
     GPU 0  0.000  0.000  0.000  0.000  0.000  0.000  0.000  0.000              10341438               6782705           0           0       0.000       0.000      87.061        5548098756   1035      0     29          44   1035
     GPU 0  0.000  0.000  0.000  0.000  0.000  0.000  0.000  0.000              12440762              13806491           0           0       0.000       0.000      87.061        5548098756   1035      0     29          44   1035
     GPU 0  0.000  0.000  0.000  0.000  0.000  0.000  0.000  0.000              12440762              13806491           0           0       0.000       0.000      87.061        5548098756   1035      0     29          44   1035
     GPU 0  0.000  0.000  0.000  0.000  0.000  0.000  0.000  0.000              10626468               6793339           0           0       0.000       0.000      87.061        5548107695   1035      0     29          44   1035
     GPU 0  0.000  0.000  0.000  0.000  0.000  0.000  0.000  0.000               1004173                     0           0           0       0.000       0.000      87.303        5548107695   1035      0     29          44    270
     GPU 0  0.000  0.000  0.000  0.000  0.000  0.000  0.000  0.000               8323292               4934796           0           0       0.000       0.000      87.303        5548107695   1035      0     28          44    270
