# Entity  GRACT  SMACT  SMOCC  TENSO  DRAMA  FP64A  FP32A  FP16A                 PCITX                 PCIRX       GPUTL       MCUTL       MUSAM       GUSAM       POWER             TOTEC  SACLK  PSTAT  TMPTR       MMTMP  SMCLK
      Id                                                                                                                                                               W                mJ                    C           C       
     GPU 0  0.000  0.000  0.000  0.000  0.000  0.000  0.000  0.000              90349075               8213552           0           0       0.000       0.000      76.729        3337672504   1185      0     27          43    210
     GPU 0  0.000  0.000  0.000  0.000  0.000  0.000  0.000  0.000               8460078               4626480           0           0       0.000       0.000      76.729        3337672504   1185      0     27          43    210
     GPU 0  0.000  0.000  0.000  0.000  0.000  0.000  0.000  0.000               8460078               4626480           0           0       0.000       0.000      78.632        3337672504   1185      0     27          43    210
     GPU 0  0.000  0.000  0.000  0.000  0.000  0.000  0.000  0.000               6902490               5062784           0           0       0.000       0.000      78.632        3337680433   1185      0     27          43    210
     GPU 0  0.000  0.000  0.000  0.000  0.000  0.000  0.000  0.000               6362211               3647825           0           0       0.000       0.000      78.632        3337680433   1185      0     27          44    210
     GPU 0  0.000  0.000  0.000  0.000  0.000  0.000  0.000  0.000               6362211               3647825           0           0       0.000       0.000      78.632        3337680433   1185      0     27          43    210
     GPU 0  0.000  0.000  0.000  0.000  0.000  0.000  0.000  0.000               5279578               4218204           0           0       0.000       0.000      78.632        3337680433   1185      0     27          43    210
     GPU 0  0.000  0.000  0.000  0.000  0.000  0.000  0.000  0.000               7546619               4246661           0           0       0.000       0.000      78.632        3337688253   1185      0     27          43    210
     GPU 0  0.000  0.000  0.000  0.000  0.000  0.000  0.000  0.000               1255420                 83694           0           0       0.000       0.000      78.632        3337688253   1185      0     27          43    210
     GPU 0  0.000  0.000  0.000  0.000  0.000  0.000  0.000  0.000               5678993               2820082           0           0       0.000       0.000      78.632        3337688253   1185      0     27          43    210
     GPU 0  0.000  0.000  0.000  0.000  0.000  0.000  0.000  0.000               3716579                274431           0           0       0.000       0.000      78.632        3337688253   1185      0     27          43    210
     GPU 0  0.000  0.000  0.000  0.000  0.000  0.000  0.000  0.000               5201106               1489890           0           0       0.000       0.000      78.632        3337688253   1185      0     27          43    210
     GPU 0  0.000  0.000  0.000  0.000  0.000  0.000  0.000  0.000               5201106               1489890           0           0       0.000       0.000      78.632        3337688253   1185      0     27          43    210
     GPU 0  0.000  0.000  0.000  0.000  0.000  0.000  0.000  0.000               7863765               3074413           0           0       0.000       0.000      78.632        3337696339   1185      0     27          43    210
     GPU 0  0.000  0.000  0.000  0.000  0.000  0.000  0.000  0.000               7428204               4484039           0           0       0.000       0.000      78.632        3337696339   1185      0     27          43    210

# Entity  GRACT  SMACT  SMOCC  TENSO  DRAMA  FP64A  FP32A  FP16A                 PCITX                 PCIRX       GPUTL       MCUTL       MUSAM       GUSAM       POWER             TOTEC  SACLK  PSTAT  TMPTR       MMTMP  SMCLK
      Id                                                                                                                                                               W                mJ                    C           C       
     GPU 0  0.000  0.000  0.000  0.000  0.000  0.000  0.000  0.000               6455973               4297467           0           0       0.000       0.000      78.632        3337696339   1185      0     27          43    210
     GPU 0  0.000  0.000  0.000  0.000  0.000  0.000  0.000  0.000               6455973               4297467           0           0       0.000       0.000      78.632        3337696339   1185      0     27          43    210
     GPU 0  0.000  0.000  0.000  0.000  0.000  0.000  0.000  0.000               8711586               6070494           0           0       0.000       0.000      78.632        3337704139   1185      0     27          43    210
     GPU 0  0.000  0.000  0.000  0.000  0.000  0.000  0.000  0.000               6698725               3355874           0           0       0.000       0.000      78.632        3337704139   1185      0     27          43    210
     GPU 0  0.000  0.000  0.000  0.000  0.000  0.000  0.000  0.000               8720908               5995799           0           0       0.000       0.000      78.632        3337704139   1185      0     27          43    210
     GPU 0  0.000  0.000  0.000  0.000  0.000  0.000  0.000  0.000               9394349               6710368           0           0       0.000       0.000      78.632        3337704139   1185      0     27          43    210
     GPU 0  0.000  0.000  0.000  0.000  0.000  0.000  0.000  0.000               9630690               6532139           0           0       0.000       0.000      78.632        3337704139   1185      0     27          44    210
     GPU 0  0.000  0.000  0.000  0.000  0.000  0.000  0.000  0.000               3245385               6324340           0           0       0.000       0.000      78.923        3337712078   1185      0     27          43    210
     GPU 0  0.000  0.000  0.000  0.000  0.000  0.000  0.000  0.000               3245385               6324340           0           0       0.000       0.000      78.923        3337712078   1185      0     27          43    210
     GPU 0  0.000  0.000  0.000  0.000  0.000  0.000  0.000  0.000               4863544               3865894           0           0       0.000       0.000      78.923        3337712078   1185      0     27          43    210
     GPU 0  0.000  0.000  0.000  0.000  0.000  0.000  0.000  0.000               2161162              11637028           0           0       0.000       0.000      78.923        3337712078   1185      0     27          43    210
     GPU 0  0.000  0.000  0.000  0.000  0.000  0.000  0.000  0.000               9300491              23291666           0           0       0.000       0.000      78.923        3337712078   1185      0     27          43    210
     GPU 0  0.000  0.000  0.000  0.000  0.000  0.000  0.000  0.000               3334214              12523634           0           0       0.000       0.000      78.632        3337712078   1185      0     27          43    210
     GPU 0  0.000  0.000  0.000  0.000  0.000  0.000  0.000  0.000               7074027               5199712           0           0       0.000       0.000      78.632        3337720006   1185      0     27          43    210

# Entity  GRACT  SMACT  SMOCC  TENSO  DRAMA  FP64A  FP32A  FP16A                 PCITX                 PCIRX       GPUTL       MCUTL       MUSAM       GUSAM       POWER             TOTEC  SACLK  PSTAT  TMPTR       MMTMP  SMCLK
      Id                                                                                                                                                               W                mJ                    C           C       
     GPU 0  0.000  0.000  0.000  0.000  0.000  0.000  0.000  0.000               7074027               5199712           0           0       0.000       0.000      78.632        3337720006   1185      0     27          43    210
     GPU 0  0.000  0.000  0.000  0.000  0.000  0.000  0.000  0.000               5006386               3282876           0           0       0.000       0.000      78.632        3337720006   1185      0     27          43    210
     GPU 0  0.000  0.000  0.000  0.000  0.000  0.000  0.000  0.000               1002820                617120           0           0       0.000       0.000      78.632        3337720006   1185      0     27          43    210
     GPU 0  0.000  0.000  0.000  0.000  0.000  0.000  0.000  0.000               1765534               2568050           0           0       0.000       0.000      78.632        3337727966   1185      0     27          43    210
     GPU 0  0.000  0.000  0.000  0.000  0.000  0.000  0.000  0.000               1765534               2568050           0           0       0.000       0.000      78.632        3337727966   1185      0     27          43    210
     GPU 0  0.000  0.000  0.000  0.000  0.000  0.000  0.000  0.000               8207329               5113797           0           0       0.000       0.000      78.632        3337727966   1185      0     27          43    210
     GPU 0  0.000  0.000  0.000  0.000  0.000  0.000  0.000  0.000               3674417               3458275           0           0       0.000       0.000      78.632        3337727966   1185      0     27          43    210
     GPU 0  0.000  0.000  0.000  0.000  0.000  0.000  0.000  0.000               3674417               3458275           0           0       0.000       0.000      78.632        3337727966   1185      0     27          43    210
     GPU 0  0.000  0.000  0.000  0.000  0.000  0.000  0.000  0.000               3674417               3458275           0           0       0.000       0.000      78.632        3337735922   1185      0     27          43    210
     GPU 0  0.000  0.000  0.000  0.000  0.000  0.000  0.000  0.000               8314618               6236660           0           0       0.000       0.000      78.632        3337735922   1185      0     27          43    210
     GPU 0  0.000  0.000  0.000  0.000  0.000  0.000  0.000  0.000              12713926               8025666           0           0       0.000       0.000      78.632        3337735922   1185      0     27          43    210
     GPU 0  0.000  0.000  0.000  0.000  0.000  0.000  0.000  0.000              12713926               8025666           0           0       0.000       0.000      78.632        3337735922   1185      0     27          43    210
     GPU 0  0.000  0.000  0.000  0.000  0.000  0.000  0.000  0.000              14636054              42737358           0           0       0.000       0.000      78.632        3337735922   1185      0     27          43    210
     GPU 0  0.000  0.000  0.000  0.000  0.000  0.000  0.000  0.000              14636054              42737358           0           0       0.000       0.000      78.632        3337743858   1185      0     27          43    210

# Entity  GRACT  SMACT  SMOCC  TENSO  DRAMA  FP64A  FP32A  FP16A                 PCITX                 PCIRX       GPUTL       MCUTL       MUSAM       GUSAM       POWER             TOTEC  SACLK  PSTAT  TMPTR       MMTMP  SMCLK
      Id                                                                                                                                                               W                mJ                    C           C       
     GPU 0  0.000  0.000  0.000  0.000  0.000  0.000  0.000  0.000              11833270              20215572           0           0       0.000       0.000      78.632        3337743858   1185      0     27          43    210
     GPU 0  0.000  0.000  0.000  0.000  0.000  0.000  0.000  0.000              11833270              20215572           0           0       0.000       0.000      78.632        3337743858   1185      0     27          43   1185
     GPU 0  0.042  0.000  0.000  0.000  0.000  0.000  0.000  0.000              17167651              21972831           0           0       0.000       0.000      78.632        3337743858   1185      0     27          43   1185
     GPU 0  0.054  0.000  0.000  0.000  0.000  0.000  0.000  0.000              16835235              48689473           0           0       0.000       0.000      78.632        3337743858   1185      0     27          43   1185
     GPU 0  0.009  0.000  0.000  0.000  0.001  0.000  0.000  0.000             245322557            2127335237           0           0       0.000       0.000      78.632        3337752436   1185      0     27          43   1185
     GPU 0  0.271  0.000  0.000  0.000  0.001  0.000  0.000  0.000              76921935             591976347           0           0       0.000       0.000      91.102        3337752436   1185      0     28          43   1185
     GPU 0  1.000  0.940  0.752  0.000  0.002  0.000  0.621  0.000               4816708               4565435           0           0       0.000       0.000      91.102        3337752436   1185      0     30          43   1185
     GPU 0  1.000  0.960  0.761  0.000  0.002  0.000  0.628  0.000               1951499               1414505           0           0       0.000       0.000      91.102        3337752436   1185      0     30          44   1185
     GPU 0  1.000  0.000  0.000  0.000  0.001  0.000  0.000  0.000              13646188               9841717           0           0       0.000       0.000      91.102        3337752436   1185      0     31          44   1185
     GPU 0  1.000  0.939  0.767  0.000  0.001  0.000  0.623  0.000               7196272               4091947          50           0       0.000      50.000      91.102        3337769275   1185      0     31          43   1185
     GPU 0  1.000  0.939  0.767  0.000  0.001  0.000  0.623  0.000               7196272               4091947          50           0       0.000      50.000     195.326        3337769275   1185      0     31          43   1185
     GPU 0  1.000  0.940  0.749  0.000  0.001  0.000  0.623  0.000              14137255               9847381          50           0       0.000      50.000     195.326        3337769275   1185      0     32          44   1185
     GPU 0  1.000  0.000  0.000  0.000  0.002  0.000  0.000  0.000               8771725               7218037          50           0       0.000      50.000     195.326        3337769275   1185      0     32          44   1185
     GPU 0  1.000  0.939  0.740  0.000  0.002  0.000  0.600  0.000               9825240               7649339          50           0       0.000      50.000     195.326        3337769275   1185      0     32          44   1185

# Entity  GRACT  SMACT  SMOCC  TENSO  DRAMA  FP64A  FP32A  FP16A                 PCITX                 PCIRX       GPUTL       MCUTL       MUSAM       GUSAM       POWER             TOTEC  SACLK  PSTAT  TMPTR       MMTMP  SMCLK
      Id                                                                                                                                                               W                mJ                    C           C       
     GPU 0  1.000  0.935  0.746  0.000  0.001  0.000  0.616  0.000               8878213               6853776          50           0       0.000      50.000     195.326        3337769275   1185      0     32          44   1185
     GPU 0  1.000  0.000  0.000  0.000  0.001  0.000  0.000  0.000              10195871               6964636          50           0       0.000      50.000     195.390        3337789220   1185      0     32          44   1185
     GPU 0  1.000  0.935  0.752  0.000  0.002  0.000  0.617  0.000               9858778               7340440          50           0       0.000      50.000     195.390        3337789220   1185      0     33          44   1185
     GPU 0  1.000  0.947  0.743  0.000  0.002  0.000  0.609  0.000              10972965               8633320          50           0       0.000      50.000     195.390        3337789220   1185      0     33          44   1185
     GPU 0  1.000  0.000  0.000  0.000  0.001  0.000  0.000  0.000              10203378               7727742          50           0       0.000      50.000     195.390        3337789220   1185      0     33          44   1185
     GPU 0  1.000  0.000  0.000  0.000  0.001  0.000  0.000  0.000              10203378               7727742         100           0       0.000      99.000     195.858        3337808953   1185      0     33          44   1185
     GPU 0  1.000  0.942  0.748  0.000  0.001  0.000  0.622  0.000               7590922               6625587         100           0       0.000      99.000     195.858        3337808953   1185      0     33          44   1185
     GPU 0  1.000  0.940  0.745  0.000  0.001  0.000  0.620  0.000              11040705               8580513         100           0       0.000      99.000     195.858        3337808953   1185      0     33          44   1185
     GPU 0  1.000  0.000  0.000  0.000  0.001  0.000  0.000  0.000              11334322               8327276         100           0       0.000      99.000     195.858        3337808953   1185      0     33          44   1185
     GPU 0  1.000  0.954  0.762  0.000  0.001  0.000  0.629  0.000               8349705               6797195         100           0       0.000      99.000     195.858        3337808953   1185      0     33          44   1185
     GPU 0  1.000  0.937  0.745  0.000  0.002  0.000  0.619  0.000               9867215               7010343         100           0       0.000      99.000     196.398        3337808953   1185      0     33          44   1185
     GPU 0  1.000  0.000  0.000  0.000  0.002  0.000  0.000  0.000               8977005               6585340         100           0       0.000      99.000     196.398        3337828825   1185      0     34          44   1185
     GPU 0  1.000  0.939  0.731  0.000  0.001  0.000  0.617  0.000              10359260               7970056         100           0       0.000      99.000     196.398        3337828825   1185      0     34          44   1185
     GPU 0  1.000  0.936  0.745  0.000  0.002  0.000  0.605  0.000              10519206               8004162         100           0       0.000      99.000     196.398        3337828825   1185      0     34          44   1185

# Entity  GRACT  SMACT  SMOCC  TENSO  DRAMA  FP64A  FP32A  FP16A                 PCITX                 PCIRX       GPUTL       MCUTL       MUSAM       GUSAM       POWER             TOTEC  SACLK  PSTAT  TMPTR       MMTMP  SMCLK
      Id                                                                                                                                                               W                mJ                    C           C       
     GPU 0  1.000  0.936  0.745  0.000  0.002  0.000  0.605  0.000              10519206               8004162         100           0       0.000      99.000     196.398        3337828825   1185      0     34          44   1185
     GPU 0  1.000  0.000  0.000  0.000  0.001  0.000  0.000  0.000               7425907               6566942         100           0       0.000      99.000     196.398        3337828825   1185      0     34          44   1185
     GPU 0  1.000  0.000  0.000  0.000  0.001  0.000  0.000  0.000               7425907               6566942         100           0       0.000      99.000     196.398        3337848591   1185      0     34          44   1185
     GPU 0  1.000  0.000  0.000  0.000  0.001  0.000  0.000  0.000               7425907               6566942         100           0       0.000      99.000     196.978        3337848591   1185      0     34          44   1185
     GPU 0  1.000  0.935  0.740  0.000  0.001  0.000  0.617  0.000               1256005               1339738         100           0       0.000      99.000     196.978        3337848591   1185      0     34          44   1185
     GPU 0  1.000  0.000  0.000  0.000  0.001  0.000  0.000  0.000              13604852               9223924         100           0       0.000      99.000     196.978        3337848591   1185      0     34          44   1185
     GPU 0  1.000  0.000  0.000  0.000  0.001  0.000  0.000  0.000              13604852               9223924         100           0       0.000      99.000     196.460        3337848591   1185      0     34          44   1185
     GPU 0  1.000  0.940  0.750  0.000  0.002  0.000  0.621  0.000              10606796               7322912         100           0       0.000      99.000     196.460        3337868727   1185      0     34          44   1185
     GPU 0  1.000  0.943  0.745  0.000  0.002  0.000  0.595  0.000               3385095               3224192         100           0       0.000      99.000     196.460        3337868727   1185      0     34          44   1185
     GPU 0  1.000  0.000  0.000  0.000  0.002  0.000  0.000  0.000               9115418               6620066         100           0       0.000      99.000     196.460        3337868727   1185      0     34          44   1185
     GPU 0  1.000  0.938  0.744  0.000  0.001  0.000  0.620  0.000              12729639               9380504         100           0       0.000      99.000     196.460        3337868727   1185      0     34          44   1185
     GPU 0  1.000  0.937  0.754  0.000  0.001  0.000  0.619  0.000               8916131               6853759         100           0       0.000      99.000     196.688        3337888625   1185      0     35          44   1185
     GPU 0  1.000  0.937  0.754  0.000  0.001  0.000  0.619  0.000               8916131               6853759         100           0       0.000      99.000     196.688        3337888625   1185      0     35          44   1185
     GPU 0  1.000  0.000  0.000  0.000  0.001  0.000  0.000  0.000               8133700               6090315         100           0       0.000      99.000     196.688        3337888625   1185      0     35          44   1185

# Entity  GRACT  SMACT  SMOCC  TENSO  DRAMA  FP64A  FP32A  FP16A                 PCITX                 PCIRX       GPUTL       MCUTL       MUSAM       GUSAM       POWER             TOTEC  SACLK  PSTAT  TMPTR       MMTMP  SMCLK
      Id                                                                                                                                                               W                mJ                    C           C       
     GPU 0  1.000  0.941  0.747  0.000  0.001  0.000  0.621  0.000               6293361               5964907         100           0       0.000      99.000     196.688        3337888625   1185      0     35          44   1185
     GPU 0  1.000  0.940  0.745  0.000  0.001  0.000  0.620  0.000               4934080               4622092         100           0       0.000      99.000     196.688        3337888625   1185      0     35          44   1185
     GPU 0  1.000  0.000  0.000  0.000  0.001  0.000  0.000  0.000               2335337               1483847         100           0       0.000      99.000     196.688        3337908479   1185      0     35          44   1185
     GPU 0  1.000  0.940  0.751  0.000  0.002  0.000  0.603  0.000               1591489               1675252         100           0       0.000      99.000     196.149        3337908479   1185      0     35          44   1185
     GPU 0  1.000  0.000  0.000  0.000  0.001  0.000  0.000  0.000               4117742               4067533         100           0       0.000      99.000     196.149        3337908479   1185      0     35          44   1185
     GPU 0  1.000  0.938  0.734  0.000  0.001  0.000  0.615  0.000               2581530               1402515         100           0       0.000      99.000     196.149        3337908479   1185      0     35          44   1185
     GPU 0  1.000  0.938  0.734  0.000  0.001  0.000  0.615  0.000               2581530               1402515         100           0       0.000      99.000     196.149        3337908479   1185      0     35          44   1185
     GPU 0  1.000  0.944  0.749  0.000  0.001  0.000  0.624  0.000               2210194               1358457         100           0       0.000      99.000     196.460        3337928318   1185      0     35          44   1185
     GPU 0  1.000  0.000  0.000  0.000  0.001  0.000  0.000  0.000               7387134               4111817         100           0       0.000      99.000     196.460        3337928318   1185      0     35          44   1185
     GPU 0  1.000  0.937  0.742  0.000  0.001  0.000  0.619  0.000               4852362               3014821         100           0       0.000      99.000     196.460        3337928318   1185      0     35          44   1185
     GPU 0  1.000  0.940  0.748  0.000  0.001  0.000  0.621  0.000               7040386               4458989         100           0       0.000      99.000     196.460        3337928318   1185      0     35          44   1185
     GPU 0  1.000  0.000  0.000  0.000  0.001  0.000  0.000  0.000               7441801               5166710         100           0       0.000      99.000     196.460        3337928318   1185      0     35          44   1185
     GPU 0  1.000  0.942  0.755  0.000  0.002  0.000  0.623  0.000               9310975               6744223         100           0       0.000      99.000     196.460        3337948327   1185      0     35          44   1185
     GPU 0  1.000  0.942  0.755  0.000  0.002  0.000  0.623  0.000               9310975               6744223         100           0       0.000      99.000     196.750        3337948327   1185      0     35          44   1185

# Entity  GRACT  SMACT  SMOCC  TENSO  DRAMA  FP64A  FP32A  FP16A                 PCITX                 PCIRX       GPUTL       MCUTL       MUSAM       GUSAM       POWER             TOTEC  SACLK  PSTAT  TMPTR       MMTMP  SMCLK
      Id                                                                                                                                                               W                mJ                    C           C       
     GPU 0  1.000  0.945  0.762  0.000  0.002  0.000  0.606  0.000              11008784               7258601         100           0       0.000      99.000     196.750        3337948327   1185      0     35          44   1185
     GPU 0  1.000  0.000  0.000  0.000  0.002  0.000  0.000  0.000               3433101               3726701         100           0       0.000      99.000     196.750        3337948327   1185      0     35          44   1185
     GPU 0  1.000  0.949  0.758  0.000  0.002  0.000  0.630  0.000              10084180               7711431         100           0       0.000      99.000     196.750        3337948327   1185      0     35          44   1185
     GPU 0  1.000  0.000  0.000  0.000  0.001  0.000  0.000  0.000               1257914               1341775         100           0       0.000      99.000     196.978        3337968197   1185      0     35          44   1185
     GPU 0  1.000  0.000  0.000  0.000  0.001  0.000  0.000  0.000               1257914               1341775         100           0       0.000      99.000     196.978        3337968197   1185      0     35          44   1185
     GPU 0  1.000  0.939  0.746  0.000  0.002  0.000  0.621  0.000               8277057               5872393         100           0       0.000      99.000     196.978        3337968197   1185      0     35          44   1185
     GPU 0  1.000  0.950  0.768  0.000  0.001  0.000  0.629  0.000               3427859               1603246         100           0       0.000      99.000     196.978        3337968197   1185      0     35          44   1185
     GPU 0  1.000  0.000  0.000  0.000  0.001  0.000  0.000  0.000               5640111               2981314         100           0       0.000      99.000     196.978        3337968197   1185      0     35          44   1185
     GPU 0  1.000  0.945  0.762  0.000  0.002  0.000  0.629  0.000               2298176               1276291         100           0       0.000      99.000     196.978        3337968197   1185      0     35          44   1185
     GPU 0  1.000  0.959  0.824  0.000  0.002  0.000  0.638  0.000               7118399               3239636         100           0       0.000      99.000     196.978        3337988053   1185      0     36          44   1185
     GPU 0  1.000  0.959  0.824  0.000  0.002  0.000  0.638  0.000               7118399               3239636         100           0       0.000      99.000     196.978        3337988053   1185      0     36          44   1185
     GPU 0  1.000  0.000  0.000  0.000  0.002  0.000  0.000  0.000               7820878               5629151         100           0       0.000      99.000     196.978        3337988053   1185      0     36          44   1185
     GPU 0  1.000  0.928  0.735  0.000  0.001  0.000  0.610  0.000              10124743               7810771         100           0       0.000      99.000     196.978        3337988053   1185      0     36          44   1185
     GPU 0  1.000  0.941  0.745  0.000  0.001  0.000  0.621  0.000              10011209               7706223         100           0       0.000      99.000     196.688        3338007932   1185      0     36          44   1185

# Entity  GRACT  SMACT  SMOCC  TENSO  DRAMA  FP64A  FP32A  FP16A                 PCITX                 PCIRX       GPUTL       MCUTL       MUSAM       GUSAM       POWER             TOTEC  SACLK  PSTAT  TMPTR       MMTMP  SMCLK
      Id                                                                                                                                                               W                mJ                    C           C       
     GPU 0  1.000  0.000  0.000  0.000  0.001  0.000  0.000  0.000               9748303               7356878         100           0       0.000      99.000     196.688        3338007932   1185      0     36          44   1185
     GPU 0  1.000  0.000  0.000  0.000  0.001  0.000  0.000  0.000               9748303               7356878         100           0       0.000      99.000     196.688        3338007932   1185      0     36          44   1185
     GPU 0  1.000  0.945  0.750  0.000  0.002  0.000  0.624  0.000               8775558               6029118         100           0       0.000      99.000     196.688        3338007932   1185      0     36          44   1185
     GPU 0  1.000  0.942  0.744  0.000  0.002  0.000  0.605  0.000              10632079               8323024         100           0       0.000      99.000     196.688        3338007932   1185      0     36          44   1185
     GPU 0  1.000  0.000  0.000  0.000  0.001  0.000  0.000  0.000              10318831               7927776         100           0       0.000      99.000     196.688        3338007932   1185      0     36          44   1185
     GPU 0  1.000  0.942  0.760  0.000  0.001  0.000  0.625  0.000              11844399               8090722         100           0       0.000      99.000     196.398        3338027903   1185      0     36          44   1185
     GPU 0  1.000  0.905  0.716  0.000  0.001  0.000  0.593  0.000               2340473               1604528         100           0       0.000      99.000     196.398        3338027903   1185      0     36          45   1185
     GPU 0  1.000  0.905  0.716  0.000  0.001  0.000  0.593  0.000               2340473               1604528         100           0       0.000      99.000     196.398        3338027903   1185      0     36          45   1185
     GPU 0  1.000  0.000  0.000  0.000  0.001  0.000  0.000  0.000               4730165               2895667         100           0       0.000      99.000     196.398        3338027903   1185      0     36          45   1185
     GPU 0  1.000  0.946  0.755  0.000  0.001  0.000  0.626  0.000               4681261               3444752         100           0       0.000      99.000     196.149        3338047806   1185      0     36          45   1185
     GPU 0  1.000  0.949  0.756  0.000  0.001  0.000  0.628  0.000               8957287               5738166         100           0       0.000      99.000     196.149        3338047806   1185      0     36          44   1185
     GPU 0  1.000  0.949  0.756  0.000  0.001  0.000  0.628  0.000               8957287               5738166         100           0       0.000      99.000     196.149        3338047806   1185      0     36          44   1185
     GPU 0  1.000  0.000  0.000  0.000  0.001  0.000  0.000  0.000               9315433               6165786         100           0       0.000      99.000     196.149        3338047806   1185      0     36          45   1185
     GPU 0  1.000  0.946  0.752  0.000  0.001  0.000  0.626  0.000               5255102               3921421         100           0       0.000      99.000     196.149        3338047806   1185      0     36          45   1185

# Entity  GRACT  SMACT  SMOCC  TENSO  DRAMA  FP64A  FP32A  FP16A                 PCITX                 PCIRX       GPUTL       MCUTL       MUSAM       GUSAM       POWER             TOTEC  SACLK  PSTAT  TMPTR       MMTMP  SMCLK
      Id                                                                                                                                                               W                mJ                    C           C       
     GPU 0  1.000  0.941  0.748  0.000  0.002  0.000  0.603  0.000               7831757               6784623         100           0       0.000      99.000     196.149        3338047806   1185      0     36          45   1185
     GPU 0  1.000  0.000  0.000  0.000  0.001  0.000  0.000  0.000               1506914               1255762         100           0       0.000      99.000     197.220        3338067782   1185      0     36          45   1185
     GPU 0  1.000  0.936  0.754  0.000  0.001  0.000  0.619  0.000               9221028               6827974         100           0       0.000      99.000     197.220        3338067782   1185      0     36          45   1185
     GPU 0  1.000  0.000  0.000  0.000  0.001  0.000  0.000  0.000               2209324               1399917         100           0       0.000      99.000     197.220        3338067782   1185      0     36          44   1185
     GPU 0  1.000  0.000  0.000  0.000  0.001  0.000  0.000  0.000               2209324               1399917         100           0       0.000      99.000     197.220        3338067782   1185      0     36          45   1185
     GPU 0  1.000  0.940  0.751  0.000  0.001  0.000  0.622  0.000               2208525               1357229         100           0       0.000      99.000     197.220        3338087705   1185      0     36          45   1185
     GPU 0  1.000  0.959  0.759  0.000  0.001  0.000  0.635  0.000               7497009               3676296         100           0       0.000      99.000     197.220        3338087705   1185      0     36          45   1185
     GPU 0  1.000  0.000  0.000  0.000  0.001  0.000  0.000  0.000               7325592               4783242         100           0       0.000      99.000     197.220        3338087705   1185      0     36          45   1185
     GPU 0  1.000  0.942  0.754  0.000  0.002  0.000  0.610  0.000               9059357               6005320         100           0       0.000      99.000     197.220        3338087705   1185      0     36          45   1185
     GPU 0  1.000  0.939  0.744  0.000  0.002  0.000  0.620  0.000               8966004               6671943         100           0       0.000      99.000     197.220        3338087705   1185      0     36          45   1185
     GPU 0  1.000  0.939  0.744  0.000  0.002  0.000  0.620  0.000               8966004               6671943         100           0       0.000      99.000     197.220        3338087705   1185      0     36          45   1185
     GPU 0  1.000  0.000  0.000  0.000  0.002  0.000  0.000  0.000              10689973               8172104         100           0       0.000      99.000     196.750        3338107634   1185      0     36          45   1185
     GPU 0  1.000  0.940  0.746  0.000  0.002  0.000  0.604  0.000              11926352               7778952         100           0       0.000      99.000     196.750        3338107634   1185      0     36          44   1185
     GPU 0  1.000  0.944  0.755  0.000  0.001  0.000  0.625  0.000               7457733               5316236         100           0       0.000      99.000     196.750        3338107634   1185      0     36          45   1185

# Entity  GRACT  SMACT  SMOCC  TENSO  DRAMA  FP64A  FP32A  FP16A                 PCITX                 PCIRX       GPUTL       MCUTL       MUSAM       GUSAM       POWER             TOTEC  SACLK  PSTAT  TMPTR       MMTMP  SMCLK
      Id                                                                                                                                                               W                mJ                    C           C       
     GPU 0  1.000  0.000  0.000  0.000  0.001  0.000  0.000  0.000              10249145               7989270         100           0       0.000      99.000     196.750        3338107634   1185      0     36          45   1185
     GPU 0  1.000  0.000  0.000  0.000  0.001  0.000  0.000  0.000              10249145               7989270         100           0       0.000      99.000     197.220        3338127567   1185      0     36          45   1185
     GPU 0  1.000  0.937  0.753  0.000  0.002  0.000  0.600  0.000              11164511               7691994         100           0       0.000      99.000     197.220        3338127567   1185      0     36          45   1185
     GPU 0  1.000  0.942  0.735  0.000  0.002  0.000  0.624  0.000               6365071               4500540         100           0       0.000      99.000     197.220        3338127567   1185      0     36          45   1185
     GPU 0  1.000  0.000  0.000  0.000  0.002  0.000  0.000  0.000               3469708               1812428         100           0       0.000      99.000     197.220        3338127567   1185      0     36          45   1185
     GPU 0  1.000  0.941  0.752  0.000  0.002  0.000  0.602  0.000               3554688               1537367         100           0       0.000      99.000     197.220        3338127567   1185      0     36          45   1185
     GPU 0  1.000  0.938  0.748  0.000  0.002  0.000  0.620  0.000               4581808               3249415         100           0       0.000      99.000     197.220        3338127567   1185      0     36          45   1185
     GPU 0  1.000  0.938  0.748  0.000  0.002  0.000  0.620  0.000               4581808               3249415         100           0       0.000      99.000     197.517        3338147561   1185      0     36          45   1185
     GPU 0  1.000  0.000  0.000  0.000  0.002  0.000  0.000  0.000               9288953               5559805         100           0       0.000      99.000     197.517        3338147561   1185      0     36          45   1185
     GPU 0  1.000  0.937  0.739  0.000  0.001  0.000  0.613  0.000               9139354               6665888         100           0       0.000      99.000     197.517        3338147561   1185      0     36          45   1185
     GPU 0  1.000  0.937  0.742  0.000  0.001  0.000  0.618  0.000               7708118               6493319         100           0       0.000      99.000     197.517        3338147561   1185      0     36          45   1185
     GPU 0  1.000  0.937  0.742  0.000  0.001  0.000  0.618  0.000               7708118               6493319         100           0       0.000      99.000     197.220        3338167465   1185      0     36          45   1185
     GPU 0  1.000  0.000  0.000  0.000  0.002  0.000  0.000  0.000               7633813               5401914         100           0       0.000      99.000     197.220        3338167465   1185      0     36          45   1185
     GPU 0  1.000  0.949  0.756  0.000  0.002  0.000  0.614  0.000               3758006               1577690         100           0       0.000      99.000     197.220        3338167465   1185      0     36          45   1185

# Entity  GRACT  SMACT  SMOCC  TENSO  DRAMA  FP64A  FP32A  FP16A                 PCITX                 PCIRX       GPUTL       MCUTL       MUSAM       GUSAM       POWER             TOTEC  SACLK  PSTAT  TMPTR       MMTMP  SMCLK
      Id                                                                                                                                                               W                mJ                    C           C       
     GPU 0  1.000  0.961  0.730  0.000  0.002  0.000  0.625  0.000               3470100               1369811         100           0       0.000      99.000     197.220        3338167465   1185      0     36          45   1185
     GPU 0  1.000  0.000  0.000  0.000  0.002  0.000  0.000  0.000               4669986               2909257         100           0       0.000      99.000     197.220        3338167465   1185      0     36          45   1185
     GPU 0  1.000  0.942  0.761  0.000  0.002  0.000  0.610  0.000               6758637               4615792         100           0       0.000      99.000     197.220        3338167465   1185      0     36          45   1185
     GPU 0  1.000  0.942  0.761  0.000  0.002  0.000  0.610  0.000               6758637               4615792         100           0       0.000      99.000     198.050        3338187484   1185      0     36          45   1185
     GPU 0  1.000  0.937  0.745  0.000  0.002  0.000  0.619  0.000               9880901               6079994         100           0       0.000      99.000     198.050        3338187484   1185      0     36          45   1185
     GPU 0  1.000  0.000  0.000  0.000  0.002  0.000  0.000  0.000               9568193               7039765         100           0       0.000      99.000     198.050        3338187484   1185      0     37          45   1185
     GPU 0  1.000  0.947  0.760  0.000  0.002  0.000  0.613  0.000               3432908               3432832         100           0       0.000      99.000     198.050        3338187484   1185      0     37          45   1185
     GPU 0  1.000  0.947  0.760  0.000  0.002  0.000  0.613  0.000               3432908               3432832         100           0       0.000      99.000     198.050        3338207418   1185      0     37          45   1185
     GPU 0  1.000  0.937  0.734  0.000  0.001  0.000  0.618  0.000              10595800               7386433         100           0       0.000      99.000     198.050        3338207418   1185      0     37          45   1185
     GPU 0  1.000  0.000  0.000  0.000  0.001  0.000  0.000  0.000               3997435               1453649         100           0       0.000      99.000     198.050        3338207418   1185      0     37          45   1185
     GPU 0  1.000  0.939  0.748  0.000  0.001  0.000  0.620  0.000               3195670               1328311         100           0       0.000      99.000     198.050        3338207418   1185      0     37          45   1185
     GPU 0  1.000  0.944  0.747  0.000  0.001  0.000  0.624  0.000               4437549               2678981         100           0       0.000      99.000     198.050        3338207418   1185      0     37          45   1185
     GPU 0  1.000  0.000  0.000  0.000  0.001  0.000  0.000  0.000               5131913               3475606         100           0       0.000      99.000     198.050        3338207418   1185      0     37          45   1185
     GPU 0  1.000  0.000  0.000  0.000  0.001  0.000  0.000  0.000               5131913               3475606         100           0       0.000      99.000     197.220        3338227341   1185      0     37          45   1185

# Entity  GRACT  SMACT  SMOCC  TENSO  DRAMA  FP64A  FP32A  FP16A                 PCITX                 PCIRX       GPUTL       MCUTL       MUSAM       GUSAM       POWER             TOTEC  SACLK  PSTAT  TMPTR       MMTMP  SMCLK
      Id                                                                                                                                                               W                mJ                    C           C       
     GPU 0  1.000  0.949  0.763  0.000  0.002  0.000  0.619  0.000              11360207               6020274         100           0       0.000      99.000     197.220        3338227341   1185      0     37          45   1185
     GPU 0  1.000  0.937  0.743  0.000  0.002  0.000  0.619  0.000               9483165               6655813         100           0       0.000      99.000     197.220        3338227341   1185      0     37          45   1185
     GPU 0  1.000  0.000  0.000  0.000  0.001  0.000  0.000  0.000               5189021               4209484         100           0       0.000      99.000     197.220        3338227341   1185      0     37          45   1185
     GPU 0  1.000  0.000  0.000  0.000  0.001  0.000  0.000  0.000               5189021               4209484         100           0       0.000      99.000     198.050        3338247309   1185      0     37          45   1185
     GPU 0  1.000  0.943  0.751  0.000  0.001  0.000  0.624  0.000              10981418               7169440         100           0       0.000      99.000     198.050        3338247309   1185      0     37          45   1185
     GPU 0  1.000  0.946  0.770  0.000  0.001  0.000  0.626  0.000               5635475               4997422         100           0       0.000      99.000     198.050        3338247309   1185      0     37          45   1185
     GPU 0  1.000  0.000  0.000  0.000  0.002  0.000  0.000  0.000               3430282               1328767         100           0       0.000      99.000     198.050        3338247309   1185      0     37          45   1185
     GPU 0  1.000  0.946  0.752  0.000  0.001  0.000  0.625  0.000               2340774               1196677         100           0       0.000      99.000     198.050        3338247309   1185      0     37          45   1185
     GPU 0  1.000  0.942  0.749  0.000  0.001  0.000  0.622  0.000               4557464               3053854         100           0       0.000      99.000     198.050        3338247309   1185      0     37          45   1185
     GPU 0  1.000  0.942  0.749  0.000  0.001  0.000  0.622  0.000               4557464               3053854         100           0       0.000      99.000     198.291        3338267308   1185      0     37          45   1185
     GPU 0  1.000  0.000  0.000  0.000  0.001  0.000  0.000  0.000              10226718               5371470         100           0       0.000      99.000     198.291        3338267308   1185      0     37          45   1185
     GPU 0  1.000  0.941  0.744  0.000  0.001  0.000  0.617  0.000               9104275               6431460         100           0       0.000      99.000     198.291        3338267308   1185      0     37          45   1185
     GPU 0  1.000  0.940  0.748  0.000  0.001  0.000  0.620  0.000               4614317               3636596         100           0       0.000      99.000     198.291        3338267308   1185      0     37          45   1185
     GPU 0  1.000  0.940  0.748  0.000  0.001  0.000  0.620  0.000               4614317               3636596         100           0       0.000      99.000     197.517        3338287233   1185      0     37          45   1185

# Entity  GRACT  SMACT  SMOCC  TENSO  DRAMA  FP64A  FP32A  FP16A                 PCITX                 PCIRX       GPUTL       MCUTL       MUSAM       GUSAM       POWER             TOTEC  SACLK  PSTAT  TMPTR       MMTMP  SMCLK
      Id                                                                                                                                                               W                mJ                    C           C       
     GPU 0  1.000  0.000  0.000  0.000  0.001  0.000  0.000  0.000              11037863               7445424         100           0       0.000      99.000     197.517        3338287233   1185      0     37          45   1185
     GPU 0  1.000  0.941  0.758  0.000  0.002  0.000  0.622  0.000               5954707               5787189         100           0       0.000      99.000     197.517        3338287233   1185      0     37          45   1185
     GPU 0  1.000  0.000  0.000  0.000  0.001  0.000  0.000  0.000               1255932               1255932         100           0       0.000      99.000     197.517        3338287233   1185      0     37          45   1185
     GPU 0  1.000  0.944  0.763  0.000  0.001  0.000  0.623  0.000               9085269               6830353         100           0       0.000      99.000     197.517        3338287233   1185      0     37          45   1185
     GPU 0  1.000  0.944  0.748  0.000  0.002  0.000  0.625  0.000              10314861               7969646         100           0       0.000      99.000     197.517        3338287233   1185      0     37          45   1185
     GPU 0  1.000  0.000  0.000  0.000  0.002  0.000  0.000  0.000              11992195               7741637         100           0       0.000      99.000     197.759        3338307232   1185      0     37          45   1185
     GPU 0  1.000  0.000  0.000  0.000  0.002  0.000  0.000  0.000              11992195               7741637         100           0       0.000      99.000     197.759        3338307232   1185      0     37          45   1185
     GPU 0  1.000  0.947  0.762  0.000  0.002  0.000  0.611  0.000               2256302               1442713         100           0       0.000      99.000     197.759        3338307232   1185      0     37          45   1185
     GPU 0  1.000  0.943  0.754  0.000  0.002  0.000  0.624  0.000               4729320               3207935         100           0       0.000      99.000     197.759        3338307232   1185      0     37          45   1185
     GPU 0  1.000  0.000  0.000  0.000  0.002  0.000  0.000  0.000               6686412               4776009         100           0       0.000      99.000     197.759        3338307232   1185      0     37          45   1185
     GPU 0  1.000  0.000  0.000  0.000  0.002  0.000  0.000  0.000               6686412               4776009         100           0       0.000      99.000     197.759        3338328388   1185      0     37          45   1185
     GPU 0  1.000  0.000  0.000  0.000  0.002  0.000  0.000  0.000               6686412               4776009         100           0       0.000      99.000     197.759        3338328388   1185      0     37          45   1185
     GPU 0  1.000  0.000  0.000  0.000  0.002  0.000  0.000  0.000               6686412               4776009         100           0       0.000      99.000     198.050        3338328388   1185      0     37          45   1185
     GPU 0  1.000  0.943  0.750  0.000  0.002  0.000  0.616  0.000              19265421              10917072         100           0       0.000      99.000     198.050        3338328388   1185      0     37          45   1185

# Entity  GRACT  SMACT  SMOCC  TENSO  DRAMA  FP64A  FP32A  FP16A                 PCITX                 PCIRX       GPUTL       MCUTL       MUSAM       GUSAM       POWER             TOTEC  SACLK  PSTAT  TMPTR       MMTMP  SMCLK
      Id                                                                                                                                                               W                mJ                    C           C       
     GPU 0  1.000  0.000  0.000  0.000  0.002  0.000  0.000  0.000               8936196               6334478         100           0       0.000      99.000     197.517        3338328388   1185      0     37          45   1185
     GPU 0  1.000  0.940  0.746  0.000  0.002  0.000  0.602  0.000               8664531               6404186         100           0       0.000      99.000     197.517        3338347368   1185      0     37          45   1185
     GPU 0  1.000  0.940  0.746  0.000  0.002  0.000  0.602  0.000               8664531               6404186         100           0       0.000      99.000     197.517        3338347368   1185      0     37          45   1185
     GPU 0  1.000  0.936  0.753  0.000  0.002  0.000  0.619  0.000              11721740               8885479         100           0       0.000      99.000     197.517        3338347368   1185      0     37          45   1185
     GPU 0  1.000  0.000  0.000  0.000  0.002  0.000  0.000  0.000               8789665               6434226         100           0       0.000      99.000     197.517        3338347368   1185      0     37          45   1185
     GPU 0  1.000  0.953  0.765  0.000  0.002  0.000  0.615  0.000               2214151                875271         100           0       0.000      99.000     197.517        3338367339   1185      0     37          45   1185
     GPU 0  0.152  0.000  0.000  0.000  0.001  0.000  0.000  0.000             921361961               1631489         100           0       0.000      99.000     198.291        3338367339   1185      0     36          45   1185
     GPU 0  0.000  0.000  0.000  0.000  0.000  0.000  0.000  0.000               4985710               2364271         100           0       0.000      99.000     198.291        3338367339   1185      0     36          45   1185
     GPU 0  0.000  0.000  0.000  0.000  0.000  0.000  0.000  0.000               5879159               3718542         100           0       0.000      99.000     198.291        3338367339   1185      0     35          45   1185
     GPU 0  0.000  0.000  0.000  0.000  0.000  0.000  0.000  0.000               5879159               3718542         100           0       0.000      99.000     198.291        3338367339   1185      0     34          45   1185
     GPU 0  0.000  0.000  0.000  0.000  0.000  0.000  0.000  0.000               7957734               5076802         100           0       0.000      99.000     198.291        3338367339   1185      0     34          45   1185
     GPU 0  0.000  0.000  0.000  0.000  0.000  0.000  0.000  0.000               6099576               3891453         100           0       0.000      99.000      92.756        3338378022   1185      0     33          45   1185
     GPU 0  0.000  0.000  0.000  0.000  0.000  0.000  0.000  0.000              10653600               5608439         100           0       0.000      99.000      92.756        3338378022   1185      0     33          45   1185
     GPU 0  0.000  0.000  0.000  0.000  0.000  0.000  0.000  0.000              10818849               7027373         100           0       0.000      99.000      92.756        3338378022   1185      0     32          45   1185

# Entity  GRACT  SMACT  SMOCC  TENSO  DRAMA  FP64A  FP32A  FP16A                 PCITX                 PCIRX       GPUTL       MCUTL       MUSAM       GUSAM       POWER             TOTEC  SACLK  PSTAT  TMPTR       MMTMP  SMCLK
      Id                                                                                                                                                               W                mJ                    C           C       
     GPU 0  0.000  0.000  0.000  0.000  0.000  0.000  0.000  0.000               8244687               5691179         100           0       0.000      99.000      92.756        3338378022   1185      0     32          45   1185
     GPU 0  0.000  0.000  0.000  0.000  0.000  0.000  0.000  0.000              13070598               8386807           5           0       0.000      99.000      92.756        3338387323   1185      0     32          45   1185
     GPU 0  0.000  0.000  0.000  0.000  0.000  0.000  0.000  0.000              13405792               8266532           5           0       0.000       4.000      92.465        3338387323   1185      0     32          45   1185
     GPU 0  0.000  0.000  0.000  0.000  0.000  0.000  0.000  0.000              12563869               8108526           5           0       0.000       4.000      92.465        3338387323   1185      0     32          45   1185
     GPU 0  0.000  0.000  0.000  0.000  0.000  0.000  0.000  0.000               6986799               4492040           5           0       0.000       4.000      92.465        3338387323   1185      0     32          45   1185
     GPU 0  0.000  0.000  0.000  0.000  0.000  0.000  0.000  0.000               6986799               4492040           5           0       0.000       4.000      92.465        3338387323   1185      0     31          45   1185
     GPU 0  0.000  0.000  0.000  0.000  0.000  0.000  0.000  0.000               6991790               4663006           5           0       0.000       4.000      92.465        3338387323   1185      0     31          45   1185
     GPU 0  0.000  0.000  0.000  0.000  0.000  0.000  0.000  0.000               8652184               5611720           5           0       0.000       4.000      92.223        3338396756   1185      0     31          45   1185
     GPU 0  0.000  0.000  0.000  0.000  0.000  0.000  0.000  0.000              10216880               6573507           5           0       0.000       4.000      92.223        3338396756   1185      0     31          45   1185
     GPU 0  0.000  0.000  0.000  0.000  0.000  0.000  0.000  0.000               8086895               5530591           5           0       0.000       4.000      92.223        3338396756   1185      0     31          45   1185
     GPU 0  0.000  0.000  0.000  0.000  0.000  0.000  0.000  0.000               8086895               5530591           5           0       0.000       4.000      92.223        3338396756   1185      0     31          45   1185
     GPU 0  0.000  0.000  0.000  0.000  0.000  0.000  0.000  0.000               6134642               3756331           5           0       0.000       4.000      92.223        3338405990   1185      0     31          45   1185
     GPU 0  0.000  0.000  0.000  0.000  0.000  0.000  0.000  0.000               3369010               1859710           0           0       0.000       0.000      92.223        3338405990   1185      0     31          45   1185
     GPU 0  0.000  0.000  0.000  0.000  0.000  0.000  0.000  0.000               3263908                275484           0           0       0.000       0.000      92.223        3338405990   1185      0     31          45   1185

# Entity  GRACT  SMACT  SMOCC  TENSO  DRAMA  FP64A  FP32A  FP16A                 PCITX                 PCIRX       GPUTL       MCUTL       MUSAM       GUSAM       POWER             TOTEC  SACLK  PSTAT  TMPTR       MMTMP  SMCLK
      Id                                                                                                                                                               W                mJ                    C           C       
     GPU 0  0.000  0.000  0.000  0.000  0.000  0.000  0.000  0.000               2043242                163286           0           0       0.000       0.000      92.223        3338405990   1185      0     31          45   1185
     GPU 0  0.000  0.000  0.000  0.000  0.000  0.000  0.000  0.000               2043242                163286           0           0       0.000       0.000      92.223        3338405990   1185      0     31          45   1185
     GPU 0  0.000  0.000  0.000  0.000  0.000  0.000  0.000  0.000               4280381               1880414           0           0       0.000       0.000      92.223        3338405990   1185      0     31          45   1185
     GPU 0  0.000  0.000  0.000  0.000  0.000  0.000  0.000  0.000               6539784               3444158           0           0       0.000       0.000      92.223        3338415309   1185      0     31          45   1185
     GPU 0  0.000  0.000  0.000  0.000  0.000  0.000  0.000  0.000               8606300               4540465           0           0       0.000       0.000      92.223        3338415309   1185      0     31          45   1185
     GPU 0  0.000  0.000  0.000  0.000  0.000  0.000  0.000  0.000               8606300               4540465           0           0       0.000       0.000      92.223        3338415309   1185      0     30          45   1185
     GPU 0  0.000  0.000  0.000  0.000  0.000  0.000  0.000  0.000              14171434               8397887           0           0       0.000       0.000      92.223        3338415309   1185      0     30          45   1185
     GPU 0  0.000  0.000  0.000  0.000  0.000  0.000  0.000  0.000               3257601               9856331           0           0       0.000       0.000      92.223        3338415309   1185      0     30          45   1185
     GPU 0  0.000  0.000  0.000  0.000  0.000  0.000  0.000  0.000               3257601               9856331           0           0       0.000       0.000      92.223        3338415309   1185      0     30          45   1185
     GPU 0  0.000  0.000  0.000  0.000  0.000  0.000  0.000  0.000               3257601               9856331           0           0       0.000       0.000      91.932        3338424612   1185      0     30          45   1185
     GPU 0  0.000  0.000  0.000  0.000  0.000  0.000  0.000  0.000               3257601               9856331           0           0       0.000       0.000      91.932        3338424612   1185      0     30          45   1185
     GPU 0  0.000  0.000  0.000  0.000  0.000  0.000  0.000  0.000               3257601               9856331           0           0       0.000       0.000      91.932        3338424612   1185      0     30          45   1185
     GPU 0  0.000  0.000  0.000  0.000  0.000  0.000  0.000  0.000               1128893               1394514           0           0       0.000       0.000      91.932        3338424612   1185      0     30          45   1185
     GPU 0  0.000  0.000  0.000  0.000  0.000  0.000  0.000  0.000               1128893               1394514           0           0       0.000       0.000      91.932        3338424612   1185      0     30          45   1185

# Entity  GRACT  SMACT  SMOCC  TENSO  DRAMA  FP64A  FP32A  FP16A                 PCITX                 PCIRX       GPUTL       MCUTL       MUSAM       GUSAM       POWER             TOTEC  SACLK  PSTAT  TMPTR       MMTMP  SMCLK
      Id                                                                                                                                                               W                mJ                    C           C       
     GPU 0  0.000  0.000  0.000  0.000  0.000  0.000  0.000  0.000               8149344              19136406           0           0       0.000       0.000      91.932        3338434064   1185      0     30          45   1185
     GPU 0  0.000  0.000  0.000  0.000  0.000  0.000  0.000  0.000               8149344              19136406           0           0       0.000       0.000      91.932        3338434064   1185      0     30          45   1185
     GPU 0  0.000  0.000  0.000  0.000  0.000  0.000  0.000  0.000               9164861               7838481           0           0       0.000       0.000      91.932        3338434064   1185      0     30          45   1185
     GPU 0  0.000  0.000  0.000  0.000  0.000  0.000  0.000  0.000               9162334               6682723           7           0       0.000       0.000      91.932        3338434064   1185      0     30          45   1185
     GPU 0  0.000  0.000  0.000  0.000  0.000  0.000  0.000  0.000               9162334               6682723           7           0       0.000       0.000      91.932        3338443370   1185      0     30          45   1185
     GPU 0  0.000  0.000  0.000  0.000  0.000  0.000  0.000  0.000               6464498               4827123           7           0       0.000       0.000      91.932        3338443370   1185      0     30          45   1185
     GPU 0  0.000  0.000  0.000  0.000  0.000  0.000  0.000  0.000               2281982                 41746           7           0       0.000       0.000      91.932        3338443370   1185      0     30          45   1185
     GPU 0  0.000  0.000  0.000  0.000  0.000  0.000  0.000  0.000               3260782                233331           7           0       0.000       0.000      91.932        3338443370   1185      0     30          45   1185
     GPU 0  0.000  0.000  0.000  0.000  0.000  0.000  0.000  0.000               4677591               1921199           7           0       0.000       0.000      91.932        3338452617   1185      0     30          45   1185
     GPU 0  0.000  0.000  0.000  0.000  0.000  0.000  0.000  0.000               7726306               3952308           7           0       0.000       0.000      91.932        3338452617   1185      0     30          45   1185
     GPU 0  0.000  0.000  0.000  0.000  0.000  0.000  0.000  0.000               7726306               3952308           7           0       0.000       0.000      91.932        3338452617   1185      0     30          45   1185
     GPU 0  0.000  0.000  0.000  0.000  0.000  0.000  0.000  0.000               8505223               4651437           7           0       0.000       0.000      91.932        3338452617   1185      0     30          45   1185
     GPU 0  0.000  0.000  0.000  0.000  0.000  0.000  0.000  0.000               9112040               5828907           7           0       0.000       0.000      91.932        3338452617   1185      0     30          45   1185
     GPU 0  0.000  0.000  0.000  0.000  0.000  0.000  0.000  0.000              10044419               6608564           7           0       0.000       0.000      91.932        3338452617   1185      0     30          45   1185

# Entity  GRACT  SMACT  SMOCC  TENSO  DRAMA  FP64A  FP32A  FP16A                 PCITX                 PCIRX       GPUTL       MCUTL       MUSAM       GUSAM       POWER             TOTEC  SACLK  PSTAT  TMPTR       MMTMP  SMCLK
      Id                                                                                                                                                               W                mJ                    C           C       
     GPU 0  0.000  0.000  0.000  0.000  0.000  0.000  0.000  0.000              10701914               6552548           0           0       0.000       0.000      91.932        3338461889   1185      0     30          45   1185
     GPU 0  0.000  0.000  0.000  0.000  0.000  0.000  0.000  0.000              14005231               7749878           0           0       0.000       0.000      91.932        3338461889   1185      0     30          45   1185
     GPU 0  0.000  0.000  0.000  0.000  0.000  0.000  0.000  0.000              10342771               6774234           0           0       0.000       0.000      91.932        3338461889   1185      0     30          45   1185
     GPU 0  0.000  0.000  0.000  0.000  0.000  0.000  0.000  0.000              10032166               6579996           0           0       0.000       0.000      91.932        3338461889   1185      0     30          45   1185
     GPU 0  0.000  0.000  0.000  0.000  0.000  0.000  0.000  0.000              10032166               6579996           0           0       0.000       0.000      91.932        3338471183   1185      0     30          45   1185
     GPU 0  0.000  0.000  0.000  0.000  0.000  0.000  0.000  0.000               9916869               6170928           0           0       0.000       0.000      91.932        3338471183   1185      0     30          45   1185
     GPU 0  0.000  0.000  0.000  0.000  0.000  0.000  0.000  0.000               9471511               5148641           0           0       0.000       0.000      91.932        3338471183   1185      0     30          45   1185
     GPU 0  0.000  0.000  0.000  0.000  0.000  0.000  0.000  0.000               3244737                 41857           0           0       0.000       0.000      91.932        3338471183   1185      0     30          45   1185
     GPU 0  0.000  0.000  0.000  0.000  0.000  0.000  0.000  0.000               3244737                 41857           0           0       0.000       0.000      91.932        3338471183   1185      0     30          45   1185
     GPU 0  0.000  0.000  0.000  0.000  0.000  0.000  0.000  0.000               2086747                     0           0           0       0.000       0.000      91.932        3338471183   1185      0     30          45   1185
     GPU 0  0.000  0.000  0.000  0.000  0.000  0.000  0.000  0.000               4453689               2020680           0           0       0.000       0.000      91.932        3338480509   1185      0     29          45   1185
     GPU 0  0.000  0.000  0.000  0.000  0.000  0.000  0.000  0.000               9249250               4330550           0           0       0.000       0.000      91.932        3338480509   1185      0     29          45   1185
     GPU 0  0.000  0.000  0.000  0.000  0.000  0.000  0.000  0.000               9531055               5590416           0           0       0.000       0.000      91.932        3338480509   1185      0     29          45   1185
     GPU 0  0.000  0.000  0.000  0.000  0.000  0.000  0.000  0.000               9531055               5590416           0           0       0.000       0.000      91.932        3338480509   1185      0     29          45   1185

# Entity  GRACT  SMACT  SMOCC  TENSO  DRAMA  FP64A  FP32A  FP16A                 PCITX                 PCIRX       GPUTL       MCUTL       MUSAM       GUSAM       POWER             TOTEC  SACLK  PSTAT  TMPTR       MMTMP  SMCLK
      Id                                                                                                                                                               W                mJ                    C           C       
     GPU 0  0.000  0.000  0.000  0.000  0.000  0.000  0.000  0.000               4985399               3120336           0           0       0.000       0.000      91.932        3338489752   1185      0     29          45   1185
     GPU 0  0.000  0.000  0.000  0.000  0.000  0.000  0.000  0.000               6252033               4152078           0           0       0.000       0.000      91.932        3338489752   1185      0     29          45   1185
     GPU 0  0.000  0.000  0.000  0.000  0.000  0.000  0.000  0.000               3356144                441956           0           0       0.000       0.000      91.932        3338489752   1185      0     29          45   1185
     GPU 0  0.000  0.000  0.000  0.000  0.000  0.000  0.000  0.000               5451970               1642953           0           0       0.000       0.000      91.932        3338489752   1185      0     29          45   1185
     GPU 0  0.000  0.000  0.000  0.000  0.000  0.000  0.000  0.000               5451970               1642953           0           0       0.000       0.000      91.932        3338489752   1185      0     29          44   1185
     GPU 0  0.000  0.000  0.000  0.000  0.000  0.000  0.000  0.000               6565526               3040573           0           0       0.000       0.000      91.932        3338489752   1185      0     29          44   1185
     GPU 0  0.000  0.000  0.000  0.000  0.000  0.000  0.000  0.000               7130440               3944892           0           0       0.000       0.000      91.932        3338499064   1185      0     29          44   1185
     GPU 0  0.000  0.000  0.000  0.000  0.000  0.000  0.000  0.000              10295764               5558585           0           0       0.000       0.000      91.932        3338499064   1185      0     29          45   1185
     GPU 0  0.000  0.000  0.000  0.000  0.000  0.000  0.000  0.000               7162397               4774044           0           0       0.000       0.000      91.932        3338499064   1185      0     29          45   1185
     GPU 0  0.000  0.000  0.000  0.000  0.000  0.000  0.000  0.000               7162397               4774044           0           0       0.000       0.000      91.932        3338499064   1185      0     29          44   1185
     GPU 0  0.000  0.000  0.000  0.000  0.000  0.000  0.000  0.000               4297775               2467006           0           0       0.000       0.000      91.683        3338508308   1185      0     29          44   1185
     GPU 0  0.000  0.000  0.000  0.000  0.000  0.000  0.000  0.000               3434589                636959           0           0       0.000       0.000      91.683        3338508308   1185      0     29          44   1185
     GPU 0  0.000  0.000  0.000  0.000  0.000  0.000  0.000  0.000               3626145                441636           0           0       0.000       0.000      91.683        3338508308   1185      0     29          45   1185
     GPU 0  0.000  0.000  0.000  0.000  0.000  0.000  0.000  0.000               3293417                274451           0           0       0.000       0.000      91.683        3338508308   1185      0     29          44   1185

# Entity  GRACT  SMACT  SMOCC  TENSO  DRAMA  FP64A  FP32A  FP16A                 PCITX                 PCIRX       GPUTL       MCUTL       MUSAM       GUSAM       POWER             TOTEC  SACLK  PSTAT  TMPTR       MMTMP  SMCLK
      Id                                                                                                                                                               W                mJ                    C           C       
     GPU 0  0.000  0.000  0.000  0.000  0.000  0.000  0.000  0.000               6329025               2706068           0           0       0.000       0.000      91.683        3338508308   1185      0     29          44   1185
     GPU 0  0.000  0.000  0.000  0.000  0.000  0.000  0.000  0.000               6329025               2706068           0           0       0.000       0.000      91.683        3338508308   1185      0     29          44   1185
     GPU 0  0.000  0.000  0.000  0.000  0.000  0.000  0.000  0.000               4821345               2221250           0           0       0.000       0.000      91.683        3338517597   1185      0     29          44   1185
     GPU 0  0.000  0.000  0.000  0.000  0.000  0.000  0.000  0.000               9807460               5280839           0           0       0.000       0.000      91.683        3338517597   1185      0     29          44   1185
     GPU 0  0.000  0.000  0.000  0.000  0.000  0.000  0.000  0.000               7239483               4811555           0           0       0.000       0.000      91.683        3338517597   1185      0     29          44   1185
     GPU 0  0.000  0.000  0.000  0.000  0.000  0.000  0.000  0.000               7239483               4811555           0           0       0.000       0.000      91.683        3338517597   1185      0     29          44   1185
     GPU 0  0.000  0.000  0.000  0.000  0.000  0.000  0.000  0.000               6969072               3875468           0           0       0.000       0.000      91.932        3338526824   1185      0     29          44   1185
     GPU 0  0.000  0.000  0.000  0.000  0.000  0.000  0.000  0.000              10552406               6112508           0           0       0.000       0.000      91.932        3338526824   1185      0     29          45   1185
     GPU 0  0.000  0.000  0.000  0.000  0.000  0.000  0.000  0.000               3994099               2030610           0           0       0.000       0.000      91.932        3338526824   1185      0     29          45   1185
     GPU 0  0.000  0.000  0.000  0.000  0.000  0.000  0.000  0.000               3066603                274975           0           0       0.000       0.000      91.932        3338526824   1185      0     29          45   1185
     GPU 0  0.000  0.000  0.000  0.000  0.000  0.000  0.000  0.000               3066603                274975           0           0       0.000       0.000      91.932        3338526824   1185      0     29          44   1185
     GPU 0  0.000  0.000  0.000  0.000  0.000  0.000  0.000  0.000               5629100               2430084           0           0       0.000       0.000      91.932        3338526824   1185      0     29          44   1185
     GPU 0  0.000  0.000  0.000  0.000  0.000  0.000  0.000  0.000               7090544               3792257           0           0       0.000       0.000      91.683        3338536114   1185      0     29          45   1185
     GPU 0  0.000  0.000  0.000  0.000  0.000  0.000  0.000  0.000               9563018               5102766           0           0       0.000       0.000      91.683        3338536114   1185      0     29          44   1185

# Entity  GRACT  SMACT  SMOCC  TENSO  DRAMA  FP64A  FP32A  FP16A                 PCITX                 PCIRX       GPUTL       MCUTL       MUSAM       GUSAM       POWER             TOTEC  SACLK  PSTAT  TMPTR       MMTMP  SMCLK
      Id                                                                                                                                                               W                mJ                    C           C       
     GPU 0  0.000  0.000  0.000  0.000  0.000  0.000  0.000  0.000               9563018               5102766           0           0       0.000       0.000      91.683        3338536114   1185      0     29          44   1185
     GPU 0  0.000  0.000  0.000  0.000  0.000  0.000  0.000  0.000               4819273               3139739           0           0       0.000       0.000      91.683        3338536114   1185      0     29          45   1185
     GPU 0  0.000  0.000  0.000  0.000  0.000  0.000  0.000  0.000              10301915               6780854           0           0       0.000       0.000      91.683        3338536114   1185      0     29          45   1185
     GPU 0  0.000  0.000  0.000  0.000  0.000  0.000  0.000  0.000              10781201               6582850           0           0       0.000       0.000      91.683        3338545502   1185      0     29          45   1185
     GPU 0  0.000  0.000  0.000  0.000  0.000  0.000  0.000  0.000               3359343                442361           0           0       0.000       0.000      91.683        3338545502   1185      0     29          44   1185
     GPU 0  0.000  0.000  0.000  0.000  0.000  0.000  0.000  0.000               1768902                252948           0           0       0.000       0.000      91.683        3338545502   1185      0     29          44   1185
     GPU 0  0.000  0.000  0.000  0.000  0.000  0.000  0.000  0.000               1768902                252948           0           0       0.000       0.000      91.683        3338545502   1185      0     29          45   1185
