# Entity  GRACT  SMACT  SMOCC  TENSO  DRAMA  FP64A  FP32A  FP16A                 PCITX                 PCIRX       GPUTL       MCUTL       MUSAM       GUSAM       POWER             TOTEC  SACLK  PSTAT  TMPTR       MMTMP  SMCLK
      Id                                                                                                                                                               W                mJ                    C           C       
     GPU 0  0.000  0.000  0.000  0.000  0.000  0.000  0.000  0.000             118598382              10781671           0           0       0.000       0.000      77.020        8191009454    840      0     26          43    210
     GPU 0  0.000  0.000  0.000  0.000  0.000  0.000  0.000  0.000             118598382              10781671           0           0       0.000       0.000      78.383        8191009454    840      0     27          43    210
     GPU 0  0.000  0.000  0.000  0.000  0.000  0.000  0.000  0.000               8355115               4799905           0           0       0.000       0.000      78.383        8191009454    840      0     27          43    210
     GPU 0  0.000  0.000  0.000  0.000  0.000  0.000  0.000  0.000               7528845               5312946           0           0       0.000       0.000      78.383        8191009454    840      0     27          43    210
     GPU 0  0.000  0.000  0.000  0.000  0.000  0.000  0.000  0.000               9681882               6552144           0           0       0.000       0.000      78.383        8191009454    840      0     27          43    210
     GPU 0  0.000  0.000  0.000  0.000  0.000  0.000  0.000  0.000               9681882               6552144           0           0       0.000       0.000      78.383        8191009454    840      0     27          43    210
     GPU 0  0.000  0.000  0.000  0.000  0.000  0.000  0.000  0.000               8969685               5752588           0           0       0.000       0.000      78.383        8191017407    840      0     27          43    210
     GPU 0  0.000  0.000  0.000  0.000  0.000  0.000  0.000  0.000               1005477                 83789           0           0       0.000       0.000      78.632        8191017407    840      0     27          43    210
     GPU 0  0.000  0.000  0.000  0.000  0.000  0.000  0.000  0.000               8278123               5388669           0           0       0.000       0.000      78.632        8191017407    840      0     27          43    210
     GPU 0  0.000  0.000  0.000  0.000  0.000  0.000  0.000  0.000               6529721               4771585           0           0       0.000       0.000      78.632        8191017407    840      0     27          43    210
     GPU 0  0.000  0.000  0.000  0.000  0.000  0.000  0.000  0.000               3066691                274985           0           0       0.000       0.000      78.632        8191017407    840      0     27          43    210
     GPU 0  0.000  0.000  0.000  0.000  0.000  0.000  0.000  0.000               3066691                274985           0           0       0.000       0.000      78.632        8191025314    840      0     27          43    210
     GPU 0  0.000  0.000  0.000  0.000  0.000  0.000  0.000  0.000               3246842                274058           0           0       0.000       0.000      78.632        8191025314    840      0     27          43    210
     GPU 0  0.000  0.000  0.000  0.000  0.000  0.000  0.000  0.000               5782826               3228028           0           0       0.000       0.000      78.632        8191025314    840      0     27          43    210
     GPU 0  0.000  0.000  0.000  0.000  0.000  0.000  0.000  0.000               7444497               4430227           0           0       0.000       0.000      78.632        8191025314    840      0     27          43    210

# Entity  GRACT  SMACT  SMOCC  TENSO  DRAMA  FP64A  FP32A  FP16A                 PCITX                 PCIRX       GPUTL       MCUTL       MUSAM       GUSAM       POWER             TOTEC  SACLK  PSTAT  TMPTR       MMTMP  SMCLK
      Id                                                                                                                                                               W                mJ                    C           C       
     GPU 0  0.000  0.000  0.000  0.000  0.000  0.000  0.000  0.000               7444497               4430227           0           0       0.000       0.000      78.632        8191025314    840      0     27          43    210
     GPU 0  0.000  0.000  0.000  0.000  0.000  0.000  0.000  0.000               5816306               4058669           0           0       0.000       0.000      78.632        8191033300    840      0     27          43    210
     GPU 0  0.000  0.000  0.000  0.000  0.000  0.000  0.000  0.000               5100501               2825641           0           0       0.000       0.000      78.632        8191033300    840      0     27          43    210
     GPU 0  0.000  0.000  0.000  0.000  0.000  0.000  0.000  0.000               3149676                274903           0           0       0.000       0.000      78.632        8191033300    840      0     27          43    210
     GPU 0  0.000  0.000  0.000  0.000  0.000  0.000  0.000  0.000               2168397                163867           0           0       0.000       0.000      78.632        8191033300    840      0     27          43    210
     GPU 0  0.000  0.000  0.000  0.000  0.000  0.000  0.000  0.000               2168397                163867           0           0       0.000       0.000      78.632        8191033300    840      0     27          43    210
     GPU 0  0.000  0.000  0.000  0.000  0.000  0.000  0.000  0.000               3813827               1772680           0           0       0.000       0.000      78.923        8191041200    840      0     27          43    210
     GPU 0  0.000  0.000  0.000  0.000  0.000  0.000  0.000  0.000               6967105               3815207           0           0       0.000       0.000      78.923        8191041200    840      0     27          43    210
     GPU 0  0.000  0.000  0.000  0.000  0.000  0.000  0.000  0.000               6967105               3815207           0           0       0.000       0.000      78.923        8191041200    840      0     27          43    210
     GPU 0  0.000  0.000  0.000  0.000  0.000  0.000  0.000  0.000              10846219               9637176           0           0       0.000       0.000      78.923        8191041200    840      0     27          43    210
     GPU 0  0.000  0.000  0.000  0.000  0.000  0.000  0.000  0.000               3495434               3495434           0           0       0.000       0.000      78.923        8191041200    840      0     27          43    210
     GPU 0  0.000  0.000  0.000  0.000  0.000  0.000  0.000  0.000               2457493              11550217           0           0       0.000       0.000      78.632        8191049152    840      0     27          43    210
     GPU 0  0.000  0.000  0.000  0.000  0.000  0.000  0.000  0.000               9619732              23514902           0           0       0.000       0.000      78.632        8191049152    840      0     27          43    210
     GPU 0  0.000  0.000  0.000  0.000  0.000  0.000  0.000  0.000               9619732              23514902           0           0       0.000       0.000      78.632        8191049152    840      0     27          43    210

# Entity  GRACT  SMACT  SMOCC  TENSO  DRAMA  FP64A  FP32A  FP16A                 PCITX                 PCIRX       GPUTL       MCUTL       MUSAM       GUSAM       POWER             TOTEC  SACLK  PSTAT  TMPTR       MMTMP  SMCLK
      Id                                                                                                                                                               W                mJ                    C           C       
     GPU 0  0.000  0.000  0.000  0.000  0.000  0.000  0.000  0.000               2870510              11330963           0           0       0.000       0.000      78.632        8191049152    840      0     27          43    210
     GPU 0  0.000  0.000  0.000  0.000  0.000  0.000  0.000  0.000               6130258               3941160           0           0       0.000       0.000      78.632        8191049152    840      0     27          43    210
     GPU 0  0.000  0.000  0.000  0.000  0.000  0.000  0.000  0.000               6130258               3941160           0           0       0.000       0.000      78.632        8191057242    840      0     27          43    210
     GPU 0  0.000  0.000  0.000  0.000  0.000  0.000  0.000  0.000              11832452               7415003           0           0       0.000       0.000      78.632        8191057242    840      0     27          43    210
     GPU 0  0.000  0.000  0.000  0.000  0.000  0.000  0.000  0.000               7165863               4523133           0           0       0.000       0.000      78.632        8191057242    840      0     27          43    210
     GPU 0  0.000  0.000  0.000  0.000  0.000  0.000  0.000  0.000               5954357               5058002           0           0       0.000       0.000      78.632        8191057242    840      0     27          43    210
     GPU 0  0.000  0.000  0.000  0.000  0.000  0.000  0.000  0.000               5954357               5058002           0           0       0.000       0.000      78.632        8191057242    840      0     27          43    210
     GPU 0  0.000  0.000  0.000  0.000  0.000  0.000  0.000  0.000               8272746               5090920           0           0       0.000       0.000      78.632        8191065038    840      0     27          43    210
     GPU 0  0.000  0.000  0.000  0.000  0.000  0.000  0.000  0.000               1011024               1011024           0           0       0.000       0.000      78.632        8191065038    840      0     27          43    210
     GPU 0  0.000  0.000  0.000  0.000  0.000  0.000  0.000  0.000               1011024               1011024           0           0       0.000       0.000      78.632        8191065038    840      0     27          43    210
     GPU 0  0.000  0.000  0.000  0.000  0.000  0.000  0.000  0.000               1011024               1011024           0           0       0.000       0.000      78.632        8191065038    840      0     27          43    210
     GPU 0  0.000  0.000  0.000  0.000  0.000  0.000  0.000  0.000               1011024               1011024           0           0       0.000       0.000      78.632        8191065038    840      0     27          43    210
     GPU 0  0.000  0.000  0.000  0.000  0.000  0.000  0.000  0.000               7664066               5821766           0           0       0.000       0.000      78.632        8191065038    840      0     27          43    210
     GPU 0  0.000  0.000  0.000  0.000  0.000  0.000  0.000  0.000               1590575               4394300           0           0       0.000       0.000      78.632        8191073136    840      0     27          43    210

# Entity  GRACT  SMACT  SMOCC  TENSO  DRAMA  FP64A  FP32A  FP16A                 PCITX                 PCIRX       GPUTL       MCUTL       MUSAM       GUSAM       POWER             TOTEC  SACLK  PSTAT  TMPTR       MMTMP  SMCLK
      Id                                                                                                                                                               W                mJ                    C           C       
     GPU 0  0.000  0.000  0.000  0.000  0.000  0.000  0.000  0.000               9848490             241370535           0           0       0.000       0.000      78.632        8191073136    840      0     27          43    210
     GPU 0  0.000  0.000  0.000  0.000  0.000  0.000  0.000  0.000               9848490             241370535           0           0       0.000       0.000      78.632        8191073136    840      0     27          43    210
     GPU 0  0.000  0.000  0.000  0.000  0.000  0.000  0.000  0.000              11141656              19953705           0           0       0.000       0.000      78.632        8191073136    840      0     27          43    210
     GPU 0  0.000  0.000  0.000  0.000  0.000  0.000  0.000  0.000               9579277              15425454           0           0       0.000       0.000      78.632        8191073136    840      0     27          43    840
     GPU 0  0.170  0.000  0.000  0.000  0.000  0.000  0.000  0.000              57328487             357978436           0           0       0.000       0.000      78.632        8191080950    840      0     27          43    840
     GPU 0  0.170  0.000  0.000  0.000  0.000  0.000  0.000  0.000              57328487             357978436           0           0       0.000       0.000      78.632        8191080950    840      0     27          43    840
     GPU 0  0.035  0.000  0.000  0.000  0.001  0.000  0.000  0.000             260495285            2296377760           0           0       0.000       0.000      78.632        8191080950    840      0     27          43    840
     GPU 0  0.501  0.000  0.000  0.000  0.002  0.000  0.000  0.000             308618968            2718248976           0           0       0.000       0.000      78.632        8191080950    840      0     27          43    840
     GPU 0  1.000  0.947  0.761  0.000  0.001  0.000  0.629  0.000               9618924               7012982           0           0       0.000       0.000     142.235        8191090654    840      0     28          43    840
     GPU 0  1.000  0.946  0.742  0.000  0.001  0.000  0.626  0.000               9304061               6722592           0           0       0.000       0.000     142.235        8191090654    840      0     28          43    840
     GPU 0  1.000  0.000  0.000  0.000  0.001  0.000  0.000  0.000               8028388               5775395           0           0       0.000       0.000     142.235        8191090654    840      0     29          43    840
     GPU 0  1.000  0.944  0.755  0.000  0.001  0.000  0.624  0.000              19630012              11200654          47           0       0.000      47.000     142.235        8191090654    840      0     29          43    840
     GPU 0  1.000  0.000  0.000  0.000  0.001  0.000  0.000  0.000               5007340               2928380          47           0       0.000      47.000     142.235        8191090654    840      0     30          43    840
     GPU 0  1.000  0.942  0.754  0.000  0.001  0.000  0.624  0.000               7926327               4943661          47           0       0.000      47.000     150.896        8191090654    840      0     30          43    840

# Entity  GRACT  SMACT  SMOCC  TENSO  DRAMA  FP64A  FP32A  FP16A                 PCITX                 PCIRX       GPUTL       MCUTL       MUSAM       GUSAM       POWER             TOTEC  SACLK  PSTAT  TMPTR       MMTMP  SMCLK
      Id                                                                                                                                                               W                mJ                    C           C       
     GPU 0  1.000  0.944  0.770  0.000  0.001  0.000  0.628  0.000               7968111               4999930          47           0       0.000      47.000     150.896        8191105969    840      0     30          43    840
     GPU 0  1.000  0.944  0.770  0.000  0.001  0.000  0.628  0.000               7968111               4999930          47           0       0.000      47.000     150.896        8191105969    840      0     30          43    840
     GPU 0  1.000  0.000  0.000  0.000  0.001  0.000  0.000  0.000               7737927               5525949          47           0       0.000      47.000     150.896        8191105969    840      0     30          43    840
     GPU 0  1.000  0.947  0.767  0.000  0.001  0.000  0.629  0.000               9591460               7240263          47           0       0.000      47.000     150.896        8191105969    840      0     30          43    840
     GPU 0  1.000  0.947  0.750  0.000  0.001  0.000  0.627  0.000               9577269               7049618          47           0       0.000      47.000     151.725        8191121126    840      0     30          44    840
     GPU 0  1.000  0.000  0.000  0.000  0.001  0.000  0.000  0.000               9469781               7050980          47           0       0.000      47.000     151.725        8191121126    840      0     30          44    840
     GPU 0  1.000  0.950  0.748  0.000  0.001  0.000  0.630  0.000               9474207               7220715         100           0       0.000      47.000     151.725        8191121126    840      0     31          44    840
     GPU 0  1.000  0.950  0.748  0.000  0.001  0.000  0.630  0.000               9474207               7220715         100           0       0.000      99.000     151.725        8191121126    840      0     31          42    840
     GPU 0  1.000  0.932  0.723  0.000  0.001  0.000  0.611  0.000               5687365               4322266         100           0       0.000      99.000     151.725        8191121126    840      0     31          43    840
     GPU 0  1.000  0.000  0.000  0.000  0.001  0.000  0.000  0.000               6156940               3942174         100           0       0.000      99.000     151.435        8191121126    840      0     31          42    840
     GPU 0  1.000  0.938  0.749  0.000  0.001  0.000  0.612  0.000               3597395               1729600         100           0       0.000      99.000     151.435        8191136603    840      0     31          44    840
     GPU 0  1.000  0.951  0.744  0.000  0.002  0.000  0.579  0.000               2256677               1151162         100           0       0.000      99.000     151.435        8191136603    840      0     31          44    840
     GPU 0  1.000  0.951  0.744  0.000  0.002  0.000  0.579  0.000               2256677               1151162         100           0       0.000      99.000     151.435        8191136603    840      0     31          44    840
     GPU 0  1.000  0.000  0.000  0.000  0.001  0.000  0.000  0.000               4222358               2665968         100           0       0.000      99.000     151.435        8191136603    840      0     31          44    840

# Entity  GRACT  SMACT  SMOCC  TENSO  DRAMA  FP64A  FP32A  FP16A                 PCITX                 PCIRX       GPUTL       MCUTL       MUSAM       GUSAM       POWER             TOTEC  SACLK  PSTAT  TMPTR       MMTMP  SMCLK
      Id                                                                                                                                                               W                mJ                    C           C       
     GPU 0  1.000  0.935  0.751  0.000  0.001  0.000  0.607  0.000               4568767               2837215         100           0       0.000      99.000     151.967        8191151769    840      0     31          44    840
     GPU 0  1.000  0.945  0.759  0.000  0.001  0.000  0.596  0.000               6846382               4569374         100           0       0.000      99.000     151.967        8191151769    840      0     31          44    840
     GPU 0  1.000  0.000  0.000  0.000  0.001  0.000  0.000  0.000               8836778               6457388         100           0       0.000      99.000     151.967        8191151769    840      0     31          44    840
     GPU 0  1.000  0.000  0.000  0.000  0.001  0.000  0.000  0.000               8836778               6457388         100           0       0.000      99.000     151.967        8191151769    840      0     31          44    840
     GPU 0  1.000  0.945  0.749  0.000  0.001  0.000  0.616  0.000              11140181               7248180         100           0       0.000      99.000     151.967        8191151769    840      0     31          44    840
     GPU 0  1.000  0.946  0.755  0.000  0.001  0.000  0.610  0.000               7224248               5496135         100           0       0.000      99.000     152.258        8191151769    840      0     31          44    840
     GPU 0  1.000  0.000  0.000  0.000  0.001  0.000  0.000  0.000               4471001               4469962         100           0       0.000      99.000     152.258        8191167221    840      0     31          44    840
     GPU 0  1.000  0.948  0.765  0.000  0.001  0.000  0.627  0.000               2129616                825677         100           0       0.000      99.000     152.258        8191167221    840      0     31          44    840
     GPU 0  1.000  0.962  0.828  0.000  0.001  0.000  0.647  0.000               2219361               1032966         100           0       0.000      99.000     152.258        8191167221    840      0     31          44    840
     GPU 0  1.000  0.962  0.828  0.000  0.001  0.000  0.647  0.000               2219361               1032966         100           0       0.000      99.000     152.258        8191167221    840      0     31          44    840
     GPU 0  1.000  0.000  0.000  0.000  0.001  0.000  0.000  0.000               2529570               1108426         100           0       0.000      99.000     150.606        8191182428    840      0     31          44    840
     GPU 0  1.000  0.951  0.751  0.000  0.001  0.000  0.630  0.000               5219859               3053440         100           0       0.000      99.000     150.606        8191182428    840      0     32          44    840
     GPU 0  1.000  0.953  0.766  0.000  0.001  0.000  0.635  0.000               6120209               4275771         100           0       0.000      99.000     150.606        8191182428    840      0     32          44    840
     GPU 0  1.000  0.000  0.000  0.000  0.001  0.000  0.000  0.000               9230851               6301630         100           0       0.000      99.000     150.606        8191182428    840      0     32          44    840

# Entity  GRACT  SMACT  SMOCC  TENSO  DRAMA  FP64A  FP32A  FP16A                 PCITX                 PCIRX       GPUTL       MCUTL       MUSAM       GUSAM       POWER             TOTEC  SACLK  PSTAT  TMPTR       MMTMP  SMCLK
      Id                                                                                                                                                               W                mJ                    C           C       
     GPU 0  1.000  0.000  0.000  0.000  0.001  0.000  0.000  0.000               9230851               6301630         100           0       0.000      99.000     150.606        8191182428    840      0     32          44    840
     GPU 0  1.000  0.939  0.737  0.000  0.001  0.000  0.618  0.000               9117030               6429084         100           0       0.000      99.000     151.967        8191182428    840      0     32          44    840
     GPU 0  1.000  0.943  0.754  0.000  0.001  0.000  0.624  0.000               7660096               4911977         100           0       0.000      99.000     151.967        8191197875    840      0     32          44    840
     GPU 0  1.000  0.000  0.000  0.000  0.001  0.000  0.000  0.000               9341515               6588530         100           0       0.000      99.000     151.967        8191197875    840      0     32          44    840
     GPU 0  1.000  0.949  0.754  0.000  0.001  0.000  0.629  0.000               9832096               7280566         100           0       0.000      99.000     151.967        8191197875    840      0     32          44    840
     GPU 0  1.000  0.943  0.737  0.000  0.001  0.000  0.624  0.000               9638480               7176729         100           0       0.000      99.000     151.967        8191197875    840      0     32          44    840
     GPU 0  1.000  0.943  0.737  0.000  0.001  0.000  0.624  0.000               9638480               7176729         100           0       0.000      99.000     151.967        8191213055    840      0     32          44    840
     GPU 0  1.000  0.000  0.000  0.000  0.001  0.000  0.000  0.000               9097603               6635500         100           0       0.000      99.000     151.967        8191213055    840      0     32          44    840
     GPU 0  1.000  0.947  0.764  0.000  0.001  0.000  0.628  0.000               9556582               7108884         100           0       0.000      99.000     151.967        8191213055    840      0     32          44    840
     GPU 0  1.000  0.945  0.772  0.000  0.001  0.000  0.628  0.000               9923731               7007463         100           0       0.000      99.000     151.967        8191213055    840      0     32          44    840
     GPU 0  1.000  0.000  0.000  0.000  0.001  0.000  0.000  0.000               9145251               6404404         100           0       0.000      99.000     151.967        8191213055    840      0     32          44    840
     GPU 0  1.000  0.945  0.744  0.000  0.001  0.000  0.626  0.000               1173106                921726         100           0       0.000      99.000     151.967        8191213055    840      0     32          44    840
     GPU 0  1.000  0.000  0.000  0.000  0.001  0.000  0.000  0.000               8092385               5432693         100           0       0.000      99.000     151.967        8191228484    840      0     32          44    840
     GPU 0  1.000  0.932  0.727  0.000  0.001  0.000  0.610  0.000               9611508               7171045         100           0       0.000      99.000     151.967        8191228484    840      0     32          44    840

# Entity  GRACT  SMACT  SMOCC  TENSO  DRAMA  FP64A  FP32A  FP16A                 PCITX                 PCIRX       GPUTL       MCUTL       MUSAM       GUSAM       POWER             TOTEC  SACLK  PSTAT  TMPTR       MMTMP  SMCLK
      Id                                                                                                                                                               W                mJ                    C           C       
     GPU 0  1.000  0.942  0.754  0.000  0.001  0.000  0.625  0.000               9881047               7307759         100           0       0.000      99.000     151.967        8191228484    840      0     32          44    840
     GPU 0  1.000  0.000  0.000  0.000  0.001  0.000  0.000  0.000               9887570               7594864         100           0       0.000      99.000     151.967        8191228484    840      0     32          44    840
     GPU 0  1.000  0.942  0.759  0.000  0.001  0.000  0.624  0.000               9537792               7209888         100           0       0.000      99.000     151.725        8191243725    840      0     32          44    840
     GPU 0  1.000  0.942  0.759  0.000  0.001  0.000  0.624  0.000               9537792               7209888         100           0       0.000      99.000     151.725        8191243725    840      0     32          44    840
     GPU 0  1.000  0.949  0.774  0.000  0.001  0.000  0.630  0.000               9741058               7130368         100           0       0.000      99.000     151.725        8191243725    840      0     32          44    840
     GPU 0  1.000  0.000  0.000  0.000  0.001  0.000  0.000  0.000              10007153               7084616         100           0       0.000      99.000     151.725        8191243725    840      0     32          44    840
     GPU 0  1.000  0.945  0.751  0.000  0.002  0.000  0.626  0.000               6116950               4566771         100           0       0.000      99.000     151.725        8191243725    840      0     32          44    840
     GPU 0  1.000  0.912  0.655  0.000  0.001  0.000  0.591  0.000               3424527               1243383         100           0       0.000      99.000     151.725        8191243725    840      0     32          44    840
     GPU 0  1.000  0.000  0.000  0.000  0.001  0.000  0.000  0.000               8124421               3934581         100           0       0.000      99.000     151.435        8191259448    840      0     32          44    840
     GPU 0  1.000  0.000  0.000  0.000  0.001  0.000  0.000  0.000               8124421               3934581         100           0       0.000      99.000     151.435        8191259448    840      0     32          44    840
     GPU 0  1.000  0.943  0.749  0.000  0.001  0.000  0.623  0.000               4664762               2513840         100           0       0.000      99.000     151.435        8191259448    840      0     32          44    840
     GPU 0  1.000  0.944  0.771  0.000  0.001  0.000  0.624  0.000               6304496               4136869         100           0       0.000      99.000     151.435        8191259448    840      0     32          44    840
     GPU 0  1.000  0.000  0.000  0.000  0.001  0.000  0.000  0.000               8010791               5798051         100           0       0.000      99.000     151.967        8191274405    840      0     32          44    840
     GPU 0  1.000  0.948  0.774  0.000  0.001  0.000  0.629  0.000               9457660               7190685         100           0       0.000      99.000     151.967        8191274405    840      0     32          44    840

# Entity  GRACT  SMACT  SMOCC  TENSO  DRAMA  FP64A  FP32A  FP16A                 PCITX                 PCIRX       GPUTL       MCUTL       MUSAM       GUSAM       POWER             TOTEC  SACLK  PSTAT  TMPTR       MMTMP  SMCLK
      Id                                                                                                                                                               W                mJ                    C           C       
     GPU 0  1.000  0.938  0.753  0.000  0.001  0.000  0.621  0.000               9201763               6961606         100           0       0.000      99.000     151.967        8191274405    840      0     32          44    840
     GPU 0  1.000  0.938  0.753  0.000  0.001  0.000  0.621  0.000               9201763               6961606         100           0       0.000      99.000     151.967        8191274405    840      0     32          44    840
     GPU 0  1.000  0.000  0.000  0.000  0.001  0.000  0.000  0.000               8678741               6727133         100           0       0.000      99.000     151.967        8191274405    840      0     32          44    840
     GPU 0  1.000  0.951  0.769  0.000  0.001  0.000  0.629  0.000               7028533               4492286         100           0       0.000      99.000     152.258        8191274405    840      0     32          44    840
     GPU 0  1.000  0.929  0.705  0.000  0.001  0.000  0.607  0.000               3381097               1158991         100           0       0.000      99.000     152.258        8191289881    840      0     32          44    840
     GPU 0  1.000  0.000  0.000  0.000  0.001  0.000  0.000  0.000               2170586                825483         100           0       0.000      99.000     152.258        8191289881    840      0     32          44    840
     GPU 0  1.000  0.000  0.000  0.000  0.001  0.000  0.000  0.000               2170586                825483         100           0       0.000      99.000     152.258        8191289881    840      0     32          44    840
     GPU 0  1.000  0.937  0.743  0.000  0.001  0.000  0.590  0.000               2330722               1400222         100           0       0.000      99.000     152.258        8191289881    840      0     32          44    840
     GPU 0  1.000  0.955  0.763  0.000  0.001  0.000  0.631  0.000               6247126               4087394         100           0       0.000      99.000     150.896        8191305038    840      0     32          44    840
     GPU 0  1.000  0.000  0.000  0.000  0.001  0.000  0.000  0.000               8330729               5755262         100           0       0.000      99.000     150.896        8191305038    840      0     32          44    840
     GPU 0  1.000  0.000  0.000  0.000  0.001  0.000  0.000  0.000               8330729               5755262         100           0       0.000      99.000     150.896        8191305038    840      0     32          44    840
     GPU 0  1.000  0.939  0.733  0.000  0.001  0.000  0.616  0.000               7320387               6107411         100           0       0.000      99.000     150.896        8191305038    840      0     32          44    840
     GPU 0  1.000  0.944  0.763  0.000  0.001  0.000  0.626  0.000               8335408               5378757         100           0       0.000      99.000     150.896        8191305038    840      0     32          44    840
     GPU 0  1.000  0.000  0.000  0.000  0.001  0.000  0.000  0.000               1172197                921012         100           0       0.000      99.000     151.967        8191305038    840      0     32          44    840

# Entity  GRACT  SMACT  SMOCC  TENSO  DRAMA  FP64A  FP32A  FP16A                 PCITX                 PCIRX       GPUTL       MCUTL       MUSAM       GUSAM       POWER             TOTEC  SACLK  PSTAT  TMPTR       MMTMP  SMCLK
      Id                                                                                                                                                               W                mJ                    C           C       
     GPU 0  1.000  0.943  0.736  0.000  0.001  0.000  0.622  0.000               8726772               5887694         100           0       0.000      99.000     151.967        8191320544    840      0     32          44    840
     GPU 0  1.000  0.000  0.000  0.000  0.001  0.000  0.000  0.000               9568491               7404972         100           0       0.000      99.000     151.967        8191320544    840      0     32          44    840
     GPU 0  1.000  0.933  0.743  0.000  0.001  0.000  0.614  0.000               7322322               6150693         100           0       0.000      99.000     151.967        8191320544    840      0     32          44    840
     GPU 0  1.000  0.933  0.743  0.000  0.001  0.000  0.614  0.000               7322322               6150693         100           0       0.000      99.000     151.967        8191320544    840      0     32          44    840
     GPU 0  1.000  0.921  0.682  0.000  0.001  0.000  0.596  0.000               3500558               2601288         100           0       0.000      99.000     152.258        8191335740    840      0     32          44    840
     GPU 0  1.000  0.000  0.000  0.000  0.001  0.000  0.000  0.000               3426423               1369670         100           0       0.000      99.000     152.258        8191335740    840      0     32          44    840
     GPU 0  1.000  0.948  0.748  0.000  0.001  0.000  0.628  0.000               4188506               2422408         100           0       0.000      99.000     152.258        8191335740    840      0     32          44    840
     GPU 0  1.000  0.949  0.808  0.000  0.001  0.000  0.637  0.000               5516784               3191859         100           0       0.000      99.000     152.258        8191335740    840      0     32          44    840
     GPU 0  1.000  0.949  0.808  0.000  0.001  0.000  0.637  0.000               5516784               3191859         100           0       0.000      99.000     152.258        8191335740    840      0     33          44    840
     GPU 0  1.000  0.000  0.000  0.000  0.001  0.000  0.000  0.000               8202222               5213657         100           0       0.000      99.000     152.258        8191335740    840      0     33          44    840
     GPU 0  1.000  0.954  0.763  0.000  0.001  0.000  0.632  0.000               8547217               6533174         100           0       0.000      99.000     152.258        8191351234    840      0     33          44    840
     GPU 0  1.000  0.948  0.765  0.000  0.001  0.000  0.609  0.000               6447627               4585489         100           0       0.000      99.000     152.258        8191351234    840      0     33          44    840
     GPU 0  1.000  0.000  0.000  0.000  0.001  0.000  0.000  0.000               3835310               3595929         100           0       0.000      99.000     152.258        8191351234    840      0     33          44    840
     GPU 0  1.000  0.000  0.000  0.000  0.001  0.000  0.000  0.000               3835310               3595929         100           0       0.000      99.000     152.258        8191351234    840      0     33          44    840

# Entity  GRACT  SMACT  SMOCC  TENSO  DRAMA  FP64A  FP32A  FP16A                 PCITX                 PCIRX       GPUTL       MCUTL       MUSAM       GUSAM       POWER             TOTEC  SACLK  PSTAT  TMPTR       MMTMP  SMCLK
      Id                                                                                                                                                               W                mJ                    C           C       
     GPU 0  1.000  0.953  0.776  0.000  0.001  0.000  0.618  0.000               2333912               1152032         100           0       0.000      99.000     151.725        8191366392    840      0     33          44    840
     GPU 0  1.000  1.000  0.867  0.000  0.001  0.000  0.692  0.000               4998793               1621937         100           0       0.000      99.000     151.725        8191366392    840      0     33          44    840
     GPU 0  1.000  0.000  0.000  0.000  0.001  0.000  0.000  0.000               4342024               2941151         100           0       0.000      99.000     151.725        8191366392    840      0     33          44    840
     GPU 0  1.000  0.954  0.763  0.000  0.001  0.000  0.630  0.000               6654989               4468600         100           0       0.000      99.000     151.725        8191366392    840      0     33          44    840
     GPU 0  1.000  0.954  0.763  0.000  0.001  0.000  0.630  0.000               6654989               4468600         100           0       0.000      99.000     151.725        8191366392    840      0     33          44    840
     GPU 0  1.000  0.929  0.744  0.000  0.001  0.000  0.613  0.000               9722647               6890342         100           0       0.000      99.000     151.967        8191366392    840      0     33          44    840
     GPU 0  1.000  0.000  0.000  0.000  0.001  0.000  0.000  0.000               8372034               5689131         100           0       0.000      99.000     151.967        8191381930    840      0     33          44    840
     GPU 0  1.000  0.943  0.738  0.000  0.001  0.000  0.622  0.000               9450269               7251875         100           0       0.000      99.000     151.967        8191381930    840      0     33          44    840
     GPU 0  1.000  0.943  0.743  0.000  0.001  0.000  0.625  0.000               7282304               5984794         100           0       0.000      99.000     151.967        8191381930    840      0     33          44    840
     GPU 0  1.000  0.943  0.743  0.000  0.001  0.000  0.625  0.000               7282304               5984794         100           0       0.000      99.000     151.967        8191381930    840      0     33          44    840
     GPU 0  1.000  0.000  0.000  0.000  0.001  0.000  0.000  0.000               2603004               2105246         100           0       0.000      99.000     151.967        8191397091    840      0     33          44    840
     GPU 0  1.000  0.941  0.749  0.000  0.001  0.000  0.623  0.000               3497447               1794934         100           0       0.000      99.000     151.967        8191397091    840      0     33          44    840
     GPU 0  1.000  0.944  0.745  0.000  0.001  0.000  0.626  0.000               4171188               2574622         100           0       0.000      99.000     151.967        8191397091    840      0     33          44    840
     GPU 0  1.000  0.000  0.000  0.000  0.001  0.000  0.000  0.000               6716889               4413575         100           0       0.000      99.000     151.967        8191397091    840      0     33          44    840

# Entity  GRACT  SMACT  SMOCC  TENSO  DRAMA  FP64A  FP32A  FP16A                 PCITX                 PCIRX       GPUTL       MCUTL       MUSAM       GUSAM       POWER             TOTEC  SACLK  PSTAT  TMPTR       MMTMP  SMCLK
      Id                                                                                                                                                               W                mJ                    C           C       
     GPU 0  1.000  0.942  0.742  0.000  0.001  0.000  0.619  0.000               7320489               4975623         100           0       0.000      99.000     151.967        8191397091    840      0     33          44    840
     GPU 0  1.000  0.942  0.742  0.000  0.001  0.000  0.619  0.000               7320489               4975623         100           0       0.000      99.000     151.967        8191397091    840      0     33          44    840
     GPU 0  1.000  0.939  0.774  0.000  0.001  0.000  0.624  0.000              10116675               6323445         100           0       0.000      99.000     152.258        8191412910    840      0     33          44    840
     GPU 0  1.000  0.000  0.000  0.000  0.001  0.000  0.000  0.000               6691696               4577027         100           0       0.000      99.000     152.258        8191412910    840      0     33          44    840
     GPU 0  1.000  0.944  0.745  0.000  0.001  0.000  0.614  0.000               6461162               5202504         100           0       0.000      99.000     152.258        8191412910    840      0     33          44    840
     GPU 0  1.000  0.944  0.745  0.000  0.001  0.000  0.614  0.000               6461162               5202504         100           0       0.000      99.000     152.258        8191412910    840      0     33          44    840
     GPU 0  1.000  0.952  0.803  0.000  0.001  0.000  0.612  0.000               3231209               1116899         100           0       0.000      99.000     152.797        8191427889    840      0     33          44    840
     GPU 0  1.000  0.000  0.000  0.000  0.001  0.000  0.000  0.000               9389336               7023847         100           0       0.000      99.000     152.797        8191427889    840      0     33          44    840
     GPU 0  1.000  0.940  0.760  0.000  0.001  0.000  0.616  0.000              10608581               8092255         100           0       0.000      99.000     152.797        8191427889    840      0     33          44    840
     GPU 0  1.000  0.934  0.719  0.000  0.001  0.000  0.586  0.000               7023622               5439297         100           0       0.000      99.000     152.797        8191427889    840      0     33          44    840
     GPU 0  1.000  0.000  0.000  0.000  0.001  0.000  0.000  0.000               3426469               1244263         100           0       0.000      99.000     152.797        8191427889    840      0     33          44    840
     GPU 0  1.000  0.000  0.000  0.000  0.001  0.000  0.000  0.000               3426469               1244263         100           0       0.000      99.000     151.435        8191443207    840      0     33          44    840
     GPU 0  1.000  0.945  0.750  0.000  0.001  0.000  0.602  0.000               4516847               2945456         100           0       0.000      99.000     151.435        8191443207    840      0     33          44    840
     GPU 0  1.000  0.944  0.743  0.000  0.001  0.000  0.604  0.000               6885515               4648082         100           0       0.000      99.000     151.435        8191443207    840      0     33          44    840

# Entity  GRACT  SMACT  SMOCC  TENSO  DRAMA  FP64A  FP32A  FP16A                 PCITX                 PCIRX       GPUTL       MCUTL       MUSAM       GUSAM       POWER             TOTEC  SACLK  PSTAT  TMPTR       MMTMP  SMCLK
      Id                                                                                                                                                               W                mJ                    C           C       
     GPU 0  1.000  0.000  0.000  0.000  0.001  0.000  0.000  0.000               8749336               6383549         100           0       0.000      99.000     151.435        8191443207    840      0     33          44    840
     GPU 0  1.000  0.000  0.000  0.000  0.001  0.000  0.000  0.000               8749336               6383549         100           0       0.000      99.000     151.435        8191443207    840      0     33          44    840
     GPU 0  1.000  0.951  0.763  0.000  0.001  0.000  0.618  0.000               7081839               5908512         100           0       0.000      99.000     151.967        8191458521    840      0     33          44    840
     GPU 0  1.000  0.942  0.760  0.000  0.001  0.000  0.623  0.000               7405344               5200999         100           0       0.000      99.000     151.967        8191458521    840      0     33          44    840
     GPU 0  1.000  0.000  0.000  0.000  0.001  0.000  0.000  0.000               3385283               1352054         100           0       0.000      99.000     151.967        8191458521    840      0     33          44    840
     GPU 0  1.000  0.945  0.751  0.000  0.001  0.000  0.627  0.000               3372326               1424424         100           0       0.000      99.000     151.967        8191458521    840      0     33          44    840
     GPU 0  1.000  0.939  0.860  0.000  0.001  0.000  0.634  0.000               5810323               3157572         100           0       0.000      99.000     151.967        8191458521    840      0     33          44    840
     GPU 0  1.000  0.939  0.860  0.000  0.001  0.000  0.634  0.000               5810323               3157572         100           0       0.000      99.000     151.967        8191458521    840      0     33          44    840
     GPU 0  1.000  0.000  0.000  0.000  0.001  0.000  0.000  0.000               5877059               3461475         100           0       0.000      99.000     151.967        8191474110    840      0     33          44    840
     GPU 0  1.000  0.951  0.773  0.000  0.001  0.000  0.632  0.000               8375337               5666681         100           0       0.000      99.000     151.967        8191474110    840      0     33          44    840
     GPU 0  1.000  0.947  0.758  0.000  0.001  0.000  0.628  0.000               9533000               7156859         100           0       0.000      99.000     151.967        8191474110    840      0     33          44    840
     GPU 0  1.000  0.000  0.000  0.000  0.001  0.000  0.000  0.000              10404763               7714488         100           0       0.000      99.000     151.967        8191474110    840      0     33          44    840
     GPU 0  1.000  0.000  0.000  0.000  0.001  0.000  0.000  0.000              10404763               7714488         100           0       0.000      99.000     151.967        8191489255    840      0     33          44    840
     GPU 0  1.000  0.944  0.761  0.000  0.001  0.000  0.625  0.000               4576493               3771602         100           0       0.000      99.000     151.967        8191489255    840      0     33          44    840

# Entity  GRACT  SMACT  SMOCC  TENSO  DRAMA  FP64A  FP32A  FP16A                 PCITX                 PCIRX       GPUTL       MCUTL       MUSAM       GUSAM       POWER             TOTEC  SACLK  PSTAT  TMPTR       MMTMP  SMCLK
      Id                                                                                                                                                               W                mJ                    C           C       
     GPU 0  1.000  0.954  0.777  0.000  0.001  0.000  0.636  0.000               5298224               4579801         100           0       0.000      99.000     151.967        8191489255    840      0     33          44    840
     GPU 0  1.000  0.000  0.000  0.000  0.001  0.000  0.000  0.000               3421191               1600913         100           0       0.000      99.000     151.967        8191489255    840      0     33          44    840
     GPU 0  1.000  0.946  0.759  0.000  0.001  0.000  0.626  0.000               5898844               3059662         100           0       0.000      99.000     151.967        8191489255    840      0     33          44    840
     GPU 0  1.000  0.956  0.694  0.000  0.001  0.000  0.624  0.000               8067298               4511249         100           0       0.000      99.000     151.967        8191489255    840      0     33          44    840
     GPU 0  1.000  0.956  0.694  0.000  0.001  0.000  0.624  0.000               8067298               4511249         100           0       0.000      99.000     152.258        8191505069    840      0     33          44    840
     GPU 0  1.000  0.000  0.000  0.000  0.001  0.000  0.000  0.000               9196585               5623599         100           0       0.000      99.000     152.258        8191505069    840      0     33          44    840
     GPU 0  1.000  0.952  0.745  0.000  0.001  0.000  0.628  0.000               7536691               5214484         100           0       0.000      99.000     152.258        8191505069    840      0     33          44    840
     GPU 0  1.000  0.952  0.764  0.000  0.001  0.000  0.630  0.000               9213642               6897122         100           0       0.000      99.000     152.258        8191505069    840      0     33          44    840
     GPU 0  1.000  0.000  0.000  0.000  0.001  0.000  0.000  0.000               9792852               7700037         100           0       0.000      99.000     151.967        8191520022    840      0     33          44    840
     GPU 0  1.000  0.942  0.754  0.000  0.001  0.000  0.624  0.000               9455174               7656163         100           0       0.000      99.000     151.967        8191520022    840      0     33          44    840
     GPU 0  1.000  0.942  0.754  0.000  0.001  0.000  0.624  0.000               9455174               7656163         100           0       0.000      99.000     151.967        8191520022    840      0     33          44    840
     GPU 0  1.000  0.953  0.758  0.000  0.001  0.000  0.632  0.000               5684721               4673403         100           0       0.000      99.000     151.967        8191520022    840      0     33          44    840
     GPU 0  1.000  0.000  0.000  0.000  0.001  0.000  0.000  0.000               6653607               4900944         100           0       0.000      99.000     151.967        8191520022    840      0     33          44    840
     GPU 0  1.000  0.947  0.770  0.000  0.001  0.000  0.622  0.000               9307447               7100760         100           0       0.000      99.000     151.725        8191535356    840      0     33          44    840

# Entity  GRACT  SMACT  SMOCC  TENSO  DRAMA  FP64A  FP32A  FP16A                 PCITX                 PCIRX       GPUTL       MCUTL       MUSAM       GUSAM       POWER             TOTEC  SACLK  PSTAT  TMPTR       MMTMP  SMCLK
      Id                                                                                                                                                               W                mJ                    C           C       
     GPU 0  1.000  0.947  0.770  0.000  0.001  0.000  0.622  0.000               9307447               7100760         100           0       0.000      99.000     151.725        8191535356    840      0     33          44    840
     GPU 0  1.000  0.955  0.785  0.000  0.001  0.000  0.634  0.000               6196148               4981591         100           0       0.000      99.000     151.725        8191535356    840      0     33          44    840
     GPU 0  1.000  0.000  0.000  0.000  0.001  0.000  0.000  0.000               5900478               4561832         100           0       0.000      99.000     151.725        8191535356    840      0     33          44    840
     GPU 0  1.000  0.942  0.766  0.000  0.001  0.000  0.625  0.000               9870831               6747716         100           0       0.000      99.000     151.725        8191535356    840      0     33          44    840
     GPU 0  1.000  0.936  0.734  0.000  0.001  0.000  0.617  0.000               4805445               3530635         100           0       0.000      99.000     152.797        8191535356    840      0     33          44    840
     GPU 0  1.000  0.936  0.734  0.000  0.001  0.000  0.617  0.000               4805445               3530635         100           0       0.000      99.000     152.797        8191550755    840      0     33          44    840
     GPU 0  1.000  0.000  0.000  0.000  0.001  0.000  0.000  0.000               9713862               5254659         100           0       0.000      99.000     152.797        8191550755    840      0     33          44    840
     GPU 0  1.000  0.942  0.760  0.000  0.001  0.000  0.623  0.000               7194350               5198181         100           0       0.000      99.000     152.797        8191550755    840      0     33          44    840
     GPU 0  1.000  0.944  0.745  0.000  0.001  0.000  0.626  0.000               6749957               5240663         100           0       0.000      99.000     152.797        8191550755    840      0     33          44    840
     GPU 0  1.000  0.944  0.745  0.000  0.001  0.000  0.626  0.000               6749957               5240663         100           0       0.000      99.000     150.606        8191566134    840      0     33          44    840
     GPU 0  1.000  0.000  0.000  0.000  0.001  0.000  0.000  0.000               5653414               4480853         100           0       0.000      99.000     150.606        8191566134    840      0     33          44    840
     GPU 0  1.000  0.935  0.751  0.000  0.001  0.000  0.619  0.000               9049076               6557965         100           0       0.000      99.000     150.606        8191566134    840      0     33          44    840
     GPU 0  1.000  0.942  0.758  0.000  0.001  0.000  0.624  0.000               7001153               5701647         100           0       0.000      99.000     150.606        8191566134    840      0     33          44    840
     GPU 0  1.000  0.000  0.000  0.000  0.001  0.000  0.000  0.000               3475876               2484007         100           0       0.000      99.000     150.606        8191566134    840      0     33          44    840

# Entity  GRACT  SMACT  SMOCC  TENSO  DRAMA  FP64A  FP32A  FP16A                 PCITX                 PCIRX       GPUTL       MCUTL       MUSAM       GUSAM       POWER             TOTEC  SACLK  PSTAT  TMPTR       MMTMP  SMCLK
      Id                                                                                                                                                               W                mJ                    C           C       
     GPU 0  1.000  0.942  0.748  0.000  0.001  0.000  0.624  0.000               3384042               1076362         100           0       0.000      99.000     150.606        8191566134    840      0     33          44    840
     GPU 0  1.000  0.000  0.000  0.000  0.001  0.000  0.000  0.000               6313704               4288554         100           0       0.000      99.000     152.258        8191581713    840      0     33          44    840
     GPU 0  1.000  0.000  0.000  0.000  0.001  0.000  0.000  0.000               6313704               4288554         100           0       0.000      99.000     152.258        8191581713    840      0     33          44    840
     GPU 0  1.000  0.943  0.738  0.000  0.001  0.000  0.598  0.000               6080398               3106583         100           0       0.000      99.000     152.258        8191581713    840      0     33          44    840
     GPU 0  1.000  0.943  0.759  0.000  0.001  0.000  0.595  0.000               6738367               4570466         100           0       0.000      99.000     152.258        8191581713    840      0     33          44    840
     GPU 0  1.000  0.000  0.000  0.000  0.001  0.000  0.000  0.000               8289580               5705212         100           0       0.000      99.000     151.967        8191596856    840      0     33          44    840
     GPU 0  1.000  0.942  0.745  0.000  0.001  0.000  0.599  0.000               7752371               6285797         100           0       0.000      99.000     151.967        8191596856    840      0     33          44    840
     GPU 0  1.000  0.942  0.745  0.000  0.001  0.000  0.599  0.000               7752371               6285797         100           0       0.000      99.000     151.967        8191596856    840      0     33          44    840
     GPU 0  1.000  0.943  0.763  0.000  0.001  0.000  0.622  0.000               6235736               4626554         100           0       0.000      99.000     151.967        8191596856    840      0     33          44    840
     GPU 0  1.000  0.000  0.000  0.000  0.001  0.000  0.000  0.000               6870697               5823352         100           0       0.000      99.000     151.967        8191596856    840      0     33          44    840
     GPU 0  1.000  0.947  0.755  0.000  0.001  0.000  0.627  0.000               5432404               3284606         100           0       0.000      99.000     151.967        8191612338    840      0     33          44    840
     GPU 0  1.000  0.000  0.000  0.000  0.001  0.000  0.000  0.000               1256708               1005367         100           0       0.000      99.000     152.258        8191612338    840      0     33          44    840
     GPU 0  1.000  0.939  0.734  0.000  0.001  0.000  0.618  0.000               3384217               1118294         100           0       0.000      99.000     152.258        8191612338    840      0     33          44    840
     GPU 0  1.000  0.939  0.734  0.000  0.001  0.000  0.618  0.000               3384217               1118294         100           0       0.000      99.000     152.258        8191612338    840      0     33          45    840

# Entity  GRACT  SMACT  SMOCC  TENSO  DRAMA  FP64A  FP32A  FP16A                 PCITX                 PCIRX       GPUTL       MCUTL       MUSAM       GUSAM       POWER             TOTEC  SACLK  PSTAT  TMPTR       MMTMP  SMCLK
      Id                                                                                                                                                               W                mJ                    C           C       
     GPU 0  1.000  0.917  0.680  0.000  0.001  0.000  0.593  0.000               7213412               4420964         100           0       0.000      99.000     152.258        8191612338    840      0     33          44    840
     GPU 0  1.000  0.000  0.000  0.000  0.001  0.000  0.000  0.000               8217341               5240530         100           0       0.000      99.000     152.499        8191627613    840      0     33          44    840
     GPU 0  1.000  0.945  0.745  0.000  0.001  0.000  0.627  0.000               8519421               5970059         100           0       0.000      99.000     152.499        8191627613    840      0     33          44    840
     GPU 0  1.000  0.941  0.750  0.000  0.001  0.000  0.623  0.000               9342114               6932924         100           0       0.000      99.000     152.499        8191627613    840      0     33          45    840
     GPU 0  1.000  0.000  0.000  0.000  0.001  0.000  0.000  0.000               9462276               7060956         100           0       0.000      99.000     152.499        8191627613    840      0     33          45    840
     GPU 0  1.000  0.933  0.729  0.000  0.001  0.000  0.611  0.000               9792169               7365051         100           0       0.000      99.000     152.499        8191627613    840      0     33          45    840
     GPU 0  1.000  0.933  0.729  0.000  0.001  0.000  0.611  0.000               9792169               7365051         100           0       0.000      99.000     152.499        8191642990    840      0     33          45    840
     GPU 0  1.000  0.951  0.765  0.000  0.001  0.000  0.629  0.000               4138345               3761723         100           0       0.000      99.000     151.967        8191642990    840      0     33          44    840
     GPU 0  1.000  0.000  0.000  0.000  0.001  0.000  0.000  0.000               3388432               2329983         100           0       0.000      99.000     151.967        8191642990    840      0     33          44    840
     GPU 0  1.000  0.941  0.741  0.000  0.001  0.000  0.594  0.000               5690898               2616204         100           0       0.000      99.000     151.967        8191642990    840      0     33          45    840
     GPU 0  1.000  0.941  0.741  0.000  0.001  0.000  0.594  0.000               5690898               2616204         100           0       0.000      99.000     151.967        8191642990    840      0     33          44    840
     GPU 0  1.000  0.936  0.688  0.000  0.001  0.000  0.607  0.000               8409260               4887257         100           0       0.000      99.000     152.499        8191642990    840      0     33          45    840
     GPU 0  1.000  0.000  0.000  0.000  0.001  0.000  0.000  0.000               8789111               5335576         100           0       0.000      99.000     152.499        8191658658    840      0     33          45    840
     GPU 0  1.000  0.947  0.760  0.000  0.001  0.000  0.603  0.000               9632436               7244484         100           0       0.000      99.000     152.499        8191658658    840      0     33          44    840

# Entity  GRACT  SMACT  SMOCC  TENSO  DRAMA  FP64A  FP32A  FP16A                 PCITX                 PCIRX       GPUTL       MCUTL       MUSAM       GUSAM       POWER             TOTEC  SACLK  PSTAT  TMPTR       MMTMP  SMCLK
      Id                                                                                                                                                               W                mJ                    C           C       
     GPU 0  1.000  0.943  0.754  0.000  0.001  0.000  0.598  0.000               9613276               7210597         100           0       0.000      99.000     152.499        8191658658    840      0     33          44    840
     GPU 0  1.000  0.000  0.000  0.000  0.001  0.000  0.000  0.000               9204703               6866843         100           0       0.000      99.000     152.499        8191658658    840      0     33          44    840
     GPU 0  1.000  0.000  0.000  0.000  0.001  0.000  0.000  0.000               9204703               6866843         100           0       0.000      99.000     152.258        8191673734    840      0     33          45    840
     GPU 0  1.000  0.944  0.755  0.000  0.001  0.000  0.598  0.000               7158550               5944256         100           0       0.000      99.000     152.258        8191673734    840      0     33          44    840
     GPU 0  1.000  0.951  0.758  0.000  0.001  0.000  0.622  0.000               7319396               4952944         100           0       0.000      99.000     152.258        8191673734    840      0     33          45    840
     GPU 0  1.000  0.000  0.000  0.000  0.001  0.000  0.000  0.000               8386964               6518247         100           0       0.000      99.000     152.258        8191673734    840      0     33          45    840
     GPU 0  1.000  0.943  0.760  0.000  0.001  0.000  0.624  0.000               6392947               4367298         100           0       0.000      99.000     152.258        8191673734    840      0     33          45    840
     GPU 0  1.000  0.943  0.760  0.000  0.001  0.000  0.624  0.000               6392947               4367298         100           0       0.000      99.000     152.258        8191673734    840      0     33          45    840
     GPU 0  1.000  1.000  0.801  0.000  0.001  0.000  0.680  0.000               3152919                652611         100           0       0.000      99.000     153.087        8191689588    840      0     33          45    840
     GPU 0  1.000  0.000  0.000  0.000  0.001  0.000  0.000  0.000               7521631               3527854         100           0       0.000      99.000     153.087        8191689588    840      0     33          45    840
     GPU 0  1.000  0.949  0.775  0.000  0.001  0.000  0.632  0.000               6190799               2926860         100           0       0.000      99.000     153.087        8191689588    840      0     33          44    840
     GPU 0  1.000  0.950  0.736  0.000  0.001  0.000  0.627  0.000               6431087               4330810         100           0       0.000      99.000     153.087        8191689588    840      0     33          44    840
     GPU 0  1.000  0.000  0.000  0.000  0.001  0.000  0.000  0.000               9592202               6810573         100           0       0.000      99.000     152.258        8191704547    840      0     33          45    840
     GPU 0  1.000  0.000  0.000  0.000  0.001  0.000  0.000  0.000               9592202               6810573         100           0       0.000      99.000     152.258        8191704547    840      0     33          45    840

# Entity  GRACT  SMACT  SMOCC  TENSO  DRAMA  FP64A  FP32A  FP16A                 PCITX                 PCIRX       GPUTL       MCUTL       MUSAM       GUSAM       POWER             TOTEC  SACLK  PSTAT  TMPTR       MMTMP  SMCLK
      Id                                                                                                                                                               W                mJ                    C           C       
     GPU 0  1.000  0.932  0.737  0.000  0.001  0.000  0.612  0.000               9419833               7110753         100           0       0.000      99.000     152.258        8191704547    840      0     33          45    840
     GPU 0  1.000  0.948  0.743  0.000  0.001  0.000  0.627  0.000               3390238               3180772         100           0       0.000      99.000     152.258        8191704547    840      0     33          44    840
     GPU 0  1.000  0.000  0.000  0.000  0.001  0.000  0.000  0.000               6262066               5117992         100           0       0.000      99.000     152.258        8191704547    840      0     33          45    840
     GPU 0  1.000  0.941  0.757  0.000  0.001  0.000  0.623  0.000               1172946                837819         100           0       0.000      99.000     152.258        8191704547    840      0     33          45    840
     GPU 0  1.000  0.000  0.000  0.000  0.001  0.000  0.000  0.000              10358149               6808300         100           0       0.000      99.000     152.499        8191720344    840      0     33          45    840
     GPU 0  1.000  0.000  0.000  0.000  0.001  0.000  0.000  0.000              10358149               6808300         100           0       0.000      99.000     152.499        8191720344    840      0     33          45    840
     GPU 0  1.000  0.940  0.760  0.000  0.001  0.000  0.621  0.000               7072054               5984089         100           0       0.000      99.000     152.499        8191720344    840      0     33          45    840
     GPU 0  1.000  0.950  0.763  0.000  0.001  0.000  0.600  0.000               3463540               2604947         100           0       0.000      99.000     152.499        8191720344    840      0     33          45    840
     GPU 0  1.000  0.000  0.000  0.000  0.001  0.000  0.000  0.000               3465278               1117214         100           0       0.000      99.000     151.967        8191735269    840      0     33          43    840
     GPU 0  1.000  0.945  0.754  0.000  0.001  0.000  0.608  0.000               5522186               2987711         100           0       0.000      99.000     151.967        8191735269    840      0     33          45    840
     GPU 0  1.000  0.955  0.762  0.000  0.001  0.000  0.599  0.000               5842747               4032396         100           0       0.000      99.000     151.967        8191735269    840      0     33          45    840
     GPU 0  1.000  0.955  0.762  0.000  0.001  0.000  0.599  0.000               5842747               4032396         100           0       0.000      99.000     151.967        8191735269    840      0     33          45    840
     GPU 0  1.000  0.000  0.000  0.000  0.001  0.000  0.000  0.000               8129016               5491440         100           0       0.000      99.000     151.967        8191735269    840      0     33          45    840
     GPU 0  1.000  0.949  0.756  0.000  0.001  0.000  0.606  0.000              10070858               7069606         100           0       0.000      99.000     151.967        8191735269    840      0     33          45    840

# Entity  GRACT  SMACT  SMOCC  TENSO  DRAMA  FP64A  FP32A  FP16A                 PCITX                 PCIRX       GPUTL       MCUTL       MUSAM       GUSAM       POWER             TOTEC  SACLK  PSTAT  TMPTR       MMTMP  SMCLK
      Id                                                                                                                                                               W                mJ                    C           C       
     GPU 0  1.000  0.000  0.000  0.000  0.001  0.000  0.000  0.000               1088708                167493         100           0       0.000      99.000     152.258        8191751028    840      0     33          45    840
     GPU 0  0.000  0.000  0.000  0.000  0.000  0.000  0.000  0.000               5974202               3311484         100           0       0.000      99.000     152.258        8191751028    840      0     32          45    840
     GPU 0  0.000  0.000  0.000  0.000  0.000  0.000  0.000  0.000               5974202               3311484         100           0       0.000      99.000     152.258        8191751028    840      0     32          45    840
     GPU 0  0.000  0.000  0.000  0.000  0.000  0.000  0.000  0.000               7165757               4079954         100           0       0.000      99.000     152.258        8191751028    840      0     31          45    840
     GPU 0  0.000  0.000  0.000  0.000  0.000  0.000  0.000  0.000               8279887               4994644         100           0       0.000      99.000      85.158        8191760634    840      0     31          45    840
     GPU 0  0.000  0.000  0.000  0.000  0.000  0.000  0.000  0.000               7953409               4739398         100           0       0.000      99.000      85.158        8191760634    840      0     31          45    840
     GPU 0  0.000  0.000  0.000  0.000  0.000  0.000  0.000  0.000               8658423               5484736         100           0       0.000      99.000      85.158        8191760634    840      0     31          45    840
     GPU 0  0.000  0.000  0.000  0.000  0.000  0.000  0.000  0.000               9372524               5982960          36           0       0.000      35.000      85.158        8191760634    840      0     31          45    840
     GPU 0  0.000  0.000  0.000  0.000  0.000  0.000  0.000  0.000              10175259               6342338          36           0       0.000      35.000      85.158        8191760634    840      0     30          44    840
     GPU 0  0.000  0.000  0.000  0.000  0.000  0.000  0.000  0.000               9022471               5978525          36           0       0.000      35.000      85.158        8191760634    840      0     30          45    840
     GPU 0  0.000  0.000  0.000  0.000  0.000  0.000  0.000  0.000               6292588               4768283          36           0       0.000      35.000      84.867        8191769518    840      0     30          45    840
     GPU 0  0.000  0.000  0.000  0.000  0.000  0.000  0.000  0.000               6292588               4768283          36           0       0.000      35.000      84.867        8191769518    840      0     30          44    840
     GPU 0  0.000  0.000  0.000  0.000  0.000  0.000  0.000  0.000               1840017                     0          36           0       0.000      35.000      84.867        8191769518    840      0     30          44    840
     GPU 0  0.000  0.000  0.000  0.000  0.000  0.000  0.000  0.000               1923110                     0          36           0       0.000      35.000      84.867        8191769518    840      0     30          44    840

# Entity  GRACT  SMACT  SMOCC  TENSO  DRAMA  FP64A  FP32A  FP16A                 PCITX                 PCIRX       GPUTL       MCUTL       MUSAM       GUSAM       POWER             TOTEC  SACLK  PSTAT  TMPTR       MMTMP  SMCLK
      Id                                                                                                                                                               W                mJ                    C           C       
     GPU 0  0.000  0.000  0.000  0.000  0.000  0.000  0.000  0.000               3959662               1782210          36           0       0.000      35.000      84.867        8191777793    840      0     30          44    840
     GPU 0  0.000  0.000  0.000  0.000  0.000  0.000  0.000  0.000               6106755               3330146          36           0       0.000      35.000      84.867        8191777793    840      0     30          44    840
     GPU 0  0.000  0.000  0.000  0.000  0.000  0.000  0.000  0.000               5928460               3380447          36           0       0.000      35.000      84.867        8191777793    840      0     30          44    840
     GPU 0  0.000  0.000  0.000  0.000  0.000  0.000  0.000  0.000               5928460               3380447           0           0       0.000       0.000      84.867        8191777793    840      0     30          45    840
     GPU 0  0.000  0.000  0.000  0.000  0.000  0.000  0.000  0.000               7744934               5056992           0           0       0.000       0.000      84.867        8191777793    840      0     30          44    840
     GPU 0  0.000  0.000  0.000  0.000  0.000  0.000  0.000  0.000               6075237               4524815           0           0       0.000       0.000      84.867        8191777793    840      0     29          44    840
     GPU 0  0.000  0.000  0.000  0.000  0.000  0.000  0.000  0.000               4844129               2778438           0           0       0.000       0.000      84.867        8191786520    840      0     29          44    840
     GPU 0  0.000  0.000  0.000  0.000  0.000  0.000  0.000  0.000               4844129               2778438           0           0       0.000       0.000      84.867        8191786520    840      0     29          44    840
     GPU 0  0.000  0.000  0.000  0.000  0.000  0.000  0.000  0.000               3342029                275015           0           0       0.000       0.000      84.867        8191786520    840      0     29          44    840
     GPU 0  0.000  0.000  0.000  0.000  0.000  0.000  0.000  0.000               3190080                232910           0           0       0.000       0.000      84.867        8191786520    840      0     29          44    840
     GPU 0  0.000  0.000  0.000  0.000  0.000  0.000  0.000  0.000               3579288               1537184           0           0       0.000       0.000      84.625        8191794926    840      0     29          44    840
     GPU 0  0.000  0.000  0.000  0.000  0.000  0.000  0.000  0.000               5507674               3006672           0           0       0.000       0.000      84.625        8191794926    840      0     29          44    840
     GPU 0  0.000  0.000  0.000  0.000  0.000  0.000  0.000  0.000               6780959               4240238           0           0       0.000       0.000      84.625        8191794926    840      0     29          44    840
     GPU 0  0.000  0.000  0.000  0.000  0.000  0.000  0.000  0.000               6780959               4240238           0           0       0.000       0.000      84.625        8191794926    840      0     29          44    840

# Entity  GRACT  SMACT  SMOCC  TENSO  DRAMA  FP64A  FP32A  FP16A                 PCITX                 PCIRX       GPUTL       MCUTL       MUSAM       GUSAM       POWER             TOTEC  SACLK  PSTAT  TMPTR       MMTMP  SMCLK
      Id                                                                                                                                                               W                mJ                    C           C       
     GPU 0  0.000  0.000  0.000  0.000  0.000  0.000  0.000  0.000              13920464               9031730           0           0       0.000       0.000      84.625        8191794926    840      0     29          44    840
     GPU 0  0.000  0.000  0.000  0.000  0.000  0.000  0.000  0.000               3083461               9417059           0           0       0.000       0.000      84.625        8191794926    840      0     29          44    840
     GPU 0  0.000  0.000  0.000  0.000  0.000  0.000  0.000  0.000               3083461               9417059           0           0       0.000       0.000      84.625        8191803602    840      0     29          44    840
     GPU 0  0.000  0.000  0.000  0.000  0.000  0.000  0.000  0.000               3083461               9417059           0           0       0.000       0.000      84.625        8191803602    840      0     29          44    840
     GPU 0  0.000  0.000  0.000  0.000  0.000  0.000  0.000  0.000               1158683               1738024           0           0       0.000       0.000      84.625        8191803602    840      0     29          44    840
     GPU 0  0.000  0.000  0.000  0.000  0.000  0.000  0.000  0.000               1158683               1738024           0           0       0.000       0.000      84.625        8191803602    840      0     29          44    840
     GPU 0  0.000  0.000  0.000  0.000  0.000  0.000  0.000  0.000               8590692              13629464           0           0       0.000       0.000      84.625        8191812088    840      0     29          44    840
     GPU 0  0.000  0.000  0.000  0.000  0.000  0.000  0.000  0.000               8590692              13629464           0           0       0.000       0.000      84.625        8191812088    840      0     29          44    840
     GPU 0  0.000  0.000  0.000  0.000  0.000  0.000  0.000  0.000               9147373               7997335           0           0       0.000       0.000      84.625        8191812088    840      0     29          44    840
     GPU 0  0.000  0.000  0.000  0.000  0.000  0.000  0.000  0.000               9147373               7997335           0           0       0.000       0.000      84.625        8191812088    840      0     29          44    840
     GPU 0  0.000  0.000  0.000  0.000  0.000  0.000  0.000  0.000               7611672               5498593          10           0       0.000       0.000      84.625        8191812088    840      0     29          44    840
     GPU 0  0.000  0.000  0.000  0.000  0.000  0.000  0.000  0.000               9422190               7701921          10           0       0.000       0.000      84.625        8191812088    840      0     29          44    840
     GPU 0  0.000  0.000  0.000  0.000  0.000  0.000  0.000  0.000              10190446               5667514          10           0       0.000       0.000      84.625        8191820604    840      0     29          44    840
     GPU 0  0.000  0.000  0.000  0.000  0.000  0.000  0.000  0.000               3030198                 41855          10           0       0.000       0.000      84.625        8191820604    840      0     29          44    840

# Entity  GRACT  SMACT  SMOCC  TENSO  DRAMA  FP64A  FP32A  FP16A                 PCITX                 PCIRX       GPUTL       MCUTL       MUSAM       GUSAM       POWER             TOTEC  SACLK  PSTAT  TMPTR       MMTMP  SMCLK
      Id                                                                                                                                                               W                mJ                    C           C       
     GPU 0  0.000  0.000  0.000  0.000  0.000  0.000  0.000  0.000               3030198                 41855          10           0       0.000       0.000      84.625        8191820604    840      0     29          44    840
     GPU 0  0.000  0.000  0.000  0.000  0.000  0.000  0.000  0.000               3028441                     0          10           0       0.000       0.000      84.625        8191820604    840      0     29          44    840
     GPU 0  0.000  0.000  0.000  0.000  0.000  0.000  0.000  0.000               4736035               2200719          10           0       0.000       0.000      84.625        8191820604    840      0     29          44    840
     GPU 0  0.000  0.000  0.000  0.000  0.000  0.000  0.000  0.000               7887960               4039175          10           0       0.000       0.000      84.625        8191829322    840      0     29          44    840
     GPU 0  0.000  0.000  0.000  0.000  0.000  0.000  0.000  0.000               7931871               4777420          10           0       0.000       0.000      84.625        8191829322    840      0     29          44    840
     GPU 0  0.000  0.000  0.000  0.000  0.000  0.000  0.000  0.000               9030606               5739984           0           0       0.000       0.000      84.625        8191829322    840      0     29          44    840
     GPU 0  0.000  0.000  0.000  0.000  0.000  0.000  0.000  0.000               9383981               6342537           0           0       0.000       0.000      84.625        8191829322    840      0     29          44    840
     GPU 0  0.000  0.000  0.000  0.000  0.000  0.000  0.000  0.000               9326684               6227658           0           0       0.000       0.000      84.625        8191837662    840      0     29          44    840
     GPU 0  0.000  0.000  0.000  0.000  0.000  0.000  0.000  0.000               9273294               5985874           0           0       0.000       0.000      84.625        8191837662    840      0     29          44    840
     GPU 0  0.000  0.000  0.000  0.000  0.000  0.000  0.000  0.000               9273294               5985874           0           0       0.000       0.000      84.625        8191837662    840      0     29          44    840
     GPU 0  0.000  0.000  0.000  0.000  0.000  0.000  0.000  0.000               9561051               6425670           0           0       0.000       0.000      84.625        8191837662    840      0     29          44    840
     GPU 0  0.000  0.000  0.000  0.000  0.000  0.000  0.000  0.000               9593495               6308358           0           0       0.000       0.000      84.625        8191837662    840      0     29          44    840
     GPU 0  0.000  0.000  0.000  0.000  0.000  0.000  0.000  0.000              10009183               6218852           0           0       0.000       0.000      84.625        8191837662    840      0     29          44    840
     GPU 0  0.000  0.000  0.000  0.000  0.000  0.000  0.000  0.000              10009183               6218852           0           0       0.000       0.000      84.625        8191846439    840      0     29          44    840

# Entity  GRACT  SMACT  SMOCC  TENSO  DRAMA  FP64A  FP32A  FP16A                 PCITX                 PCIRX       GPUTL       MCUTL       MUSAM       GUSAM       POWER             TOTEC  SACLK  PSTAT  TMPTR       MMTMP  SMCLK
      Id                                                                                                                                                               W                mJ                    C           C       
     GPU 0  0.000  0.000  0.000  0.000  0.000  0.000  0.000  0.000               7928989               4633806           0           0       0.000       0.000      84.625        8191846439    840      0     29          44    840
     GPU 0  0.000  0.000  0.000  0.000  0.000  0.000  0.000  0.000               3927172               3301563           0           0       0.000       0.000      84.625        8191846439    840      0     29          44    840
     GPU 0  0.000  0.000  0.000  0.000  0.000  0.000  0.000  0.000               3193565                275124           0           0       0.000       0.000      84.625        8191846439    840      0     29          44    840
     GPU 0  0.000  0.000  0.000  0.000  0.000  0.000  0.000  0.000               1961719                163131           0           0       0.000       0.000      84.625        8191854744    840      0     29          44    840
     GPU 0  0.000  0.000  0.000  0.000  0.000  0.000  0.000  0.000               4278449               1862693           0           0       0.000       0.000      84.625        8191854744    840      0     28          44    840
     GPU 0  0.000  0.000  0.000  0.000  0.000  0.000  0.000  0.000               4278449               1862693           0           0       0.000       0.000      84.625        8191854744    840      0     28          44    840
     GPU 0  0.000  0.000  0.000  0.000  0.000  0.000  0.000  0.000               6782976               3755813           0           0       0.000       0.000      84.625        8191854744    840      0     28          44    840
     GPU 0  0.000  0.000  0.000  0.000  0.000  0.000  0.000  0.000               8956153               6056418           0           0       0.000       0.000      84.625        8191854744    840      0     28          44    840
     GPU 0  0.000  0.000  0.000  0.000  0.000  0.000  0.000  0.000               5757206               3669577           0           0       0.000       0.000      84.625        8191854744    840      0     28          44    840
     GPU 0  0.000  0.000  0.000  0.000  0.000  0.000  0.000  0.000               5757206               3669577           0           0       0.000       0.000      84.625        8191863449    840      0     28          44    840
     GPU 0  0.000  0.000  0.000  0.000  0.000  0.000  0.000  0.000               3069115                275202           0           0       0.000       0.000      84.625        8191863449    840      0     28          44    840
     GPU 0  0.000  0.000  0.000  0.000  0.000  0.000  0.000  0.000               2044679                163408           0           0       0.000       0.000      84.625        8191863449    840      0     28          44    840
     GPU 0  0.000  0.000  0.000  0.000  0.000  0.000  0.000  0.000               4028172               1932714           0           0       0.000       0.000      84.625        8191863449    840      0     28          44    840
     GPU 0  0.000  0.000  0.000  0.000  0.000  0.000  0.000  0.000               6825883               3909908           0           0       0.000       0.000      84.625        8191871822    840      0     28          44    840

# Entity  GRACT  SMACT  SMOCC  TENSO  DRAMA  FP64A  FP32A  FP16A                 PCITX                 PCIRX       GPUTL       MCUTL       MUSAM       GUSAM       POWER             TOTEC  SACLK  PSTAT  TMPTR       MMTMP  SMCLK
      Id                                                                                                                                                               W                mJ                    C           C       
     GPU 0  0.000  0.000  0.000  0.000  0.000  0.000  0.000  0.000               6825883               3909908           0           0       0.000       0.000      84.625        8191871822    840      0     28          44    840
     GPU 0  0.000  0.000  0.000  0.000  0.000  0.000  0.000  0.000              10432296               6857473           0           0       0.000       0.000      84.625        8191871822    840      0     28          44    840
     GPU 0  0.000  0.000  0.000  0.000  0.000  0.000  0.000  0.000               4452516               2983048           0           0       0.000       0.000      84.625        8191871822    840      0     28          44    840
     GPU 0  0.000  0.000  0.000  0.000  0.000  0.000  0.000  0.000               5569724               3293471           0           0       0.000       0.000      84.625        8191871822    840      0     28          44    840
     GPU 0  0.000  0.000  0.000  0.000  0.000  0.000  0.000  0.000               5569724               3293471           0           0       0.000       0.000      84.625        8191880342    840      0     28          44    840
     GPU 0  0.000  0.000  0.000  0.000  0.000  0.000  0.000  0.000               6738760               4222695           0           0       0.000       0.000      84.625        8191880342    840      0     28          44    840
     GPU 0  0.000  0.000  0.000  0.000  0.000  0.000  0.000  0.000               8075160               4158052           0           0       0.000       0.000      84.625        8191880342    840      0     28          44    840
     GPU 0  0.000  0.000  0.000  0.000  0.000  0.000  0.000  0.000               8105165               5331738           0           0       0.000       0.000      84.625        8191880342    840      0     28          44    840
     GPU 0  0.000  0.000  0.000  0.000  0.000  0.000  0.000  0.000               4553686               2048610           0           0       0.000       0.000      84.625        8191880342    840      0     28          44    840
     GPU 0  0.000  0.000  0.000  0.000  0.000  0.000  0.000  0.000               4553686               2048610           0           0       0.000       0.000      84.625        8191880342    840      0     28          44    840
     GPU 0  0.000  0.000  0.000  0.000  0.000  0.000  0.000  0.000               6056835               3485161           0           0       0.000       0.000      84.625        8191889011    840      0     28          44    840
     GPU 0  0.000  0.000  0.000  0.000  0.000  0.000  0.000  0.000              10129862               5571270           0           0       0.000       0.000      84.625        8191889011    840      0     28          44    840
     GPU 0  0.000  0.000  0.000  0.000  0.000  0.000  0.000  0.000               7251178               4421458           0           0       0.000       0.000      84.625        8191889011    840      0     28          44    840
     GPU 0  0.000  0.000  0.000  0.000  0.000  0.000  0.000  0.000               7251178               4421458           0           0       0.000       0.000      84.625        8191889011    840      0     28          44    840

# Entity  GRACT  SMACT  SMOCC  TENSO  DRAMA  FP64A  FP32A  FP16A                 PCITX                 PCIRX       GPUTL       MCUTL       MUSAM       GUSAM       POWER             TOTEC  SACLK  PSTAT  TMPTR       MMTMP  SMCLK
      Id                                                                                                                                                               W                mJ                    C           C       
     GPU 0  0.000  0.000  0.000  0.000  0.000  0.000  0.000  0.000               3065054                232991           0           0       0.000       0.000      84.625        8191897435    840      0     28          44    840
     GPU 0  0.000  0.000  0.000  0.000  0.000  0.000  0.000  0.000               3025125                275011           0           0       0.000       0.000      84.625        8191897435    840      0     28          44    840
     GPU 0  0.000  0.000  0.000  0.000  0.000  0.000  0.000  0.000               4135141               1709893           0           0       0.000       0.000      84.625        8191897435    840      0     28          44    840
     GPU 0  0.000  0.000  0.000  0.000  0.000  0.000  0.000  0.000               4199890               2017707           0           0       0.000       0.000      84.625        8191897435    840      0     28          44    840
     GPU 0  0.000  0.000  0.000  0.000  0.000  0.000  0.000  0.000               4199890               2017707           0           0       0.000       0.000      84.625        8191897435    840      0     28          44    840
     GPU 0  0.000  0.000  0.000  0.000  0.000  0.000  0.000  0.000               7488075               4535957           0           0       0.000       0.000      84.625        8191897435    840      0     28          44    840
     GPU 0  0.000  0.000  0.000  0.000  0.000  0.000  0.000  0.000               6912828               5027379           0           0       0.000       0.000      84.625        8191905967    840      0     28          44    840
     GPU 0  0.000  0.000  0.000  0.000  0.000  0.000  0.000  0.000               8894633               5664239           0           0       0.000       0.000      84.625        8191905967    840      0     28          44    840
     GPU 0  0.000  0.000  0.000  0.000  0.000  0.000  0.000  0.000                922117                 83828           0           0       0.000       0.000      84.625        8191905967    840      0     28          44    840
     GPU 0  0.000  0.000  0.000  0.000  0.000  0.000  0.000  0.000                922117                 83828           0           0       0.000       0.000      84.625        8191905967    840      0     28          44    840
     GPU 0  0.000  0.000  0.000  0.000  0.000  0.000  0.000  0.000                920699                 83699           0           0       0.000       0.000      84.625        8191905967    840      0     28          44    840
     GPU 0  0.000  0.000  0.000  0.000  0.000  0.000  0.000  0.000                920699                 83699           0           0       0.000       0.000      84.625        8191914622    840      0     28          44    840
     GPU 0  0.000  0.000  0.000  0.000  0.000  0.000  0.000  0.000               8186905               5284701           0           0       0.000       0.000      84.625        8191914622    840      0     28          44    840
