# Entity  GRACT  SMACT  SMOCC  TENSO  DRAMA  FP64A  FP32A  FP16A                 PCITX                 PCIRX       GPUTL       MCUTL       MUSAM       GUSAM       POWER             TOTEC  SACLK  PSTAT  TMPTR       MMTMP  SMCLK
      Id                                                                                                                                                               W                mJ                    C           C       
     GPU 0  0.000  0.000  0.000  0.000  0.000  0.000  0.000  0.000             110982658               9248554           0           0       0.000       0.000      77.020        7839144374    870      0     26          42    210
     GPU 0  0.000  0.000  0.000  0.000  0.000  0.000  0.000  0.000             110982658               9248554           0           0       0.000       0.000      77.020        7839144374    870      0     26          42    210
     GPU 0  0.000  0.000  0.000  0.000  0.000  0.000  0.000  0.000               8926290               4997520           0           0       0.000       0.000      77.020        7839144374    870      0     26          42    210
     GPU 0  0.000  0.000  0.000  0.000  0.000  0.000  0.000  0.000               6412023               3656617           0           0       0.000       0.000      77.020        7839144374    870      0     26          42    210
     GPU 0  0.000  0.000  0.000  0.000  0.000  0.000  0.000  0.000               8825351               6090262           0           0       0.000       0.000      78.632        7839144374    870      0     26          43    210
     GPU 0  0.000  0.000  0.000  0.000  0.000  0.000  0.000  0.000               8825351               6090262           0           0       0.000       0.000      78.632        7839152291    870      0     26          42    210
     GPU 0  0.000  0.000  0.000  0.000  0.000  0.000  0.000  0.000               6388858               4548512           0           0       0.000       0.000      78.632        7839152291    870      0     26          42    210
     GPU 0  0.000  0.000  0.000  0.000  0.000  0.000  0.000  0.000               3020319                274574           0           0       0.000       0.000      78.632        7839152291    870      0     26          42    210
     GPU 0  0.000  0.000  0.000  0.000  0.000  0.000  0.000  0.000               3016494                274226           0           0       0.000       0.000      78.632        7839152291    870      0     26          42    210
     GPU 0  0.000  0.000  0.000  0.000  0.000  0.000  0.000  0.000               4015328               1868025           0           0       0.000       0.000      78.632        7839160222    870      0     26          42    210
     GPU 0  0.000  0.000  0.000  0.000  0.000  0.000  0.000  0.000               4015328               1868025           0           0       0.000       0.000      78.632        7839160222    870      0     27          42    210
     GPU 0  0.000  0.000  0.000  0.000  0.000  0.000  0.000  0.000               6480769               3650462           0           0       0.000       0.000      78.632        7839160222    870      0     27          42    210
     GPU 0  0.000  0.000  0.000  0.000  0.000  0.000  0.000  0.000               8960046               5680558           0           0       0.000       0.000      78.632        7839160222    870      0     27          42    210
     GPU 0  0.000  0.000  0.000  0.000  0.000  0.000  0.000  0.000               7819782               5119928           0           0       0.000       0.000      78.632        7839160222    870      0     27          42    210
     GPU 0  0.000  0.000  0.000  0.000  0.000  0.000  0.000  0.000               9285657               5196143           0           0       0.000       0.000      78.632        7839160222    870      0     27          42    210

# Entity  GRACT  SMACT  SMOCC  TENSO  DRAMA  FP64A  FP32A  FP16A                 PCITX                 PCIRX       GPUTL       MCUTL       MUSAM       GUSAM       POWER             TOTEC  SACLK  PSTAT  TMPTR       MMTMP  SMCLK
      Id                                                                                                                                                               W                mJ                    C           C       
     GPU 0  0.000  0.000  0.000  0.000  0.000  0.000  0.000  0.000               9285657               5196143           0           0       0.000       0.000      78.632        7839168152    870      0     27          42    210
     GPU 0  0.000  0.000  0.000  0.000  0.000  0.000  0.000  0.000               3382856                274923           0           0       0.000       0.000      78.632        7839168152    870      0     27          42    210
     GPU 0  0.000  0.000  0.000  0.000  0.000  0.000  0.000  0.000               3021326                274666           0           0       0.000       0.000      78.632        7839168152    870      0     27          42    210
     GPU 0  0.000  0.000  0.000  0.000  0.000  0.000  0.000  0.000               3293760                     0           0           0       0.000       0.000      78.632        7839168152    870      0     27          42    210
     GPU 0  0.000  0.000  0.000  0.000  0.000  0.000  0.000  0.000               4000524               1874038           0           0       0.000       0.000      78.632        7839176087    870      0     27          42    210
     GPU 0  0.000  0.000  0.000  0.000  0.000  0.000  0.000  0.000               4000524               1874038           0           0       0.000       0.000      78.632        7839176087    870      0     27          42    210
     GPU 0  0.000  0.000  0.000  0.000  0.000  0.000  0.000  0.000               9001255               6047547           0           0       0.000       0.000      78.632        7839176087    870      0     27          42    210
     GPU 0  0.000  0.000  0.000  0.000  0.000  0.000  0.000  0.000               7070778               6990347           0           0       0.000       0.000      78.632        7839176087    870      0     27          42    210
     GPU 0  0.000  0.000  0.000  0.000  0.000  0.000  0.000  0.000               7070778               6990347           0           0       0.000       0.000      78.632        7839176087    870      0     27          42    210
     GPU 0  0.000  0.000  0.000  0.000  0.000  0.000  0.000  0.000               4650881               3358969           0           0       0.000       0.000      78.632        7839184017    870      0     27          42    210
     GPU 0  0.000  0.000  0.000  0.000  0.000  0.000  0.000  0.000               2192659              11450556           0           0       0.000       0.000      78.632        7839184017    870      0     27          42    210
     GPU 0  0.000  0.000  0.000  0.000  0.000  0.000  0.000  0.000               9564191              23424162           0           0       0.000       0.000      78.632        7839184017    870      0     27          42    210
     GPU 0  0.000  0.000  0.000  0.000  0.000  0.000  0.000  0.000               4859529              14494802           0           0       0.000       0.000      78.632        7839184017    870      0     27          42    210
     GPU 0  0.000  0.000  0.000  0.000  0.000  0.000  0.000  0.000               1505976               2509961           0           0       0.000       0.000      78.632        7839184017    870      0     27          42    210

# Entity  GRACT  SMACT  SMOCC  TENSO  DRAMA  FP64A  FP32A  FP16A                 PCITX                 PCIRX       GPUTL       MCUTL       MUSAM       GUSAM       POWER             TOTEC  SACLK  PSTAT  TMPTR       MMTMP  SMCLK
      Id                                                                                                                                                               W                mJ                    C           C       
     GPU 0  0.000  0.000  0.000  0.000  0.000  0.000  0.000  0.000               1505976               2509961           0           0       0.000       0.000      78.632        7839184017    870      0     27          43    210
     GPU 0  0.000  0.000  0.000  0.000  0.000  0.000  0.000  0.000               6733235               4417002           0           0       0.000       0.000      78.632        7839191944    870      0     27          42    210
     GPU 0  0.000  0.000  0.000  0.000  0.000  0.000  0.000  0.000               1781406                890703           0           0       0.000       0.000      78.632        7839191944    870      0     27          42    210
     GPU 0  0.000  0.000  0.000  0.000  0.000  0.000  0.000  0.000               1659217               2737708           0           0       0.000       0.000      78.632        7839191944    870      0     27          42    210
     GPU 0  0.000  0.000  0.000  0.000  0.000  0.000  0.000  0.000               8188595               5093693           0           0       0.000       0.000      78.632        7839191944    870      0     27          42    210
     GPU 0  0.000  0.000  0.000  0.000  0.000  0.000  0.000  0.000               8188595               5093693           0           0       0.000       0.000      78.632        7839199880    870      0     27          42    210
     GPU 0  0.000  0.000  0.000  0.000  0.000  0.000  0.000  0.000               9295120               7034144           0           0       0.000       0.000      78.632        7839199880    870      0     27          42    210
     GPU 0  0.000  0.000  0.000  0.000  0.000  0.000  0.000  0.000              11461310               9793851           0           0       0.000       0.000      78.632        7839199880    870      0     27          42    210
     GPU 0  0.000  0.000  0.000  0.000  0.000  0.000  0.000  0.000              11461310               9793851           0           0       0.000       0.000      78.632        7839199880    870      0     27          42    210
     GPU 0  0.000  0.000  0.000  0.000  0.000  0.000  0.000  0.000              11461310               9793851           0           0       0.000       0.000      78.632        7839199880    870      0     27          42    210
     GPU 0  0.000  0.000  0.000  0.000  0.000  0.000  0.000  0.000               8097017               4928619           0           0       0.000       0.000      78.632        7839199880    870      0     27          42    210
     GPU 0  0.000  0.000  0.000  0.000  0.000  0.000  0.000  0.000               1087046               4142527           0           0       0.000       0.000      78.632        7839207831    870      0     27          42    210
     GPU 0  0.000  0.000  0.000  0.000  0.000  0.000  0.000  0.000               1087046               4142527           0           0       0.000       0.000      78.632        7839207831    870      0     27          42    210
     GPU 0  0.000  0.000  0.000  0.000  0.000  0.000  0.000  0.000               9600358              17982760           0           0       0.000       0.000      78.632        7839207831    870      0     27          42    210

# Entity  GRACT  SMACT  SMOCC  TENSO  DRAMA  FP64A  FP32A  FP16A                 PCITX                 PCIRX       GPUTL       MCUTL       MUSAM       GUSAM       POWER             TOTEC  SACLK  PSTAT  TMPTR       MMTMP  SMCLK
      Id                                                                                                                                                               W                mJ                    C           C       
     GPU 0  0.000  0.000  0.000  0.000  0.000  0.000  0.000  0.000               8732396              16472475           0           0       0.000       0.000      78.632        7839207831    870      0     27          42    210
     GPU 0  0.024  0.000  0.000  0.000  0.000  0.000  0.000  0.000              15253412              24186888           0           0       0.000       0.000      80.286        7839215823    870      0     27          42    870
     GPU 0  0.024  0.000  0.000  0.000  0.000  0.000  0.000  0.000              15253412              24186888           0           0       0.000       0.000      80.286        7839215823    870      0     27          42    870
     GPU 0  0.068  0.000  0.000  0.000  0.000  0.000  0.000  0.000              17315097              62639591           0           0       0.000       0.000      80.286        7839215823    870      0     27          42    870
     GPU 0  0.034  0.000  0.000  0.000  0.001  0.000  0.000  0.000             356458290            3107132115           0           0       0.000       0.000      80.286        7839215823    870      0     27          42    870
     GPU 0  1.000  0.938  0.745  0.000  0.001  0.000  0.622  0.000              10611996              11888386           0           0       0.000       0.000      80.286        7839215823    870      0     27          42    870
     GPU 0  1.000  0.954  0.776  0.000  0.001  0.000  0.627  0.000              10501275               6523189           0           0       0.000       0.000      80.286        7839215823    870      0     27          42    870
     GPU 0  1.000  0.000  0.000  0.000  0.001  0.000  0.000  0.000              10843471               6649244           0           0       0.000       0.000     151.725        7839227024    870      0     28          42    870
     GPU 0  1.000  0.949  0.773  0.000  0.001  0.000  0.630  0.000               3124361               1063728          48           0       0.000      47.000     151.725        7839227024    870      0     29          42    870
     GPU 0  1.000  0.949  0.773  0.000  0.001  0.000  0.630  0.000               3124361               1063728          48           0       0.000      47.000     151.725        7839227024    870      0     30          42    870
     GPU 0  1.000  0.917  0.671  0.000  0.001  0.000  0.596  0.000               2334060               1398954          48           0       0.000      47.000     151.725        7839227024    870      0     30          42    870
     GPU 0  1.000  0.000  0.000  0.000  0.001  0.000  0.000  0.000               4220225               2762631          48           0       0.000      47.000     153.868        7839242594    870      0     30          43    870
     GPU 0  1.000  0.941  0.765  0.000  0.001  0.000  0.624  0.000               4478483               3099839          48           0       0.000      47.000     153.868        7839242594    870      0     30          42    870
     GPU 0  1.000  0.951  0.757  0.000  0.001  0.000  0.632  0.000               8774370               6062281          48           0       0.000      47.000     153.868        7839242594    870      0     30          42    870

# Entity  GRACT  SMACT  SMOCC  TENSO  DRAMA  FP64A  FP32A  FP16A                 PCITX                 PCIRX       GPUTL       MCUTL       MUSAM       GUSAM       POWER             TOTEC  SACLK  PSTAT  TMPTR       MMTMP  SMCLK
      Id                                                                                                                                                               W                mJ                    C           C       
     GPU 0  1.000  0.000  0.000  0.000  0.001  0.000  0.000  0.000               9901509               7378707          48           0       0.000      47.000     153.868        7839242594    870      0     30          42    870
     GPU 0  1.000  0.000  0.000  0.000  0.001  0.000  0.000  0.000               9901509               7378707          48           0       0.000      47.000     153.868        7839242594    870      0     30          42    870
     GPU 0  1.000  0.949  0.756  0.000  0.001  0.000  0.631  0.000              11422611               7322532          48           0       0.000      47.000     154.400        7839242594    870      0     30          44    870
     GPU 0  1.000  0.941  0.765  0.000  0.001  0.000  0.625  0.000              10179095               7425458          48           0       0.000      47.000     154.400        7839258156    870      0     31          43    870
     GPU 0  1.000  0.000  0.000  0.000  0.001  0.000  0.000  0.000               7746915               5506520         100           0       0.000      99.000     154.400        7839258156    870      0     31          43    870
     GPU 0  1.000  0.931  0.732  0.000  0.001  0.000  0.611  0.000               5207372               3817761         100           0       0.000      99.000     154.400        7839258156    870      0     31          43    870
     GPU 0  1.000  0.945  0.766  0.000  0.001  0.000  0.627  0.000               7126967               5022394         100           0       0.000      99.000     154.400        7839258156    870      0     31          44    870
     GPU 0  1.000  0.000  0.000  0.000  0.001  0.000  0.000  0.000               9855784               7308449         100           0       0.000      99.000     154.158        7839273767    870      0     31          44    870
     GPU 0  1.000  0.940  0.728  0.000  0.001  0.000  0.619  0.000              10347377               7201399         100           0       0.000      99.000     154.158        7839273767    870      0     31          43    870
     GPU 0  1.000  0.940  0.728  0.000  0.001  0.000  0.619  0.000              10347377               7201399         100           0       0.000      99.000     154.158        7839273767    870      0     31          43    870
     GPU 0  1.000  0.930  0.726  0.000  0.001  0.000  0.610  0.000               9794837               6812758         100           0       0.000      99.000     154.158        7839273767    870      0     31          43    870
     GPU 0  1.000  0.000  0.000  0.000  0.001  0.000  0.000  0.000               8187272               6530747         100           0       0.000      99.000     154.158        7839273767    870      0     31          43    870
     GPU 0  1.000  0.940  0.746  0.000  0.001  0.000  0.613  0.000              10021747               7367568         100           0       0.000      99.000     154.158        7839273767    870      0     31          43    870
     GPU 0  1.000  0.000  0.000  0.000  0.001  0.000  0.000  0.000               1172744                921441         100           0       0.000      99.000     154.691        7839289495    870      0     31          43    870

# Entity  GRACT  SMACT  SMOCC  TENSO  DRAMA  FP64A  FP32A  FP16A                 PCITX                 PCIRX       GPUTL       MCUTL       MUSAM       GUSAM       POWER             TOTEC  SACLK  PSTAT  TMPTR       MMTMP  SMCLK
      Id                                                                                                                                                               W                mJ                    C           C       
     GPU 0  1.000  0.946  0.744  0.000  0.001  0.000  0.622  0.000               6575318               5319417         100           0       0.000      99.000     154.691        7839289495    870      0     31          43    870
     GPU 0  1.000  0.946  0.744  0.000  0.001  0.000  0.622  0.000               6575318               5319417         100           0       0.000      99.000     154.691        7839289495    870      0     31          43    870
     GPU 0  1.000  0.938  0.730  0.000  0.001  0.000  0.617  0.000               9808342               7377177         100           0       0.000      99.000     154.691        7839289495    870      0     31          44    870
     GPU 0  1.000  0.000  0.000  0.000  0.001  0.000  0.000  0.000               9356435               6974887         100           0       0.000      99.000     154.691        7839304927    870      0     31          43    870
     GPU 0  1.000  0.928  0.728  0.000  0.001  0.000  0.608  0.000               8142289               6505359         100           0       0.000      99.000     154.988        7839304927    870      0     31          43    870
     GPU 0  1.000  0.951  0.774  0.000  0.001  0.000  0.630  0.000               9083161               6750316         100           0       0.000      99.000     154.988        7839304927    870      0     32          43    870
     GPU 0  1.000  0.000  0.000  0.000  0.001  0.000  0.000  0.000               6865591               6099193         100           0       0.000      99.000     154.988        7839304927    870      0     32          43    870
     GPU 0  1.000  0.933  0.722  0.000  0.001  0.000  0.611  0.000               9860636               7338838         100           0       0.000      99.000     154.988        7839304927    870      0     32          44    870
     GPU 0  1.000  0.948  0.766  0.000  0.001  0.000  0.630  0.000               9673497               6989188         100           0       0.000      99.000     154.988        7839304927    870      0     32          43    870
     GPU 0  1.000  0.000  0.000  0.000  0.001  0.000  0.000  0.000              10080727               7550667         100           0       0.000      99.000     154.400        7839320789    870      0     32          43    870
     GPU 0  1.000  0.944  0.767  0.000  0.001  0.000  0.626  0.000              10031253               7316726         100           0       0.000      99.000     154.400        7839320789    870      0     32          43    870
     GPU 0  1.000  0.944  0.767  0.000  0.001  0.000  0.626  0.000              10031253               7316726         100           0       0.000      99.000     154.400        7839320789    870      0     32          43    870
     GPU 0  1.000  0.948  0.761  0.000  0.001  0.000  0.623  0.000               9612514               7013839         100           0       0.000      99.000     154.400        7839320789    870      0     32          43    870
     GPU 0  1.000  0.000  0.000  0.000  0.001  0.000  0.000  0.000               9268801               6721822         100           0       0.000      99.000     154.400        7839336156    870      0     32          43    870

# Entity  GRACT  SMACT  SMOCC  TENSO  DRAMA  FP64A  FP32A  FP16A                 PCITX                 PCIRX       GPUTL       MCUTL       MUSAM       GUSAM       POWER             TOTEC  SACLK  PSTAT  TMPTR       MMTMP  SMCLK
      Id                                                                                                                                                               W                mJ                    C           C       
     GPU 0  1.000  0.951  0.771  0.000  0.001  0.000  0.632  0.000              10812039               7845421         100           0       0.000      99.000     154.400        7839336156    870      0     32          43    870
     GPU 0  1.000  0.949  0.756  0.000  0.001  0.000  0.624  0.000              10997107               7530485         100           0       0.000      99.000     154.400        7839336156    870      0     32          43    870
     GPU 0  1.000  0.000  0.000  0.000  0.001  0.000  0.000  0.000               5563587               5073763         100           0       0.000      99.000     154.400        7839336156    870      0     32          44    870
     GPU 0  1.000  0.944  0.768  0.000  0.001  0.000  0.625  0.000               3431794               1245401         100           0       0.000      99.000     154.400        7839336156    870      0     32          43    870
     GPU 0  1.000  0.935  0.843  0.000  0.001  0.000  0.628  0.000               3514274               1478671         100           0       0.000      99.000     154.400        7839336156    870      0     32          43    870
     GPU 0  1.000  0.935  0.843  0.000  0.001  0.000  0.628  0.000               3514274               1478671         100           0       0.000      99.000     154.158        7839351881    870      0     32          44    870
     GPU 0  1.000  0.000  0.000  0.000  0.001  0.000  0.000  0.000               3514046               1244996         100           0       0.000      99.000     154.158        7839351881    870      0     32          44    870
     GPU 0  1.000  0.938  0.735  0.000  0.001  0.000  0.615  0.000               2158101               1026594         100           0       0.000      99.000     154.158        7839351881    870      0     32          43    870
     GPU 0  1.000  0.957  0.767  0.000  0.001  0.000  0.636  0.000               4474224               2835323         100           0       0.000      99.000     154.158        7839351881    870      0     32          43    870
     GPU 0  1.000  0.000  0.000  0.000  0.001  0.000  0.000  0.000               6219808               4225078         100           0       0.000      99.000     154.691        7839367409    870      0     32          43    870
     GPU 0  1.000  0.937  0.743  0.000  0.001  0.000  0.618  0.000               9461419               6708679         100           0       0.000      99.000     154.691        7839367409    870      0     32          44    870
     GPU 0  1.000  0.937  0.743  0.000  0.001  0.000  0.618  0.000               9461419               6708679         100           0       0.000      99.000     154.691        7839367409    870      0     32          44    870
     GPU 0  1.000  0.945  0.754  0.000  0.001  0.000  0.628  0.000              10783699               7597698         100           0       0.000      99.000     154.691        7839367409    870      0     32          43    870
     GPU 0  1.000  0.000  0.000  0.000  0.001  0.000  0.000  0.000               8874999               5795437         100           0       0.000      99.000     154.691        7839367409    870      0     32          43    870

# Entity  GRACT  SMACT  SMOCC  TENSO  DRAMA  FP64A  FP32A  FP16A                 PCITX                 PCIRX       GPUTL       MCUTL       MUSAM       GUSAM       POWER             TOTEC  SACLK  PSTAT  TMPTR       MMTMP  SMCLK
      Id                                                                                                                                                               W                mJ                    C           C       
     GPU 0  1.000  0.952  0.759  0.000  0.001  0.000  0.632  0.000              10708722               7851636         100           0       0.000      99.000     154.691        7839367409    870      0     32          43    870
     GPU 0  1.000  0.947  0.769  0.000  0.001  0.000  0.630  0.000              10382515               7056516         100           0       0.000      99.000     155.520        7839383167    870      0     32          43    870
     GPU 0  1.000  0.947  0.769  0.000  0.001  0.000  0.630  0.000              10382515               7056516         100           0       0.000      99.000     155.520        7839383167    870      0     32          43    870
     GPU 0  1.000  0.000  0.000  0.000  0.001  0.000  0.000  0.000              10640227               7828220         100           0       0.000      99.000     155.520        7839383167    870      0     32          43    870
     GPU 0  1.000  0.950  0.770  0.000  0.001  0.000  0.630  0.000               3505399               1158838         100           0       0.000      99.000     155.520        7839383167    870      0     32          43    870
     GPU 0  1.000  0.950  0.762  0.000  0.001  0.000  0.585  0.000               3386495               1244285         100           0       0.000      99.000     155.520        7839398640    870      0     32          43    870
     GPU 0  1.000  0.000  0.000  0.000  0.001  0.000  0.000  0.000               5139618               2794654         100           0       0.000      99.000     155.520        7839398640    870      0     32          43    870
     GPU 0  1.000  0.945  0.763  0.000  0.001  0.000  0.606  0.000               6749850               4657724         100           0       0.000      99.000     155.520        7839398640    870      0     32          43    870
     GPU 0  1.000  0.945  0.763  0.000  0.001  0.000  0.606  0.000               6749850               4657724         100           0       0.000      99.000     155.520        7839398640    870      0     32          43    870
     GPU 0  1.000  0.947  0.753  0.000  0.001  0.000  0.607  0.000               9487089               6073489         100           0       0.000      99.000     155.520        7839398640    870      0     32          43    870
     GPU 0  1.000  0.000  0.000  0.000  0.001  0.000  0.000  0.000               5739880               4842781         100           0       0.000      99.000     155.520        7839398640    870      0     32          43    870
     GPU 0  1.000  0.947  0.771  0.000  0.001  0.000  0.629  0.000               5639807               5285104         100           0       0.000      99.000     154.691        7839414310    870      0     32          43    870
     GPU 0  1.000  0.947  0.771  0.000  0.001  0.000  0.629  0.000               5639807               5285104         100           0       0.000      99.000     154.691        7839414310    870      0     32          43    870
     GPU 0  1.000  0.912  0.785  0.000  0.001  0.000  0.597  0.000               3510363               1477231         100           0       0.000      99.000     154.691        7839414310    870      0     32          43    870

# Entity  GRACT  SMACT  SMOCC  TENSO  DRAMA  FP64A  FP32A  FP16A                 PCITX                 PCIRX       GPUTL       MCUTL       MUSAM       GUSAM       POWER             TOTEC  SACLK  PSTAT  TMPTR       MMTMP  SMCLK
      Id                                                                                                                                                               W                mJ                    C           C       
     GPU 0  1.000  0.000  0.000  0.000  0.001  0.000  0.000  0.000               3301989               1139621         100           0       0.000      99.000     154.691        7839414310    870      0     32          43    870
     GPU 0  1.000  0.946  0.769  0.000  0.001  0.000  0.628  0.000               3110804               1393731         100           0       0.000      99.000     153.868        7839429908    870      0     32          43    870
     GPU 0  1.000  0.932  0.676  0.000  0.001  0.000  0.607  0.000               4452648               2600676         100           0       0.000      99.000     153.868        7839429908    870      0     32          43    870
     GPU 0  1.000  0.000  0.000  0.000  0.001  0.000  0.000  0.000               7202530               4854274         100           0       0.000      99.000     153.868        7839429908    870      0     32          43    870
     GPU 0  1.000  0.000  0.000  0.000  0.001  0.000  0.000  0.000               7202530               4854274         100           0       0.000      99.000     153.868        7839429908    870      0     32          43    870
     GPU 0  1.000  0.939  0.742  0.000  0.001  0.000  0.620  0.000               9506857               6061542         100           0       0.000      99.000     153.868        7839429908    870      0     33          43    870
     GPU 0  1.000  0.950  0.770  0.000  0.001  0.000  0.630  0.000               3266381               3098612         100           0       0.000      99.000     153.868        7839429908    870      0     33          43    870
     GPU 0  1.000  0.000  0.000  0.000  0.001  0.000  0.000  0.000               7461637               5830455         100           0       0.000      99.000     155.520        7839445571    870      0     33          43    870
     GPU 0  1.000  0.000  0.000  0.000  0.001  0.000  0.000  0.000               7461637               5830455         100           0       0.000      99.000     155.520        7839445571    870      0     33          43    870
     GPU 0  1.000  0.941  0.751  0.000  0.001  0.000  0.600  0.000               2649023               2277587         100           0       0.000      99.000     155.520        7839445571    870      0     33          43    870
     GPU 0  1.000  0.948  0.763  0.000  0.001  0.000  0.622  0.000               8538908               6404181         100           0       0.000      99.000     155.520        7839445571    870      0     33          43    870
     GPU 0  1.000  0.000  0.000  0.000  0.001  0.000  0.000  0.000               9843604               7748679         100           0       0.000      99.000     155.520        7839461219    870      0     33          43    870
     GPU 0  1.000  0.944  0.760  0.000  0.001  0.000  0.620  0.000               8830818               6779087         100           0       0.000      99.000     155.520        7839461219    870      0     33          43    870
     GPU 0  1.000  1.000  0.856  0.000  0.001  0.000  0.691  0.000               6753295               2994884         100           0       0.000      99.000     155.520        7839461219    870      0     33          43    870

# Entity  GRACT  SMACT  SMOCC  TENSO  DRAMA  FP64A  FP32A  FP16A                 PCITX                 PCIRX       GPUTL       MCUTL       MUSAM       GUSAM       POWER             TOTEC  SACLK  PSTAT  TMPTR       MMTMP  SMCLK
      Id                                                                                                                                                               W                mJ                    C           C       
     GPU 0  1.000  1.000  0.856  0.000  0.001  0.000  0.691  0.000               6753295               2994884         100           0       0.000      99.000     155.520        7839461219    870      0     33          43    870
     GPU 0  1.000  0.000  0.000  0.000  0.001  0.000  0.000  0.000               4434759               2831459         100           0       0.000      99.000     155.520        7839461219    870      0     33          43    870
     GPU 0  1.000  0.952  0.773  0.000  0.001  0.000  0.634  0.000               7010318               4539825         100           0       0.000      99.000     155.520        7839477168    870      0     33          43    870
     GPU 0  1.000  0.932  0.749  0.000  0.001  0.000  0.615  0.000               7719614               5556129         100           0       0.000      99.000     154.988        7839477168    870      0     33          43    870
     GPU 0  1.000  0.932  0.749  0.000  0.001  0.000  0.615  0.000               7719614               5556129         100           0       0.000      99.000     154.988        7839477168    870      0     33          43    870
     GPU 0  1.000  0.000  0.000  0.000  0.001  0.000  0.000  0.000               6530845               5273826         100           0       0.000      99.000     154.988        7839477168    870      0     33          43    870
     GPU 0  1.000  0.945  0.770  0.000  0.001  0.000  0.628  0.000               7125062               4809833         100           0       0.000      99.000     154.988        7839477168    870      0     33          43    870
     GPU 0  1.000  0.955  0.754  0.000  0.001  0.000  0.633  0.000               9173185               6910338         100           0       0.000      99.000     154.988        7839477168    870      0     33          43    870
     GPU 0  1.000  0.000  0.000  0.000  0.001  0.000  0.000  0.000               1172296               1088560         100           0       0.000      99.000     154.988        7839492718    870      0     33          43    870
     GPU 0  1.000  0.942  0.740  0.000  0.001  0.000  0.621  0.000               6347664               4641839         100           0       0.000      99.000     154.988        7839492718    870      0     33          43    870
     GPU 0  1.000  0.942  0.740  0.000  0.001  0.000  0.621  0.000               6347664               4641839         100           0       0.000      99.000     154.988        7839492718    870      0     33          43    870
     GPU 0  1.000  0.000  0.000  0.000  0.001  0.000  0.000  0.000               9350015               7214938         100           0       0.000      99.000     154.988        7839492718    870      0     33          43    870
     GPU 0  1.000  0.949  0.763  0.000  0.001  0.000  0.630  0.000               9959022               7447068         100           0       0.000      99.000     154.988        7839508176    870      0     33          43    870
     GPU 0  1.000  0.950  0.756  0.000  0.001  0.000  0.632  0.000               5780696               5155878         100           0       0.000      99.000     154.988        7839508176    870      0     33          43    870

# Entity  GRACT  SMACT  SMOCC  TENSO  DRAMA  FP64A  FP32A  FP16A                 PCITX                 PCIRX       GPUTL       MCUTL       MUSAM       GUSAM       POWER             TOTEC  SACLK  PSTAT  TMPTR       MMTMP  SMCLK
      Id                                                                                                                                                               W                mJ                    C           C       
     GPU 0  1.000  0.000  0.000  0.000  0.001  0.000  0.000  0.000               1088691                921200         100           0       0.000      99.000     154.988        7839508176    870      0     33          43    870
     GPU 0  1.000  0.931  0.684  0.000  0.001  0.000  0.606  0.000               5922705               4024722         100           0       0.000      99.000     154.988        7839508176    870      0     33          43    870
     GPU 0  1.000  0.000  0.000  0.000  0.001  0.000  0.000  0.000               3466850               1368397         100           0       0.000      99.000     154.988        7839508176    870      0     33          43    870
     GPU 0  1.000  0.000  0.000  0.000  0.001  0.000  0.000  0.000               3466850               1368397         100           0       0.000      99.000     154.988        7839508176    870      0     33          43    870
     GPU 0  1.000  0.941  0.764  0.000  0.001  0.000  0.625  0.000               3271688                732113         100           0       0.000      99.000     154.988        7839523919    870      0     33          43    870
     GPU 0  1.000  0.950  0.724  0.000  0.001  0.000  0.628  0.000               5368457               3056003         100           0       0.000      99.000     154.988        7839523919    870      0     33          43    870
     GPU 0  1.000  0.000  0.000  0.000  0.001  0.000  0.000  0.000               6700717               4513069         100           0       0.000      99.000     154.988        7839523919    870      0     33          43    870
     GPU 0  1.000  0.943  0.756  0.000  0.001  0.000  0.622  0.000               8735640               6486098         100           0       0.000      99.000     154.988        7839523919    870      0     33          43    870
     GPU 0  1.000  0.943  0.756  0.000  0.001  0.000  0.622  0.000               8735640               6486098         100           0       0.000      99.000     155.520        7839539477    870      0     33          43    870
     GPU 0  1.000  0.946  0.745  0.000  0.001  0.000  0.612  0.000               7146166               6101704         100           0       0.000      99.000     155.520        7839539477    870      0     33          43    870
     GPU 0  1.000  0.000  0.000  0.000  0.001  0.000  0.000  0.000               7025835               5001571         100           0       0.000      99.000     155.520        7839539477    870      0     33          43    870
     GPU 0  1.000  0.926  0.726  0.000  0.001  0.000  0.607  0.000               3378034               1242287         100           0       0.000      99.000     155.520        7839539477    870      0     33          44    870
     GPU 0  1.000  0.946  0.862  0.000  0.001  0.000  0.645  0.000               5442910               3042874         100           0       0.000      99.000     155.520        7839539477    870      0     33          44    870
     GPU 0  1.000  0.946  0.862  0.000  0.001  0.000  0.645  0.000               5442910               3042874         100           0       0.000      99.000     155.520        7839539477    870      0     33          44    870

# Entity  GRACT  SMACT  SMOCC  TENSO  DRAMA  FP64A  FP32A  FP16A                 PCITX                 PCIRX       GPUTL       MCUTL       MUSAM       GUSAM       POWER             TOTEC  SACLK  PSTAT  TMPTR       MMTMP  SMCLK
      Id                                                                                                                                                               W                mJ                    C           C       
     GPU 0  1.000  0.000  0.000  0.000  0.001  0.000  0.000  0.000               4566754               2949545         100           0       0.000      99.000     155.520        7839555352    870      0     33          43    870
     GPU 0  1.000  0.941  0.745  0.000  0.001  0.000  0.620  0.000               5743205               3542819         100           0       0.000      99.000     155.520        7839555352    870      0     33          43    870
     GPU 0  1.000  0.944  0.782  0.000  0.001  0.000  0.629  0.000               5206049               3798986         100           0       0.000      99.000     155.520        7839555352    870      0     33          43    870
     GPU 0  1.000  0.000  0.000  0.000  0.001  0.000  0.000  0.000               7267316               5715432         100           0       0.000      99.000     155.520        7839555352    870      0     33          43    870
     GPU 0  1.000  0.000  0.000  0.000  0.001  0.000  0.000  0.000               7267316               5715432         100           0       0.000      99.000     154.988        7839570889    870      0     33          43    870
     GPU 0  1.000  0.925  0.724  0.000  0.001  0.000  0.607  0.000               2925055               3175904         100           0       0.000      99.000     154.988        7839570889    870      0     33          44    870
     GPU 0  1.000  0.000  0.000  0.000  0.001  0.000  0.000  0.000               1171928                837091         100           0       0.000      99.000     154.988        7839570889    870      0     33          44    870
     GPU 0  1.000  0.939  0.726  0.000  0.001  0.000  0.617  0.000               5470726               3484355         100           0       0.000      99.000     154.988        7839570889    870      0     33          43    870
     GPU 0  1.000  0.915  0.756  0.000  0.001  0.000  0.597  0.000               3423048               1326490         100           0       0.000      99.000     154.988        7839570889    870      0     33          43    870
     GPU 0  1.000  0.915  0.756  0.000  0.001  0.000  0.597  0.000               3423048               1326490         100           0       0.000      99.000     154.988        7839570889    870      0     33          43    870
     GPU 0  1.000  0.000  0.000  0.000  0.001  0.000  0.000  0.000               3506962               1157811         100           0       0.000      99.000     155.230        7839586669    870      0     33          43    870
     GPU 0  1.000  0.947  0.756  0.000  0.001  0.000  0.627  0.000               5280024               3120409         100           0       0.000      99.000     155.230        7839586669    870      0     33          43    870
     GPU 0  1.000  0.943  0.782  0.000  0.001  0.000  0.628  0.000               6244256               4294940         100           0       0.000      99.000     155.230        7839586669    870      0     33          44    870
     GPU 0  1.000  0.000  0.000  0.000  0.001  0.000  0.000  0.000               9246406               6644325         100           0       0.000      99.000     155.230        7839586669    870      0     33          44    870

# Entity  GRACT  SMACT  SMOCC  TENSO  DRAMA  FP64A  FP32A  FP16A                 PCITX                 PCIRX       GPUTL       MCUTL       MUSAM       GUSAM       POWER             TOTEC  SACLK  PSTAT  TMPTR       MMTMP  SMCLK
      Id                                                                                                                                                               W                mJ                    C           C       
     GPU 0  1.000  0.000  0.000  0.000  0.001  0.000  0.000  0.000               9246406               6644325         100           0       0.000      99.000     154.988        7839602203    870      0     33          43    870
     GPU 0  1.000  0.948  0.747  0.000  0.001  0.000  0.629  0.000               7245706               6031171         100           0       0.000      99.000     154.988        7839602203    870      0     33          43    870
     GPU 0  1.000  0.947  0.756  0.000  0.001  0.000  0.629  0.000               5467199               3839926         100           0       0.000      99.000     154.988        7839602203    870      0     33          43    870
     GPU 0  1.000  0.000  0.000  0.000  0.001  0.000  0.000  0.000               3027981               1561528         100           0       0.000      99.000     154.988        7839602203    870      0     33          43    870
     GPU 0  1.000  0.939  0.731  0.000  0.001  0.000  0.615  0.000               3382307               1243220         100           0       0.000      99.000     154.988        7839602203    870      0     33          43    870
     GPU 0  1.000  0.939  0.731  0.000  0.001  0.000  0.615  0.000               3382307               1243220         100           0       0.000      99.000     154.988        7839602203    870      0     33          43    870
     GPU 0  1.000  0.946  0.753  0.000  0.001  0.000  0.620  0.000               5598580               3380434         100           0       0.000      99.000     155.230        7839618102    870      0     33          43    870
     GPU 0  1.000  0.000  0.000  0.000  0.001  0.000  0.000  0.000               7733734               4305828         100           0       0.000      99.000     155.230        7839618102    870      0     33          43    870
     GPU 0  1.000  0.941  0.762  0.000  0.001  0.000  0.602  0.000               6825813               4575525         100           0       0.000      99.000     155.230        7839618102    870      0     33          44    870
     GPU 0  1.000  0.951  0.752  0.000  0.001  0.000  0.628  0.000               8633204               6220502         100           0       0.000      99.000     155.230        7839618102    870      0     33          44    870
     GPU 0  1.000  0.951  0.752  0.000  0.001  0.000  0.628  0.000               8633204               6220502         100           0       0.000      99.000     155.230        7839633674    870      0     33          44    870
     GPU 0  1.000  0.000  0.000  0.000  0.001  0.000  0.000  0.000               4124799               3958082         100           0       0.000      99.000     155.230        7839633674    870      0     33          43    870
     GPU 0  1.000  0.937  0.732  0.000  0.001  0.000  0.615  0.000               9626629               7203651         100           0       0.000      99.000     155.230        7839633674    870      0     33          43    870
     GPU 0  1.000  0.930  0.749  0.000  0.001  0.000  0.613  0.000               5110533               4246010         100           0       0.000      99.000     155.230        7839633674    870      0     33          43    870

# Entity  GRACT  SMACT  SMOCC  TENSO  DRAMA  FP64A  FP32A  FP16A                 PCITX                 PCIRX       GPUTL       MCUTL       MUSAM       GUSAM       POWER             TOTEC  SACLK  PSTAT  TMPTR       MMTMP  SMCLK
      Id                                                                                                                                                               W                mJ                    C           C       
     GPU 0  1.000  0.000  0.000  0.000  0.001  0.000  0.000  0.000               3383445               1117931         100           0       0.000      99.000     155.230        7839633674    870      0     33          43    870
     GPU 0  1.000  0.000  0.000  0.000  0.001  0.000  0.000  0.000               3383445               1117931         100           0       0.000      99.000     155.230        7839633674    870      0     33          43    870
     GPU 0  1.000  0.937  0.735  0.000  0.001  0.000  0.618  0.000               7148908               3430782         100           0       0.000      99.000     155.230        7839649656    870      0     33          43    870
     GPU 0  1.000  0.943  0.694  0.000  0.001  0.000  0.614  0.000               8336713               4016401         100           0       0.000      99.000     155.230        7839649656    870      0     33          43    870
     GPU 0  1.000  0.000  0.000  0.000  0.001  0.000  0.000  0.000               6454396               4391588         100           0       0.000      99.000     155.230        7839649656    870      0     33          43    870
     GPU 0  1.000  0.940  0.729  0.000  0.001  0.000  0.618  0.000               8364747               5861666         100           0       0.000      99.000     155.230        7839649656    870      0     33          44    870
     GPU 0  1.000  0.940  0.729  0.000  0.001  0.000  0.618  0.000               8364747               5861666         100           0       0.000      99.000     155.230        7839665143    870      0     33          43    870
     GPU 0  1.000  0.944  0.739  0.000  0.001  0.000  0.617  0.000               3262627               3179014         100           0       0.000      99.000     154.988        7839665143    870      0     33          43    870
     GPU 0  1.000  0.000  0.000  0.000  0.001  0.000  0.000  0.000               8724602               6633934         100           0       0.000      99.000     154.988        7839665143    870      0     33          43    870
     GPU 0  1.000  0.947  0.769  0.000  0.001  0.000  0.623  0.000               3377280               1199671         100           0       0.000      99.000     154.988        7839665143    870      0     33          45    870
     GPU 0  1.000  0.947  0.769  0.000  0.001  0.000  0.623  0.000               3377280               1199671         100           0       0.000      99.000     154.988        7839665143    870      0     33          43    870
     GPU 0  1.000  0.941  0.755  0.000  0.001  0.000  0.614  0.000               3374232               1240958         100           0       0.000      99.000     154.988        7839665143    870      0     33          45    870
     GPU 0  1.000  0.000  0.000  0.000  0.001  0.000  0.000  0.000               6327886               3580551         100           0       0.000      99.000     155.520        7839681007    870      0     33          43    870
     GPU 0  1.000  0.942  0.749  0.000  0.001  0.000  0.622  0.000               6995739               3665249         100           0       0.000      99.000     155.520        7839681007    870      0     33          43    870

# Entity  GRACT  SMACT  SMOCC  TENSO  DRAMA  FP64A  FP32A  FP16A                 PCITX                 PCIRX       GPUTL       MCUTL       MUSAM       GUSAM       POWER             TOTEC  SACLK  PSTAT  TMPTR       MMTMP  SMCLK
      Id                                                                                                                                                               W                mJ                    C           C       
     GPU 0  1.000  0.930  0.749  0.000  0.001  0.000  0.612  0.000               7165828               4890030         100           0       0.000      99.000     155.520        7839681007    870      0     33          43    870
     GPU 0  1.000  0.000  0.000  0.000  0.001  0.000  0.000  0.000               9842791               7476098         100           0       0.000      99.000     155.520        7839681007    870      0     33          43    870
     GPU 0  1.000  0.942  0.746  0.000  0.001  0.000  0.619  0.000               9850742               7419501         100           0       0.000      99.000     155.520        7839696525    870      0     33          44    870
     GPU 0  1.000  0.944  0.750  0.000  0.001  0.000  0.627  0.000               9960769               7478343         100           0       0.000      99.000     155.230        7839696525    870      0     33          44    870
     GPU 0  1.000  0.944  0.750  0.000  0.001  0.000  0.627  0.000               9960769               7478343         100           0       0.000      99.000     155.230        7839696525    870      0     33          44    870
     GPU 0  1.000  0.000  0.000  0.000  0.001  0.000  0.000  0.000               9572286               7345790         100           0       0.000      99.000     155.230        7839696525    870      0     33          43    870
     GPU 0  1.000  0.946  0.741  0.000  0.001  0.000  0.627  0.000               8658449               6483372         100           0       0.000      99.000     155.230        7839696525    870      0     33          43    870
     GPU 0  1.000  0.937  0.731  0.000  0.001  0.000  0.617  0.000               8920024               5629912         100           0       0.000      99.000     155.230        7839696525    870      0     33          43    870
     GPU 0  1.000  0.937  0.731  0.000  0.001  0.000  0.617  0.000               8920024               5629912         100           0       0.000      99.000     155.230        7839712295    870      0     33          43    870
     GPU 0  1.000  0.000  0.000  0.000  0.001  0.000  0.000  0.000               9072078               8036226         100           0       0.000      99.000     155.230        7839712295    870      0     33          43    870
     GPU 0  1.000  0.945  0.765  0.000  0.001  0.000  0.627  0.000               3265976               2848404         100           0       0.000      99.000     155.230        7839712295    870      0     33          43    870
     GPU 0  1.000  0.951  0.706  0.000  0.001  0.000  0.602  0.000               3381611               1117491         100           0       0.000      99.000     155.230        7839712295    870      0     33          43    870
     GPU 0  1.000  0.000  0.000  0.000  0.001  0.000  0.000  0.000               2165611               1068125         100           0       0.000      99.000     155.230        7839712295    870      0     33          43    870
     GPU 0  1.000  0.936  0.730  0.000  0.001  0.000  0.595  0.000               6636121               4486646         100           0       0.000      99.000     155.230        7839727880    870      0     33          44    870

# Entity  GRACT  SMACT  SMOCC  TENSO  DRAMA  FP64A  FP32A  FP16A                 PCITX                 PCIRX       GPUTL       MCUTL       MUSAM       GUSAM       POWER             TOTEC  SACLK  PSTAT  TMPTR       MMTMP  SMCLK
      Id                                                                                                                                                               W                mJ                    C           C       
     GPU 0  1.000  0.936  0.730  0.000  0.001  0.000  0.595  0.000               6636121               4486646         100           0       0.000      99.000     155.230        7839727880    870      0     33          44    870
     GPU 0  1.000  0.949  0.785  0.000  0.001  0.000  0.615  0.000               7767199               5317021         100           0       0.000      99.000     155.230        7839727880    870      0     33          43    870
     GPU 0  1.000  0.000  0.000  0.000  0.001  0.000  0.000  0.000              10348251               6364089         100           0       0.000      99.000     155.230        7839727880    870      0     33          44    870
     GPU 0  1.000  0.000  0.000  0.000  0.001  0.000  0.000  0.000              10348251               6364089         100           0       0.000      99.000     155.230        7839727880    870      0     33          45    870
     GPU 0  1.000  0.942  0.743  0.000  0.001  0.000  0.625  0.000               6693348               4368254         100           0       0.000      99.000     154.988        7839743731    870      0     33          45    870
     GPU 0  1.000  0.918  0.739  0.000  0.001  0.000  0.605  0.000               2762477               2307152         100           0       0.000      99.000     154.988        7839743731    870      0     33          44    870
     GPU 0  1.000  0.000  0.000  0.000  0.001  0.000  0.000  0.000               4775157               2597746         100           0       0.000      99.000     154.988        7839743731    870      0     33          43    870
     GPU 0  1.000  0.944  0.768  0.000  0.001  0.000  0.627  0.000              10594016               7997761         100           0       0.000      99.000     154.988        7839743731    870      0     33          44    870
     GPU 0  1.000  0.944  0.739  0.000  0.001  0.000  0.626  0.000              11006750               8327753         100           0       0.000      99.000     154.988        7839743731    870      0     33          43    870
     GPU 0  1.000  0.944  0.739  0.000  0.001  0.000  0.626  0.000              11006750               8327753         100           0       0.000      99.000     155.230        7839759335    870      0     33          45    870
     GPU 0  1.000  0.000  0.000  0.000  0.001  0.000  0.000  0.000               9623621               7057078         100           0       0.000      99.000     155.230        7839759335    870      0     33          45    870
     GPU 0  1.000  0.943  0.757  0.000  0.001  0.000  0.626  0.000               1088703                753717         100           0       0.000      99.000     155.230        7839759335    870      0     33          45    870
     GPU 0  1.000  0.000  0.000  0.000  0.001  0.000  0.000  0.000               7028896               5731917         100           0       0.000      99.000     155.230        7839759335    870      0     33          45    870
     GPU 0  1.000  0.934  0.727  0.000  0.001  0.000  0.595  0.000               3552371               1286094         100           0       0.000      99.000     154.988        7839774975    870      0     33          45    870

# Entity  GRACT  SMACT  SMOCC  TENSO  DRAMA  FP64A  FP32A  FP16A                 PCITX                 PCIRX       GPUTL       MCUTL       MUSAM       GUSAM       POWER             TOTEC  SACLK  PSTAT  TMPTR       MMTMP  SMCLK
      Id                                                                                                                                                               W                mJ                    C           C       
     GPU 0  1.000  0.948  0.795  0.000  0.001  0.000  0.625  0.000               3505531               1117120         100           0       0.000      99.000     154.988        7839774975    870      0     33          45    870
     GPU 0  1.000  0.000  0.000  0.000  0.001  0.000  0.000  0.000               3717567               1368851         100           0       0.000      99.000     154.988        7839774975    870      0     33          44    870
     GPU 0  1.000  0.950  0.754  0.000  0.001  0.000  0.608  0.000               4677600               3039727         100           0       0.000      99.000     154.988        7839774975    870      0     33          43    870
     GPU 0  1.000  0.950  0.754  0.000  0.001  0.000  0.608  0.000               4677600               3039727         100           0       0.000      99.000     154.988        7839774975    870      0     33          45    870
     GPU 0  1.000  0.941  0.751  0.000  0.001  0.000  0.621  0.000               6563793               4295350         100           0       0.000      99.000     154.988        7839774975    870      0     33          44    870
     GPU 0  1.000  0.000  0.000  0.000  0.001  0.000  0.000  0.000               8906171               6324413         100           0       0.000      99.000     154.988        7839790660    870      0     33          44    870
     GPU 0  1.000  0.946  0.742  0.000  0.001  0.000  0.627  0.000               5775193               4394144         100           0       0.000      99.000     154.988        7839790660    870      0     33          43    870
     GPU 0  1.000  0.946  0.742  0.000  0.001  0.000  0.627  0.000               5775193               4394144         100           0       0.000      99.000     154.988        7839790660    870      0     33          45    870
     GPU 0  1.000  0.938  0.734  0.000  0.001  0.000  0.618  0.000               9450564               7155083         100           0       0.000      99.000     154.988        7839790660    870      0     33          45    870
     GPU 0  1.000  0.000  0.000  0.000  0.001  0.000  0.000  0.000              10050546               7505458         100           0       0.000      99.000     154.988        7839806312    870      0     33          45    870
     GPU 0  1.000  0.945  0.765  0.000  0.001  0.000  0.628  0.000               6487628               4771523         100           0       0.000      99.000     155.520        7839806312    870      0     34          44    870
     GPU 0  1.000  0.922  0.819  0.000  0.001  0.000  0.610  0.000               3953203               1285776         100           0       0.000      99.000     155.520        7839806312    870      0     34          44    870
     GPU 0  1.000  0.000  0.000  0.000  0.001  0.000  0.000  0.000               3419039                860230         100           0       0.000      99.000     155.520        7839806312    870      0     33          45    870
     GPU 0  1.000  0.000  0.000  0.000  0.001  0.000  0.000  0.000               3419039                860230         100           0       0.000      99.000     155.520        7839806312    870      0     34          44    870

# Entity  GRACT  SMACT  SMOCC  TENSO  DRAMA  FP64A  FP32A  FP16A                 PCITX                 PCIRX       GPUTL       MCUTL       MUSAM       GUSAM       POWER             TOTEC  SACLK  PSTAT  TMPTR       MMTMP  SMCLK
      Id                                                                                                                                                               W                mJ                    C           C       
     GPU 0  1.000  0.948  0.775  0.000  0.001  0.000  0.631  0.000               5420466               3578457         100           0       0.000      99.000     155.520        7839806312    870      0     34          45    870
     GPU 0  1.000  0.957  0.775  0.000  0.001  0.000  0.638  0.000               6927498               4915601         100           0       0.000      99.000     155.230        7839822007    870      0     34          45    870
     GPU 0  1.000  0.000  0.000  0.000  0.001  0.000  0.000  0.000              10853026               5825377         100           0       0.000      99.000     155.230        7839822007    870      0     34          44    870
     GPU 0  1.000  0.000  0.000  0.000  0.001  0.000  0.000  0.000              10853026               5825377         100           0       0.000      99.000     155.230        7839822007    870      0     34          44    870
     GPU 0  1.000  0.950  0.773  0.000  0.001  0.000  0.631  0.000               8277659               5557720         100           0       0.000      99.000     155.230        7839822007    870      0     34          44    870
     GPU 0  1.000  0.942  0.754  0.000  0.001  0.000  0.605  0.000               4413048               3750860         100           0       0.000      99.000     155.230        7839822007    870      0     34          44    870
     GPU 0  1.000  0.000  0.000  0.000  0.001  0.000  0.000  0.000               5059271               4767494         100           0       0.000      99.000     155.520        7839837714    870      0     34          44    870
     GPU 0  1.000  0.950  0.768  0.000  0.001  0.000  0.631  0.000               3382253                884629         100           0       0.000      99.000     155.520        7839837714    870      0     34          44    870
     GPU 0  1.000  0.950  0.768  0.000  0.001  0.000  0.631  0.000               3382253                884629         100           0       0.000      99.000     155.520        7839837714    870      0     34          44    870
     GPU 0  1.000  0.914  0.668  0.000  0.001  0.000  0.595  0.000               6100143               2944047         100           0       0.000      99.000     155.520        7839837714    870      0     34          45    870
     GPU 0  1.000  0.000  0.000  0.000  0.001  0.000  0.000  0.000               7731499               4164804         100           0       0.000      99.000     155.520        7839837714    870      0     34          44    870
     GPU 0  1.000  0.935  0.751  0.000  0.001  0.000  0.619  0.000               8572224               5391229         100           0       0.000      99.000     155.230        7839853468    870      0     34          44    870
     GPU 0  1.000  0.932  0.708  0.000  0.001  0.000  0.606  0.000               9911345               5798674         100           0       0.000      99.000     155.230        7839853468    870      0     34          45    870
     GPU 0  1.000  0.932  0.708  0.000  0.001  0.000  0.606  0.000               9911345               5798674         100           0       0.000      99.000     155.230        7839853468    870      0     34          45    870

# Entity  GRACT  SMACT  SMOCC  TENSO  DRAMA  FP64A  FP32A  FP16A                 PCITX                 PCIRX       GPUTL       MCUTL       MUSAM       GUSAM       POWER             TOTEC  SACLK  PSTAT  TMPTR       MMTMP  SMCLK
      Id                                                                                                                                                               W                mJ                    C           C       
     GPU 0  1.000  0.000  0.000  0.000  0.001  0.000  0.000  0.000               7970587               5554545         100           0       0.000      99.000     155.230        7839853468    870      0     34          44    870
     GPU 0  1.000  0.948  0.765  0.000  0.001  0.000  0.629  0.000               4057687               4057789         100           0       0.000      99.000     155.230        7839853468    870      0     34          44    870
     GPU 0  1.000  0.944  0.743  0.000  0.001  0.000  0.619  0.000               8704504               6729730         100           0       0.000      99.000     155.230        7839869119    870      0     34          44    870
     GPU 0  1.000  0.000  0.000  0.000  0.001  0.000  0.000  0.000               6256653               3833863         100           0       0.000      99.000     155.230        7839869119    870      0     34          44    870
     GPU 0  1.000  0.000  0.000  0.000  0.001  0.000  0.000  0.000               6256653               3833863         100           0       0.000      99.000     155.230        7839869119    870      0     33          45    870
     GPU 0  0.296  0.557  0.444  0.000  0.001  0.000  0.353  0.000             542931674               2024059         100           0       0.000      99.000     155.230        7839869119    870      0     32          45    870
     GPU 0  0.000  0.000  0.000  0.000  0.000  0.000  0.000  0.000               5328905               2751983         100           0       0.000      99.000     155.230        7839869119    870      0     32          45    870
     GPU 0  0.000  0.000  0.000  0.000  0.000  0.000  0.000  0.000               1926277                163680         100           0       0.000      99.000      87.061        7839881819    870      0     32          45    870
     GPU 0  0.000  0.000  0.000  0.000  0.000  0.000  0.000  0.000               1829717                209427         100           0       0.000      99.000      87.061        7839881819    870      0     31          45    870
     GPU 0  0.000  0.000  0.000  0.000  0.000  0.000  0.000  0.000               2517672                884018          61           0       0.000      60.000      87.061        7839881819    870      0     31          44    870
     GPU 0  0.000  0.000  0.000  0.000  0.000  0.000  0.000  0.000               4758187               2624286          61           0       0.000      60.000      87.061        7839881819    870      0     31          44    870
     GPU 0  0.000  0.000  0.000  0.000  0.000  0.000  0.000  0.000               4758187               2624286          61           0       0.000      60.000      87.061        7839881819    870      0     31          44    870
     GPU 0  0.000  0.000  0.000  0.000  0.000  0.000  0.000  0.000               6144949               4278533          61           0       0.000      60.000      85.690        7839890443    870      0     30          43    870
     GPU 0  0.000  0.000  0.000  0.000  0.000  0.000  0.000  0.000               8151123               4817088          61           0       0.000      60.000      85.690        7839890443    870      0     30          43    870

# Entity  GRACT  SMACT  SMOCC  TENSO  DRAMA  FP64A  FP32A  FP16A                 PCITX                 PCIRX       GPUTL       MCUTL       MUSAM       GUSAM       POWER             TOTEC  SACLK  PSTAT  TMPTR       MMTMP  SMCLK
      Id                                                                                                                                                               W                mJ                    C           C       
     GPU 0  0.000  0.000  0.000  0.000  0.000  0.000  0.000  0.000               7435044               4745984          61           0       0.000      60.000      85.690        7839890443    870      0     30          45    870
     GPU 0  0.000  0.000  0.000  0.000  0.000  0.000  0.000  0.000               7435044               4745984          61           0       0.000      60.000      85.690        7839890443    870      0     30          44    870
     GPU 0  0.000  0.000  0.000  0.000  0.000  0.000  0.000  0.000               6142257               4315099          61           0       0.000      60.000      85.400        7839890443    870      0     30          44    870
     GPU 0  0.000  0.000  0.000  0.000  0.000  0.000  0.000  0.000               1798280                163480          61           0       0.000      60.000      85.400        7839899094    870      0     30          45    870
     GPU 0  0.000  0.000  0.000  0.000  0.000  0.000  0.000  0.000               3371859                274005           0           0       0.000      60.000      85.400        7839899094    870      0     30          45    870
     GPU 0  0.000  0.000  0.000  0.000  0.000  0.000  0.000  0.000               4165640               1780555           0           0       0.000       0.000      85.400        7839899094    870      0     30          44    870
     GPU 0  0.000  0.000  0.000  0.000  0.000  0.000  0.000  0.000               5641673               3479531           0           0       0.000       0.000      85.400        7839899094    870      0     30          44    870
     GPU 0  0.000  0.000  0.000  0.000  0.000  0.000  0.000  0.000               5641673               3479531           0           0       0.000       0.000      85.400        7839899094    870      0     30          43    870
     GPU 0  0.000  0.000  0.000  0.000  0.000  0.000  0.000  0.000               6955555               4525424           0           0       0.000       0.000      85.400        7839907749    870      0     30          44    870
     GPU 0  0.000  0.000  0.000  0.000  0.000  0.000  0.000  0.000               8239160               5307324           0           0       0.000       0.000      85.400        7839907749    870      0     30          43    870
     GPU 0  0.000  0.000  0.000  0.000  0.000  0.000  0.000  0.000               8750019               5547876           0           0       0.000       0.000      85.400        7839907749    870      0     30          43    870
     GPU 0  0.000  0.000  0.000  0.000  0.000  0.000  0.000  0.000               5897321               3680076           0           0       0.000       0.000      85.400        7839907749    870      0     29          43    870
     GPU 0  0.000  0.000  0.000  0.000  0.000  0.000  0.000  0.000               5897321               3680076           0           0       0.000       0.000      85.400        7839907749    870      0     29          43    870
     GPU 0  0.000  0.000  0.000  0.000  0.000  0.000  0.000  0.000               7866670               5564955           0           0       0.000       0.000      85.400        7839916495    870      0     29          43    870

# Entity  GRACT  SMACT  SMOCC  TENSO  DRAMA  FP64A  FP32A  FP16A                 PCITX                 PCIRX       GPUTL       MCUTL       MUSAM       GUSAM       POWER             TOTEC  SACLK  PSTAT  TMPTR       MMTMP  SMCLK
      Id                                                                                                                                                               W                mJ                    C           C       
     GPU 0  0.000  0.000  0.000  0.000  0.000  0.000  0.000  0.000               5505867               4263257           0           0       0.000       0.000      85.400        7839916495    870      0     29          43    870
     GPU 0  0.000  0.000  0.000  0.000  0.000  0.000  0.000  0.000               2059888                913563           0           0       0.000       0.000      85.400        7839916495    870      0     29          43    870
     GPU 0  0.000  0.000  0.000  0.000  0.000  0.000  0.000  0.000               1845032                122066           0           0       0.000       0.000      85.400        7839916495    870      0     29          43    870
     GPU 0  0.000  0.000  0.000  0.000  0.000  0.000  0.000  0.000               1845032                122066           0           0       0.000       0.000      85.400        7839916495    870      0     29          43    870
     GPU 0  0.000  0.000  0.000  0.000  0.000  0.000  0.000  0.000               5860652               3418713           0           0       0.000       0.000      85.400        7839925006    870      0     29          43    870
     GPU 0  0.000  0.000  0.000  0.000  0.000  0.000  0.000  0.000               3838151               9929129           0           0       0.000       0.000      85.400        7839925006    870      0     29          43    870
     GPU 0  0.000  0.000  0.000  0.000  0.000  0.000  0.000  0.000               3838151               9929129           0           0       0.000       0.000      85.400        7839925006    870      0     29          43    870
     GPU 0  0.000  0.000  0.000  0.000  0.000  0.000  0.000  0.000               3838151               9929129           0           0       0.000       0.000      85.400        7839925006    870      0     29          43    870
     GPU 0  0.000  0.000  0.000  0.000  0.000  0.000  0.000  0.000               1101772               1775077           0           0       0.000       0.000      85.400        7839925006    870      0     29          43    870
     GPU 0  0.000  0.000  0.000  0.000  0.000  0.000  0.000  0.000               1101772               1775077           0           0       0.000       0.000      85.400        7839933628    870      0     29          43    870
     GPU 0  0.000  0.000  0.000  0.000  0.000  0.000  0.000  0.000               9268789              14482483           0           0       0.000       0.000      85.400        7839933628    870      0     29          43    870
     GPU 0  0.000  0.000  0.000  0.000  0.000  0.000  0.000  0.000               9268789              14482483           9           0       0.000       0.000      85.400        7839933628    870      0     29          43    870
     GPU 0  0.000  0.000  0.000  0.000  0.000  0.000  0.000  0.000              14132107               9431475           9           0       0.000       0.000      85.400        7839933628    870      0     29          43    870
     GPU 0  0.000  0.000  0.000  0.000  0.000  0.000  0.000  0.000                983262                636228           9           0       0.000       0.000      85.400        7839933628    870      0     29          43    870

# Entity  GRACT  SMACT  SMOCC  TENSO  DRAMA  FP64A  FP32A  FP16A                 PCITX                 PCIRX       GPUTL       MCUTL       MUSAM       GUSAM       POWER             TOTEC  SACLK  PSTAT  TMPTR       MMTMP  SMCLK
      Id                                                                                                                                                               W                mJ                    C           C       
     GPU 0  0.000  0.000  0.000  0.000  0.000  0.000  0.000  0.000                983262                636228           9           0       0.000       0.000      85.158        7839942278    870      0     29          43    870
     GPU 0  0.000  0.000  0.000  0.000  0.000  0.000  0.000  0.000               6539153               5850121           9           0       0.000       0.000      85.158        7839942278    870      0     29          43    870
     GPU 0  0.000  0.000  0.000  0.000  0.000  0.000  0.000  0.000               7825571               6069927           9           0       0.000       0.000      85.158        7839942278    870      0     29          43    870
     GPU 0  0.000  0.000  0.000  0.000  0.000  0.000  0.000  0.000               6697981               4606592           9           0       0.000       0.000      85.158        7839942278    870      0     29          43    870
     GPU 0  0.000  0.000  0.000  0.000  0.000  0.000  0.000  0.000               7835543               4625930           9           0       0.000       0.000      85.158        7839942278    870      0     29          43    870
     GPU 0  0.000  0.000  0.000  0.000  0.000  0.000  0.000  0.000               7835543               4625930           9           0       0.000       0.000      85.400        7839950906    870      0     29          43    870
     GPU 0  0.000  0.000  0.000  0.000  0.000  0.000  0.000  0.000              10927349               6268342           0           0       0.000       0.000      85.400        7839950906    870      0     29          43    870
     GPU 0  0.000  0.000  0.000  0.000  0.000  0.000  0.000  0.000               8303869               4989264           0           0       0.000       0.000      85.400        7839950906    870      0     29          43    870
     GPU 0  0.000  0.000  0.000  0.000  0.000  0.000  0.000  0.000               9757999               6516641           0           0       0.000       0.000      85.400        7839950906    870      0     29          43    870
     GPU 0  0.000  0.000  0.000  0.000  0.000  0.000  0.000  0.000               7004027               4978738           0           0       0.000       0.000      85.400        7839950906    870      0     29          43    870
     GPU 0  0.000  0.000  0.000  0.000  0.000  0.000  0.000  0.000               7135667               5079323           0           0       0.000       0.000      85.158        7839959529    870      0     29          43    870
     GPU 0  0.000  0.000  0.000  0.000  0.000  0.000  0.000  0.000              10550020               6881110           0           0       0.000       0.000      85.158        7839959529    870      0     29          43    870
     GPU 0  0.000  0.000  0.000  0.000  0.000  0.000  0.000  0.000               9825075               6481949           0           0       0.000       0.000      85.158        7839959529    870      0     29          43    870
     GPU 0  0.000  0.000  0.000  0.000  0.000  0.000  0.000  0.000              10294002               6780663           0           0       0.000       0.000      85.158        7839959529    870      0     29          43    870

# Entity  GRACT  SMACT  SMOCC  TENSO  DRAMA  FP64A  FP32A  FP16A                 PCITX                 PCIRX       GPUTL       MCUTL       MUSAM       GUSAM       POWER             TOTEC  SACLK  PSTAT  TMPTR       MMTMP  SMCLK
      Id                                                                                                                                                               W                mJ                    C           C       
     GPU 0  0.000  0.000  0.000  0.000  0.000  0.000  0.000  0.000              10294002               6780663           0           0       0.000       0.000      85.158        7839959529    870      0     29          43    870
     GPU 0  0.000  0.000  0.000  0.000  0.000  0.000  0.000  0.000               9920444               5678152           0           0       0.000       0.000      85.158        7839968094    870      0     29          43    870
     GPU 0  0.000  0.000  0.000  0.000  0.000  0.000  0.000  0.000              10245202               6273327           0           0       0.000       0.000      85.158        7839968094    870      0     29          43    870
     GPU 0  0.000  0.000  0.000  0.000  0.000  0.000  0.000  0.000               7843599               4938603           0           0       0.000       0.000      85.158        7839968094    870      0     29          43    870
     GPU 0  0.000  0.000  0.000  0.000  0.000  0.000  0.000  0.000               6965165               4966169           0           0       0.000       0.000      85.158        7839968094    870      0     29          43    870
     GPU 0  0.000  0.000  0.000  0.000  0.000  0.000  0.000  0.000               1923757                 41858           0           0       0.000       0.000      85.158        7839968094    870      0     29          43    870
     GPU 0  0.000  0.000  0.000  0.000  0.000  0.000  0.000  0.000               1923757                 41858           0           0       0.000       0.000      85.158        7839976708    870      0     29          43    870
     GPU 0  0.000  0.000  0.000  0.000  0.000  0.000  0.000  0.000               4867280               1159790           0           0       0.000       0.000      85.158        7839976708    870      0     29          43    870
     GPU 0  0.000  0.000  0.000  0.000  0.000  0.000  0.000  0.000               4662087               2200001           0           0       0.000       0.000      85.158        7839976708    870      0     29          43    870
     GPU 0  0.000  0.000  0.000  0.000  0.000  0.000  0.000  0.000               6542181               3616859           0           0       0.000       0.000      85.158        7839976708    870      0     29          44    870
     GPU 0  0.000  0.000  0.000  0.000  0.000  0.000  0.000  0.000               9023912               4902268           0           0       0.000       0.000      85.158        7839976708    870      0     29          44    870
     GPU 0  0.000  0.000  0.000  0.000  0.000  0.000  0.000  0.000               9023912               4902268           0           0       0.000       0.000      85.158        7839985370    870      0     29          43    870
     GPU 0  0.000  0.000  0.000  0.000  0.000  0.000  0.000  0.000               3640018               2425750           0           0       0.000       0.000      85.158        7839985370    870      0     29          43    870
     GPU 0  0.000  0.000  0.000  0.000  0.000  0.000  0.000  0.000               7033454               4940135           0           0       0.000       0.000      85.158        7839985370    870      0     28          44    870

# Entity  GRACT  SMACT  SMOCC  TENSO  DRAMA  FP64A  FP32A  FP16A                 PCITX                 PCIRX       GPUTL       MCUTL       MUSAM       GUSAM       POWER             TOTEC  SACLK  PSTAT  TMPTR       MMTMP  SMCLK
      Id                                                                                                                                                               W                mJ                    C           C       
     GPU 0  0.000  0.000  0.000  0.000  0.000  0.000  0.000  0.000               2091102                     0           0           0       0.000       0.000      85.158        7839985370    870      0     28          44    870
     GPU 0  0.000  0.000  0.000  0.000  0.000  0.000  0.000  0.000               2162746                121597           0           0       0.000       0.000      85.158        7839985370    870      0     28          43    870
     GPU 0  0.000  0.000  0.000  0.000  0.000  0.000  0.000  0.000               2162746                121597           0           0       0.000       0.000      85.158        7839993914    870      0     28          44    870
     GPU 0  0.000  0.000  0.000  0.000  0.000  0.000  0.000  0.000               4465187               2064333           0           0       0.000       0.000      85.158        7839993914    870      0     28          43    870
     GPU 0  0.000  0.000  0.000  0.000  0.000  0.000  0.000  0.000               6673171               3634776           0           0       0.000       0.000      85.158        7839993914    870      0     28          43    870
     GPU 0  0.000  0.000  0.000  0.000  0.000  0.000  0.000  0.000               9187806               5433356           0           0       0.000       0.000      85.158        7839993914    870      0     28          43    870
     GPU 0  0.000  0.000  0.000  0.000  0.000  0.000  0.000  0.000               9187806               5433356           0           0       0.000       0.000      85.158        7839993914    870      0     28          43    870
     GPU 0  0.000  0.000  0.000  0.000  0.000  0.000  0.000  0.000               6286573               3471463           0           0       0.000       0.000      85.158        7840002561    870      0     28          43    870
     GPU 0  0.000  0.000  0.000  0.000  0.000  0.000  0.000  0.000               6916747               5030434           0           0       0.000       0.000      85.158        7840002561    870      0     28          43    870
     GPU 0  0.000  0.000  0.000  0.000  0.000  0.000  0.000  0.000               3186216               1625519           0           0       0.000       0.000      85.158        7840002561    870      0     28          43    870
     GPU 0  0.000  0.000  0.000  0.000  0.000  0.000  0.000  0.000               1969836                 41868           0           0       0.000       0.000      85.158        7840002561    870      0     28          43    870
     GPU 0  0.000  0.000  0.000  0.000  0.000  0.000  0.000  0.000               1969836                 41868           0           0       0.000       0.000      85.158        7840002561    870      0     28          44    870
     GPU 0  0.000  0.000  0.000  0.000  0.000  0.000  0.000  0.000               3809328               1735055           0           0       0.000       0.000      85.158        7840011138    870      0     28          44    870
     GPU 0  0.000  0.000  0.000  0.000  0.000  0.000  0.000  0.000               6561187               3671169           0           0       0.000       0.000      85.158        7840011138    870      0     28          43    870

# Entity  GRACT  SMACT  SMOCC  TENSO  DRAMA  FP64A  FP32A  FP16A                 PCITX                 PCIRX       GPUTL       MCUTL       MUSAM       GUSAM       POWER             TOTEC  SACLK  PSTAT  TMPTR       MMTMP  SMCLK
      Id                                                                                                                                                               W                mJ                    C           C       
     GPU 0  0.000  0.000  0.000  0.000  0.000  0.000  0.000  0.000               9346846               6244058           0           0       0.000       0.000      85.158        7840011138    870      0     28          44    870
     GPU 0  0.000  0.000  0.000  0.000  0.000  0.000  0.000  0.000               9346846               6244058           0           0       0.000       0.000      85.158        7840011138    870      0     28          44    870
     GPU 0  0.000  0.000  0.000  0.000  0.000  0.000  0.000  0.000               5527782               3852100           0           0       0.000       0.000      85.158        7840011138    870      0     28          43    870
     GPU 0  0.000  0.000  0.000  0.000  0.000  0.000  0.000  0.000              10381932               5960536           0           0       0.000       0.000      85.158        7840011138    870      0     28          44    870
     GPU 0  0.000  0.000  0.000  0.000  0.000  0.000  0.000  0.000                915203                166400           0           0       0.000       0.000      85.158        7840019775    870      0     28          43    870
     GPU 0  0.000  0.000  0.000  0.000  0.000  0.000  0.000  0.000               8658006               3398022           0           0       0.000       0.000      85.158        7840019775    870      0     28          44    870
     GPU 0  0.000  0.000  0.000  0.000  0.000  0.000  0.000  0.000               8658006               3398022           0           0       0.000       0.000      85.158        7840019775    870      0     28          44    870
     GPU 0  0.000  0.000  0.000  0.000  0.000  0.000  0.000  0.000               6954586               4983935           0           0       0.000       0.000      85.158        7840019775    870      0     28          43    870
     GPU 0  0.000  0.000  0.000  0.000  0.000  0.000  0.000  0.000               4485958              13540947           0           0       0.000       0.000      85.158        7840028415    870      0     28          44    870
     GPU 0  0.000  0.000  0.000  0.000  0.000  0.000  0.000  0.000                922388                 83853           0           0       0.000       0.000      85.158        7840028415    870      0     28          43    870
     GPU 0  0.000  0.000  0.000  0.000  0.000  0.000  0.000  0.000               9638711               6133053           0           0       0.000       0.000      85.158        7840028415    870      0     28          43    870
     GPU 0  0.000  0.000  0.000  0.000  0.000  0.000  0.000  0.000               4296737               3214072           0           0       0.000       0.000      85.158        7840028415    870      0     28          43    870
     GPU 0  0.000  0.000  0.000  0.000  0.000  0.000  0.000  0.000               3150842                 41883           0           0       0.000       0.000      85.158        7840028415    870      0     28          44    870
     GPU 0  0.000  0.000  0.000  0.000  0.000  0.000  0.000  0.000               3150842                 41883           0           0       0.000       0.000      85.158        7840036994    870      0     28          44    870

# Entity  GRACT  SMACT  SMOCC  TENSO  DRAMA  FP64A  FP32A  FP16A                 PCITX                 PCIRX       GPUTL       MCUTL       MUSAM       GUSAM       POWER             TOTEC  SACLK  PSTAT  TMPTR       MMTMP  SMCLK
      Id                                                                                                                                                               W                mJ                    C           C       
     GPU 0  0.000  0.000  0.000  0.000  0.000  0.000  0.000  0.000               2331521                 83662           0           0       0.000       0.000      85.158        7840036994    870      0     28          44    870
     GPU 0  0.000  0.000  0.000  0.000  0.000  0.000  0.000  0.000               3991494               1856819           0           0       0.000       0.000      85.158        7840036994    870      0     28          43    225
     GPU 0  0.000  0.000  0.000  0.000  0.000  0.000  0.000  0.000               5965236               3479344           0           0       0.000       0.000      85.158        7840036994    870      0     28          43    225
     GPU 0  0.000  0.000  0.000  0.000  0.000  0.000  0.000  0.000               5965236               3479344           0           0       0.000       0.000      85.158        7840036994    870      0     28          43    225
