# Entity  GRACT  SMACT  SMOCC  TENSO  DRAMA  FP64A  FP32A  FP16A                 PCITX                 PCIRX       GPUTL       MCUTL       MUSAM       GUSAM       POWER             TOTEC  SACLK  PSTAT  TMPTR       MMTMP  SMCLK
      Id                                                                                                                                                               W                mJ                    C           C       
     GPU 0  0.000  0.000  0.000  0.000  0.000  0.000  0.000  0.000             132413793              11034482           0           0       0.000       0.000      78.092        1123769667   1350      0     27          44    210
     GPU 0  0.000  0.000  0.000  0.000  0.000  0.000  0.000  0.000               9001577               5132952           0           0       0.000       0.000      78.092        1123769667   1350      0     27          43    210
     GPU 0  0.000  0.000  0.000  0.000  0.000  0.000  0.000  0.000               9001577               5132952           0           0       0.000       0.000      78.092        1123769667   1350      0     27          44    210
     GPU 0  0.000  0.000  0.000  0.000  0.000  0.000  0.000  0.000               6279257               4270335           0           0       0.000       0.000      78.092        1123769667   1350      0     27          44    210
     GPU 0  0.000  0.000  0.000  0.000  0.000  0.000  0.000  0.000               6212588               3660201           0           0       0.000       0.000      78.092        1123769667   1350      0     27          44    210
     GPU 0  0.000  0.000  0.000  0.000  0.000  0.000  0.000  0.000               6866885               4930417           0           0       0.000       0.000      78.632        1123769667   1350      0     27          43    210
     GPU 0  0.000  0.000  0.000  0.000  0.000  0.000  0.000  0.000               6866885               4930417           0           0       0.000       0.000      78.632        1123777689   1350      0     27          44    210
     GPU 0  0.000  0.000  0.000  0.000  0.000  0.000  0.000  0.000               3708369               1665885           0           0       0.000       0.000      78.632        1123777689   1350      0     27          44    210
     GPU 0  0.000  0.000  0.000  0.000  0.000  0.000  0.000  0.000               3970704               1566929           0           0       0.000       0.000      78.632        1123777689   1350      0     27          44    210
     GPU 0  0.000  0.000  0.000  0.000  0.000  0.000  0.000  0.000               5644317               3064309           0           0       0.000       0.000      78.632        1123777689   1350      0     27          43    210
     GPU 0  0.000  0.000  0.000  0.000  0.000  0.000  0.000  0.000               5644317               3064309           0           0       0.000       0.000      78.632        1123777689   1350      0     27          43    210
     GPU 0  0.000  0.000  0.000  0.000  0.000  0.000  0.000  0.000               8020911               4084403           0           0       0.000       0.000      78.923        1123785618   1350      0     27          43    210
     GPU 0  0.000  0.000  0.000  0.000  0.000  0.000  0.000  0.000               8253035               5738575           0           0       0.000       0.000      78.923        1123785618   1350      0     27          43    210
     GPU 0  0.000  0.000  0.000  0.000  0.000  0.000  0.000  0.000               5164729               3373523           0           0       0.000       0.000      78.923        1123785618   1350      0     27          43    210
     GPU 0  0.000  0.000  0.000  0.000  0.000  0.000  0.000  0.000               9048263               6175216           0           0       0.000       0.000      78.923        1123785618   1350      0     27          43    210

# Entity  GRACT  SMACT  SMOCC  TENSO  DRAMA  FP64A  FP32A  FP16A                 PCITX                 PCIRX       GPUTL       MCUTL       MUSAM       GUSAM       POWER             TOTEC  SACLK  PSTAT  TMPTR       MMTMP  SMCLK
      Id                                                                                                                                                               W                mJ                    C           C       
     GPU 0  0.000  0.000  0.000  0.000  0.000  0.000  0.000  0.000               9048263               6175216           0           0       0.000       0.000      79.165        1123793548   1350      0     27          43    210
     GPU 0  0.000  0.000  0.000  0.000  0.000  0.000  0.000  0.000               6453652               4005121           0           0       0.000       0.000      79.165        1123793548   1350      0     27          43    210
     GPU 0  0.000  0.000  0.000  0.000  0.000  0.000  0.000  0.000               1590673                418598           0           0       0.000       0.000      79.165        1123793548   1350      0     27          43    210
     GPU 0  0.000  0.000  0.000  0.000  0.000  0.000  0.000  0.000               6393881               4439862           0           0       0.000       0.000      79.165        1123793548   1350      0     27          43    210
     GPU 0  0.000  0.000  0.000  0.000  0.000  0.000  0.000  0.000               3020323                 41861           0           0       0.000       0.000      79.165        1123793548   1350      0     27          44    210
     GPU 0  0.000  0.000  0.000  0.000  0.000  0.000  0.000  0.000                921287                 83753           0           0       0.000       0.000      79.165        1123793548   1350      0     27          43    210
     GPU 0  0.000  0.000  0.000  0.000  0.000  0.000  0.000  0.000               7964444               4446305           0           0       0.000       0.000      78.632        1123801524   1350      0     27          43    210
     GPU 0  0.000  0.000  0.000  0.000  0.000  0.000  0.000  0.000               7964444               4446305           0           0       0.000       0.000      78.632        1123801524   1350      0     27          43    210
     GPU 0  0.000  0.000  0.000  0.000  0.000  0.000  0.000  0.000               3384142                 41883           0           0       0.000       0.000      78.632        1123801524   1350      0     27          43    210
     GPU 0  0.000  0.000  0.000  0.000  0.000  0.000  0.000  0.000               7031593               5889291           0           0       0.000       0.000      78.632        1123801524   1350      0     27          43    210
     GPU 0  0.000  0.000  0.000  0.000  0.000  0.000  0.000  0.000              13159724               9599605           0           0       0.000       0.000      79.165        1123809447   1350      0     27          44    210
     GPU 0  0.000  0.000  0.000  0.000  0.000  0.000  0.000  0.000              13159724               9599605           0           0       0.000       0.000      79.165        1123809447   1350      0     27          44    210
     GPU 0  0.000  0.000  0.000  0.000  0.000  0.000  0.000  0.000               7692529              13572791           0           0       0.000       0.000      79.165        1123809447   1350      0     27          43    210
     GPU 0  0.000  0.000  0.000  0.000  0.000  0.000  0.000  0.000               8742284              22988970           0           0       0.000       0.000      79.165        1123809447   1350      0     27          43    210

# Entity  GRACT  SMACT  SMOCC  TENSO  DRAMA  FP64A  FP32A  FP16A                 PCITX                 PCIRX       GPUTL       MCUTL       MUSAM       GUSAM       POWER             TOTEC  SACLK  PSTAT  TMPTR       MMTMP  SMCLK
      Id                                                                                                                                                               W                mJ                    C           C       
     GPU 0  0.000  0.000  0.000  0.000  0.000  0.000  0.000  0.000               2682678               9054041           0           0       0.000       0.000      79.165        1123809447   1350      0     27          44    210
     GPU 0  0.000  0.000  0.000  0.000  0.000  0.000  0.000  0.000               8353363               5831593           0           0       0.000       0.000      78.632        1123809447   1350      0     27          43    210
     GPU 0  0.000  0.000  0.000  0.000  0.000  0.000  0.000  0.000               8353363               5831593           0           0       0.000       0.000      78.632        1123817406   1350      0     27          43    210
     GPU 0  0.000  0.000  0.000  0.000  0.000  0.000  0.000  0.000               3301442               2737781           0           0       0.000       0.000      78.632        1123817406   1350      0     27          43    210
     GPU 0  0.000  0.000  0.000  0.000  0.000  0.000  0.000  0.000               3301442               2737781           0           0       0.000       0.000      78.632        1123817406   1350      0     27          44    210
     GPU 0  0.000  0.000  0.000  0.000  0.000  0.000  0.000  0.000               9982510               6177924           0           0       0.000       0.000      78.632        1123817406   1350      0     27          44    210
     GPU 0  0.000  0.000  0.000  0.000  0.000  0.000  0.000  0.000               9982510               6177924           0           0       0.000       0.000      78.632        1123825346   1350      0     27          43    210
     GPU 0  0.000  0.000  0.000  0.000  0.000  0.000  0.000  0.000               1466162               2314993           0           0       0.000       0.000      78.632        1123825346   1350      0     27          43    210
     GPU 0  0.000  0.000  0.000  0.000  0.000  0.000  0.000  0.000               7463846               5639351           0           0       0.000       0.000      78.632        1123825346   1350      0     27          44    210
     GPU 0  0.000  0.000  0.000  0.000  0.000  0.000  0.000  0.000               6237078               4454125           0           0       0.000       0.000      78.632        1123825346   1350      0     27          44    210
     GPU 0  0.000  0.000  0.000  0.000  0.000  0.000  0.000  0.000               6237078               4454125           0           0       0.000       0.000      78.632        1123825346   1350      0     27          43    210
     GPU 0  0.000  0.000  0.000  0.000  0.000  0.000  0.000  0.000               6237078               4454125           0           0       0.000       0.000      78.632        1123825346   1350      0     27          43    210
     GPU 0  0.000  0.000  0.000  0.000  0.000  0.000  0.000  0.000              12024196               8115095           0           0       0.000       0.000      78.923        1123833305   1350      0     27          44    210
     GPU 0  0.000  0.000  0.000  0.000  0.000  0.000  0.000  0.000              12024196               8115095           0           0       0.000       0.000      78.923        1123833305   1350      0     27          43    210

# Entity  GRACT  SMACT  SMOCC  TENSO  DRAMA  FP64A  FP32A  FP16A                 PCITX                 PCIRX       GPUTL       MCUTL       MUSAM       GUSAM       POWER             TOTEC  SACLK  PSTAT  TMPTR       MMTMP  SMCLK
      Id                                                                                                                                                               W                mJ                    C           C       
     GPU 0  0.000  0.000  0.000  0.000  0.000  0.000  0.000  0.000              12024196               8115095           0           0       0.000       0.000      78.923        1123833305   1350      0     27          43    210
     GPU 0  0.000  0.000  0.000  0.000  0.000  0.000  0.000  0.000              12024196               8115095           0           0       0.000       0.000      78.923        1123833305   1350      0     27          43    210
     GPU 0  0.000  0.000  0.000  0.000  0.000  0.000  0.000  0.000              12024196               8115095           0           0       0.000       0.000      78.923        1123833305   1350      0     27          43    210
     GPU 0  0.000  0.000  0.000  0.000  0.000  0.000  0.000  0.000              12024196               8115095           0           0       0.000       0.000      78.923        1123833305   1350      0     27          43    210
     GPU 0  0.000  0.000  0.000  0.000  0.000  0.000  0.000  0.000              12024196               8115095           0           0       0.000       0.000      78.923        1123833305   1350      0     27          43    210
     GPU 0  0.000  0.000  0.000  0.000  0.000  0.000  0.000  0.000              12024196               8115095           0           0       0.000       0.000      78.923        1123833305   1350      0     27          43    210
     GPU 0  0.000  0.000  0.000  0.000  0.000  0.000  0.000  0.000              12024196               8115095           0           0       0.000       0.000      78.923        1123833305   1350      0     27          43    210
     GPU 0  0.000  0.000  0.000  0.000  0.000  0.000  0.000  0.000              12024196               8115095           0           0       0.000       0.000      78.923        1123833305   1350      0     27          43    210
     GPU 0  0.000  0.000  0.000  0.000  0.000  0.000  0.000  0.000              12024196               8115095           0           0       0.000       0.000      78.923        1123833305   1350      0     27          43    210
     GPU 0  0.000  0.000  0.000  0.000  0.000  0.000  0.000  0.000              12024196               8115095           0           0       0.000       0.000      78.923        1123833305   1350      0     27          43    210
     GPU 0  0.000  0.000  0.000  0.000  0.000  0.000  0.000  0.000              12024196               8115095           0           0       0.000       0.000      78.632        1123849155   1350      0     27          44    210
     GPU 0  0.000  0.000  0.000  0.000  0.000  0.000  0.000  0.000               6167063               3783543           0           0       0.000       0.000      78.632        1123849155   1350      0     27          44    210
     GPU 0  0.000  0.000  0.000  0.000  0.000  0.000  0.000  0.000               7475100             353136872           0           0       0.000       0.000      79.165        1123857079   1350      0     27          44    210
     GPU 0  0.000  0.000  0.000  0.000  0.000  0.000  0.000  0.000               5346754              18632628           0           0       0.000       0.000      79.165        1123857079   1350      0     27          44    210

# Entity  GRACT  SMACT  SMOCC  TENSO  DRAMA  FP64A  FP32A  FP16A                 PCITX                 PCIRX       GPUTL       MCUTL       MUSAM       GUSAM       POWER             TOTEC  SACLK  PSTAT  TMPTR       MMTMP  SMCLK
      Id                                                                                                                                                               W                mJ                    C           C       
     GPU 0  0.000  0.000  0.000  0.000  0.000  0.000  0.000  0.000               4447693              15072738           0           0       0.000       0.000      79.165        1123857079   1350      0     27          43    210
     GPU 0  0.037  0.000  0.000  0.000  0.000  0.000  0.000  0.000              17352433              24368852           0           0       0.000       0.000      79.165        1123857079   1350      0     27          43   1350
     GPU 0  0.087  0.000  0.000  0.000  0.000  0.000  0.000  0.000              10303147              37298954           0           0       0.000       0.000      79.165        1123857079   1350      0     27          43   1350
     GPU 0  0.012  0.000  0.000  0.000  0.002  0.000  0.000  0.000             466168119            4166272489           0           0       0.000       0.000      79.165        1123857079   1350      0     27          43   1350
     GPU 0  0.012  0.000  0.000  0.000  0.002  0.000  0.000  0.000             466168119            4166272489           0           0       0.000       0.000     101.724        1123866157   1350      0     27          43   1350
     GPU 0  0.501  0.000  0.000  0.000  0.002  0.000  0.000  0.000             349908045            3109317087           0           0       0.000       0.000     101.724        1123866157   1350      0     28          43   1350
     GPU 0  1.000  0.941  0.761  0.000  0.002  0.000  0.622  0.000               1986994               1553523           0           0       0.000       0.000     101.724        1123866157   1350      0     31          44   1350
     GPU 0  1.000  0.954  0.773  0.000  0.002  0.000  0.635  0.000               1822521               1413138           0           0       0.000       0.000     101.724        1123866157   1350      0     32          44   1350
     GPU 0  1.000  0.000  0.000  0.000  0.002  0.000  0.000  0.000               5361973               3602005           0           0       0.000       0.000     254.399        1123887080   1350      0     32          43   1350
     GPU 0  1.000  0.953  0.769  0.000  0.002  0.000  0.619  0.000               7469116               5364916           0           0       0.000       0.000     254.399        1123887080   1350      0     33          43   1350
     GPU 0  1.000  0.000  0.000  0.000  0.002  0.000  0.000  0.000              18790422              11518167          62           0       0.000      62.000     254.399        1123887080   1350      0     33          43   1350
     GPU 0  1.000  0.945  0.750  0.000  0.002  0.000  0.612  0.000               7712910               5447917          62           0       0.000      62.000     254.399        1123887080   1350      0     34          43   1350
     GPU 0  1.000  0.923  0.713  0.000  0.002  0.000  0.606  0.000               5177279               3885451          62           0       0.000      62.000     254.399        1123887080   1350      0     35          44   1350
     GPU 0  1.000  0.923  0.713  0.000  0.002  0.000  0.606  0.000               5177279               3885451          62           0       0.000      62.000     254.399        1123887080   1350      0     35          43   1350

# Entity  GRACT  SMACT  SMOCC  TENSO  DRAMA  FP64A  FP32A  FP16A                 PCITX                 PCIRX       GPUTL       MCUTL       MUSAM       GUSAM       POWER             TOTEC  SACLK  PSTAT  TMPTR       MMTMP  SMCLK
      Id                                                                                                                                                               W                mJ                    C           C       
     GPU 0  1.000  0.000  0.000  0.000  0.002  0.000  0.000  0.000               7775965               5706679          62           0       0.000      62.000     259.259        1123913194   1350      0     35          43   1350
     GPU 0  1.000  0.939  0.751  0.000  0.002  0.000  0.610  0.000               9724807               6388960          62           0       0.000      62.000     259.259        1123913194   1350      0     36          44   1350
     GPU 0  1.000  0.936  0.743  0.000  0.002  0.000  0.617  0.000              10966113               7881203          62           0       0.000      62.000     259.259        1123913194   1350      0     36          44   1350
     GPU 0  1.000  0.000  0.000  0.000  0.002  0.000  0.000  0.000              11120598               8412599          62           0       0.000      62.000     259.259        1123913194   1350      0     36          44   1350
     GPU 0  1.000  0.937  0.743  0.000  0.002  0.000  0.620  0.000              10957169               8300503          62           0       0.000      62.000     257.360        1123938975   1350      0     36          44   1350
     GPU 0  1.000  0.937  0.743  0.000  0.002  0.000  0.620  0.000              10957169               8300503          62           0       0.000      62.000     257.360        1123938975   1350      0     36          44   1350
     GPU 0  1.000  0.937  0.743  0.000  0.002  0.000  0.620  0.000              10957169               8300503          62           0       0.000      62.000     257.360        1123938975   1350      0     36          44   1350
     GPU 0  1.000  0.939  0.748  0.000  0.002  0.000  0.619  0.000              11846489               8356455          62           0       0.000      99.000     257.360        1123938975   1350      0     37          44   1350
     GPU 0  1.000  0.939  0.748  0.000  0.002  0.000  0.619  0.000              11846489               8356455          62           0       0.000      99.000     257.360        1123938975   1350      0     37          44   1350
     GPU 0  1.000  0.000  0.000  0.000  0.002  0.000  0.000  0.000              22515995              14112255         100           0       0.000      99.000     257.360        1123965840   1350      0     37          44   1350
     GPU 0  1.000  0.000  0.000  0.000  0.002  0.000  0.000  0.000              22515995              14112255         100           0       0.000      99.000     253.860        1123965840   1350      0     37          44   1350
     GPU 0  1.000  0.958  0.778  0.000  0.002  0.000  0.637  0.000               9013470               6083640         100           0       0.000      99.000     253.860        1123965840   1350      0     37          44   1350
     GPU 0  1.000  0.000  0.000  0.000  0.002  0.000  0.000  0.000               7397435               5934323         100           0       0.000      99.000     253.860        1123965840   1350      0     37          44   1350
     GPU 0  1.000  0.953  0.759  0.000  0.002  0.000  0.623  0.000              10776484               7955871         100           0       0.000      99.000     253.860        1123965840   1350      0     37          44   1350

# Entity  GRACT  SMACT  SMOCC  TENSO  DRAMA  FP64A  FP32A  FP16A                 PCITX                 PCIRX       GPUTL       MCUTL       MUSAM       GUSAM       POWER             TOTEC  SACLK  PSTAT  TMPTR       MMTMP  SMCLK
      Id                                                                                                                                                               W                mJ                    C           C       
     GPU 0  1.000  0.942  0.761  0.000  0.002  0.000  0.624  0.000              12008334               8605348         100           0       0.000      99.000     253.860        1123965840   1350      0     37          44   1350
     GPU 0  1.000  0.000  0.000  0.000  0.002  0.000  0.000  0.000               9868200               7557503         100           0       0.000      99.000     247.881        1123990941   1350      0     37          44   1350
     GPU 0  1.000  0.948  0.762  0.000  0.002  0.000  0.630  0.000               6369879               5154494         100           0       0.000      99.000     247.881        1123990941   1350      0     38          44   1350
     GPU 0  1.000  0.948  0.762  0.000  0.002  0.000  0.630  0.000               6369879               5154494         100           0       0.000      99.000     247.881        1123990941   1350      0     38          44   1350
     GPU 0  1.000  0.940  0.770  0.000  0.002  0.000  0.625  0.000               2341616               1486602         100           0       0.000      99.000     247.881        1123990941   1350      0     38          44   1350
     GPU 0  1.000  0.000  0.000  0.000  0.002  0.000  0.000  0.000               2174100               1647172         100           0       0.000      99.000     251.968        1124016299   1350      0     38          44   1350
     GPU 0  1.000  0.937  0.737  0.000  0.002  0.000  0.618  0.000               6112420               4016138         100           0       0.000      99.000     251.968        1124016299   1350      0     38          44   1350
     GPU 0  1.000  0.936  0.766  0.000  0.002  0.000  0.621  0.000               5009748               3833339         100           0       0.000      99.000     251.968        1124016299   1350      0     38          44   1350
     GPU 0  1.000  0.000  0.000  0.000  0.002  0.000  0.000  0.000               7788733               5806174         100           0       0.000      99.000     251.968        1124016299   1350      0     38          44   1350
     GPU 0  1.000  0.000  0.000  0.000  0.002  0.000  0.000  0.000               7788733               5806174         100           0       0.000      99.000     251.968        1124016299   1350      0     38          44   1350
     GPU 0  1.000  0.941  0.753  0.000  0.002  0.000  0.607  0.000              12124057               8623019         100           0       0.000      99.000     251.968        1124016299   1350      0     38          45   1350
     GPU 0  1.000  0.934  0.735  0.000  0.002  0.000  0.616  0.000              10208383               7575372         100           0       0.000      99.000     251.968        1124041778   1350      0     38          44   1350
     GPU 0  1.000  0.000  0.000  0.000  0.002  0.000  0.000  0.000              10032506               7177672         100           0       0.000      99.000     251.968        1124041778   1350      0     38          44   1350
     GPU 0  1.000  0.943  0.751  0.000  0.002  0.000  0.626  0.000              11244331               8611142         100           0       0.000      99.000     251.968        1124041778   1350      0     38          44   1350

# Entity  GRACT  SMACT  SMOCC  TENSO  DRAMA  FP64A  FP32A  FP16A                 PCITX                 PCIRX       GPUTL       MCUTL       MUSAM       GUSAM       POWER             TOTEC  SACLK  PSTAT  TMPTR       MMTMP  SMCLK
      Id                                                                                                                                                               W                mJ                    C           C       
     GPU 0  1.000  0.936  0.750  0.000  0.002  0.000  0.603  0.000              10620905               8362431         100           0       0.000      99.000     251.968        1124041778   1350      0     39          45   1350
     GPU 0  1.000  0.936  0.750  0.000  0.002  0.000  0.603  0.000              10620905               8362431         100           0       0.000      99.000     251.140        1124041778   1350      0     39          44   1350
     GPU 0  1.000  0.000  0.000  0.000  0.002  0.000  0.000  0.000              11203165               7797718         100           0       0.000      99.000     251.140        1124067506   1350      0     39          45   1350
     GPU 0  1.000  0.934  0.735  0.000  0.002  0.000  0.616  0.000               4054473               4162939         100           0       0.000      99.000     251.140        1124067506   1350      0     39          45   1350
     GPU 0  1.000  0.942  0.775  0.000  0.002  0.000  0.629  0.000               5736735               2997456         100           0       0.000      99.000     251.140        1124067506   1350      0     39          45   1350
     GPU 0  1.000  0.000  0.000  0.000  0.002  0.000  0.000  0.000               7715139               5870302         100           0       0.000      99.000     251.140        1124067506   1350      0     39          45   1350
     GPU 0  1.000  0.947  0.756  0.000  0.002  0.000  0.616  0.000              16239899              10061235         100           0       0.000      99.000     253.032        1124067506   1350      0     39          45   1350
     GPU 0  1.000  0.947  0.756  0.000  0.002  0.000  0.616  0.000              16239899              10061235         100           0       0.000      99.000     253.032        1124092761   1350      0     39          45   1350
     GPU 0  1.000  0.922  0.703  0.000  0.002  0.000  0.599  0.000               5138022               3770562         100           0       0.000      99.000     253.032        1124092761   1350      0     39          45   1350
     GPU 0  1.000  0.922  0.703  0.000  0.002  0.000  0.599  0.000               5138022               3770562         100           0       0.000      99.000     253.032        1124092761   1350      0     39          45   1350
     GPU 0  1.000  0.922  0.703  0.000  0.002  0.000  0.599  0.000               5138022               3770562         100           0       0.000      99.000     253.032        1124092761   1350      0     39          45   1350
     GPU 0  1.000  0.000  0.000  0.000  0.002  0.000  0.000  0.000              15680404               9408242         100           0       0.000      99.000     253.032        1124118570   1350      0     39          45   1350
     GPU 0  1.000  0.000  0.000  0.000  0.002  0.000  0.000  0.000              15680404               9408242         100           0       0.000      99.000     253.032        1124118570   1350      0     39          45   1350
     GPU 0  1.000  0.944  0.760  0.000  0.002  0.000  0.628  0.000               8939701               5813930         100           0       0.000      99.000     253.032        1124118570   1350      0     39          45   1350

# Entity  GRACT  SMACT  SMOCC  TENSO  DRAMA  FP64A  FP32A  FP16A                 PCITX                 PCIRX       GPUTL       MCUTL       MUSAM       GUSAM       POWER             TOTEC  SACLK  PSTAT  TMPTR       MMTMP  SMCLK
      Id                                                                                                                                                               W                mJ                    C           C       
     GPU 0  1.000  0.000  0.000  0.000  0.002  0.000  0.000  0.000               6634843               5293837         100           0       0.000      99.000     253.032        1124118570   1350      0     39          45   1350
     GPU 0  1.000  0.936  0.734  0.000  0.002  0.000  0.612  0.000               9604388               7257925         100           0       0.000      99.000     253.032        1124118570   1350      0     39          45   1350
     GPU 0  1.000  0.936  0.741  0.000  0.002  0.000  0.618  0.000              10342665               7788055         100           0       0.000      99.000     253.032        1124118570   1350      0     39          45   1350
     GPU 0  1.000  0.936  0.741  0.000  0.002  0.000  0.618  0.000              10342665               7788055         100           0       0.000      99.000     253.032        1124144191   1350      0     39          45   1350
     GPU 0  1.000  0.000  0.000  0.000  0.002  0.000  0.000  0.000               3465340               1895187         100           0       0.000      99.000     253.032        1124144191   1350      0     40          45   1350
     GPU 0  1.000  0.945  0.764  0.000  0.002  0.000  0.627  0.000               5063716               3460617         100           0       0.000      99.000     253.032        1124144191   1350      0     40          45   1350
     GPU 0  1.000  0.931  0.734  0.000  0.002  0.000  0.587  0.000               5250206               4124211         100           0       0.000      99.000     253.032        1124144191   1350      0     40          45   1350
     GPU 0  1.000  0.000  0.000  0.000  0.002  0.000  0.000  0.000               6071540               5206176         100           0       0.000      99.000     254.102        1124144191   1350      0     40          45   1350
     GPU 0  1.000  0.000  0.000  0.000  0.002  0.000  0.000  0.000               6071540               5206176         100           0       0.000      99.000     254.102        1124169906   1350      0     40          45   1350
     GPU 0  1.000  0.931  0.756  0.000  0.002  0.000  0.617  0.000               8271304               7102587         100           0       0.000      99.000     254.102        1124169906   1350      0     40          45   1350
     GPU 0  1.000  0.934  0.734  0.000  0.002  0.000  0.616  0.000               7682175               6189685         100           0       0.000      99.000     254.102        1124169906   1350      0     40          45   1350
     GPU 0  1.000  0.000  0.000  0.000  0.002  0.000  0.000  0.000              11417480               8864604         100           0       0.000      99.000     254.102        1124169906   1350      0     40          45   1350
     GPU 0  1.000  0.938  0.739  0.000  0.002  0.000  0.603  0.000              10259694               7992858         100           0       0.000      99.000     254.102        1124169906   1350      0     40          45   1350
     GPU 0  1.000  0.000  0.000  0.000  0.002  0.000  0.000  0.000               1255762               1506914         100           0       0.000      99.000     253.570        1124195236   1350      0     40          45   1350

# Entity  GRACT  SMACT  SMOCC  TENSO  DRAMA  FP64A  FP32A  FP16A                 PCITX                 PCIRX       GPUTL       MCUTL       MUSAM       GUSAM       POWER             TOTEC  SACLK  PSTAT  TMPTR       MMTMP  SMCLK
      Id                                                                                                                                                               W                mJ                    C           C       
     GPU 0  1.000  0.947  0.756  0.000  0.002  0.000  0.612  0.000              11813066               7694778         100           0       0.000      99.000     253.570        1124195236   1350      0     40          45   1350
     GPU 0  1.000  0.935  0.748  0.000  0.002  0.000  0.617  0.000              10559362               8201198         100           0       0.000      99.000     253.570        1124195236   1350      0     40          45   1350
     GPU 0  1.000  0.935  0.748  0.000  0.002  0.000  0.617  0.000              10559362               8201198         100           0       0.000      99.000     253.570        1124195236   1350      0     40          45   1350
     GPU 0  1.000  0.000  0.000  0.000  0.002  0.000  0.000  0.000              10486671               8031862         100           0       0.000      99.000     252.210        1124195236   1350      0     40          45   1350
     GPU 0  1.000  0.941  0.746  0.000  0.002  0.000  0.622  0.000              11349337               7761450         100           0       0.000      99.000     252.210        1124220837   1350      0     40          45   1350
     GPU 0  1.000  0.945  0.767  0.000  0.002  0.000  0.567  0.000               3783150               2151781         100           0       0.000      99.000     252.210        1124220837   1350      0     40          45   1350
     GPU 0  1.000  0.000  0.000  0.000  0.002  0.000  0.000  0.000               4363061               2154260         100           0       0.000      99.000     252.210        1124220837   1350      0     40          45   1350
     GPU 0  1.000  0.943  0.760  0.000  0.002  0.000  0.627  0.000               3427802               1369808         100           0       0.000      99.000     252.210        1124220837   1350      0     40          45   1350
     GPU 0  1.000  0.945  0.764  0.000  0.002  0.000  0.630  0.000               6370861               3290298         100           0       0.000      99.000     252.210        1124220837   1350      0     40          45   1350
     GPU 0  1.000  0.945  0.764  0.000  0.002  0.000  0.630  0.000               6370861               3290298         100           0       0.000      99.000     251.672        1124246542   1350      0     40          45   1350
     GPU 0  1.000  0.000  0.000  0.000  0.002  0.000  0.000  0.000               8404642               5408321         100           0       0.000      99.000     251.672        1124246542   1350      0     40          45   1350
     GPU 0  1.000  0.943  0.760  0.000  0.002  0.000  0.625  0.000               9520508               5298066         100           0       0.000      99.000     251.672        1124246542   1350      0     40          45   1350
     GPU 0  1.000  0.933  0.729  0.000  0.002  0.000  0.614  0.000               6789725               4908727         100           0       0.000      99.000     251.672        1124246542   1350      0     40          45   1350
     GPU 0  1.000  0.000  0.000  0.000  0.002  0.000  0.000  0.000               7921984               5792244         100           0       0.000      99.000     253.280        1124246542   1350      0     40          45   1350

# Entity  GRACT  SMACT  SMOCC  TENSO  DRAMA  FP64A  FP32A  FP16A                 PCITX                 PCIRX       GPUTL       MCUTL       MUSAM       GUSAM       POWER             TOTEC  SACLK  PSTAT  TMPTR       MMTMP  SMCLK
      Id                                                                                                                                                               W                mJ                    C           C       
     GPU 0  1.000  0.000  0.000  0.000  0.002  0.000  0.000  0.000               7921984               5792244         100           0       0.000      99.000     253.280        1124272222   1350      0     40          45   1350
     GPU 0  1.000  0.948  0.752  0.000  0.002  0.000  0.612  0.000              11209698               7780231         100           0       0.000      99.000     253.280        1124272222   1350      0     40          45   1350
     GPU 0  1.000  0.934  0.744  0.000  0.002  0.000  0.612  0.000               6956249               5440218         100           0       0.000      99.000     253.280        1124272222   1350      0     40          45   1350
     GPU 0  1.000  0.000  0.000  0.000  0.002  0.000  0.000  0.000               8420775               7163782         100           0       0.000      99.000     253.280        1124272222   1350      0     40          45   1350
     GPU 0  1.000  0.943  0.768  0.000  0.001  0.000  0.627  0.000               6439100               4388979         100           0       0.000      99.000     253.280        1124272222   1350      0     41          45   1350
     GPU 0  1.000  0.000  0.000  0.000  0.002  0.000  0.000  0.000               1339493               1506930         100           0       0.000      99.000     254.102        1124297821   1350      0     41          45   1350
     GPU 0  1.000  0.927  0.744  0.000  0.002  0.000  0.612  0.000               1339164               1590257         100           0       0.000      99.000     254.102        1124297821   1350      0     41          45   1350
     GPU 0  1.000  0.927  0.744  0.000  0.002  0.000  0.612  0.000               1339164               1590257         100           0       0.000      99.000     254.102        1124297821   1350      0     41          45   1350
     GPU 0  1.000  0.000  0.000  0.000  0.002  0.000  0.000  0.000               7525235               5826153         100           0       0.000      99.000     254.102        1124297821   1350      0     41          45   1350
     GPU 0  1.000  0.937  0.760  0.000  0.002  0.000  0.621  0.000              10675044               8308732         100           0       0.000      99.000     254.399        1124297821   1350      0     41          45   1350
     GPU 0  1.000  0.944  0.756  0.000  0.002  0.000  0.613  0.000              11318101               7879557         100           0       0.000      99.000     254.399        1124323449   1350      0     41          46   1350
     GPU 0  1.000  0.000  0.000  0.000  0.002  0.000  0.000  0.000               3663939               2973891         100           0       0.000      99.000     254.399        1124323449   1350      0     41          45   1350
     GPU 0  1.000  0.936  0.738  0.000  0.002  0.000  0.617  0.000               2208366               1725886         100           0       0.000      99.000     254.399        1124323449   1350      0     41          46   1350
     GPU 0  1.000  0.948  0.789  0.000  0.002  0.000  0.633  0.000               5812664               3160631         100           0       0.000      99.000     254.399        1124323449   1350      0     41          46   1350

# Entity  GRACT  SMACT  SMOCC  TENSO  DRAMA  FP64A  FP32A  FP16A                 PCITX                 PCIRX       GPUTL       MCUTL       MUSAM       GUSAM       POWER             TOTEC  SACLK  PSTAT  TMPTR       MMTMP  SMCLK
      Id                                                                                                                                                               W                mJ                    C           C       
     GPU 0  1.000  0.948  0.789  0.000  0.002  0.000  0.633  0.000               5812664               3160631         100           0       0.000      99.000     254.399        1124323449   1350      0     41          46   1350
     GPU 0  1.000  0.000  0.000  0.000  0.002  0.000  0.000  0.000               4804265               3501355         100           0       0.000      99.000     254.930        1124349116   1350      0     41          46   1350
     GPU 0  1.000  0.934  0.741  0.000  0.002  0.000  0.603  0.000               9390034               6169528         100           0       0.000      99.000     254.930        1124349116   1350      0     41          46   1350
     GPU 0  1.000  0.950  0.759  0.000  0.002  0.000  0.631  0.000              12007473               7304258         100           0       0.000      99.000     254.930        1124349116   1350      0     41          46   1350
     GPU 0  1.000  0.000  0.000  0.000  0.002  0.000  0.000  0.000               7984992               5695247         100           0       0.000      99.000     254.930        1124349116   1350      0     41          46   1350
     GPU 0  1.000  0.940  0.748  0.000  0.002  0.000  0.622  0.000              10333174               7958853         100           0       0.000      99.000     256.000        1124349116   1350      0     41          46   1350
     GPU 0  1.000  0.940  0.748  0.000  0.002  0.000  0.622  0.000              10333174               7958853         100           0       0.000      99.000     256.000        1124374903   1350      0     41          46   1350
     GPU 0  1.000  0.949  0.766  0.000  0.002  0.000  0.614  0.000              11498104               8049433         100           0       0.000      99.000     256.000        1124374903   1350      0     41          46   1350
     GPU 0  1.000  0.000  0.000  0.000  0.002  0.000  0.000  0.000               7497445               5336464         100           0       0.000      99.000     256.000        1124374903   1350      0     41          46   1350
     GPU 0  1.000  0.943  0.760  0.000  0.002  0.000  0.609  0.000              10253803               8023368         100           0       0.000      99.000     256.000        1124374903   1350      0     41          46   1350
     GPU 0  1.000  0.936  0.739  0.000  0.002  0.000  0.618  0.000               9598911               7492296         100           0       0.000      99.000     256.000        1124374903   1350      0     41          46   1350
     GPU 0  1.000  0.000  0.000  0.000  0.002  0.000  0.000  0.000               5361122               2929644         100           0       0.000      99.000     254.930        1124400345   1350      0     41          46   1350
     GPU 0  1.000  0.941  0.757  0.000  0.002  0.000  0.619  0.000              10990301               6998097         100           0       0.000      99.000     254.930        1124400345   1350      0     41          46   1350
     GPU 0  1.000  0.941  0.757  0.000  0.002  0.000  0.619  0.000              10990301               6998097         100           0       0.000      99.000     254.930        1124400345   1350      0     41          46   1350

# Entity  GRACT  SMACT  SMOCC  TENSO  DRAMA  FP64A  FP32A  FP16A                 PCITX                 PCIRX       GPUTL       MCUTL       MUSAM       GUSAM       POWER             TOTEC  SACLK  PSTAT  TMPTR       MMTMP  SMCLK
      Id                                                                                                                                                               W                mJ                    C           C       
     GPU 0  1.000  0.000  0.000  0.000  0.002  0.000  0.000  0.000              10860014               8406641         100           0       0.000      99.000     254.930        1124400345   1350      0     41          46   1350
     GPU 0  1.000  0.943  0.767  0.000  0.002  0.000  0.609  0.000               9934657               7747893         100           0       0.000      99.000     254.930        1124400345   1350      0     41          46   1350
     GPU 0  1.000  0.952  0.782  0.000  0.002  0.000  0.635  0.000               3594964               1495165         100           0       0.000      99.000     255.172        1124426312   1350      0     41          46   1350
     GPU 0  1.000  0.000  0.000  0.000  0.002  0.000  0.000  0.000               8001523               4466633         100           0       0.000      99.000     255.172        1124426312   1350      0     41          46   1350
     GPU 0  1.000  0.935  0.746  0.000  0.002  0.000  0.618  0.000               6480848               5164547         100           0       0.000      99.000     255.172        1124426312   1350      0     41          46   1350
     GPU 0  1.000  0.935  0.746  0.000  0.002  0.000  0.618  0.000               6480848               5164547         100           0       0.000      99.000     255.172        1124426312   1350      0     41          46   1350
     GPU 0  1.000  0.940  0.750  0.000  0.002  0.000  0.610  0.000              10495214               8208058         100           0       0.000      99.000     255.172        1124426312   1350      0     41          46   1350
     GPU 0  1.000  0.000  0.000  0.000  0.002  0.000  0.000  0.000               6501863               4095205         100           0       0.000      99.000     254.102        1124451824   1350      0     41          46   1350
     GPU 0  1.000  0.940  0.743  0.000  0.002  0.000  0.618  0.000               9552957               6029878         100           0       0.000      99.000     254.102        1124451824   1350      0     41          46   1350
     GPU 0  1.000  0.940  0.743  0.000  0.002  0.000  0.618  0.000               9552957               6029878         100           0       0.000      99.000     254.102        1124451824   1350      0     41          46   1350
     GPU 0  1.000  0.944  0.747  0.000  0.002  0.000  0.625  0.000               9956488               7153725         100           0       0.000      99.000     254.102        1124451824   1350      0     41          46   1350
     GPU 0  1.000  0.000  0.000  0.000  0.002  0.000  0.000  0.000               8068889               5697579         100           0       0.000      99.000     254.102        1124477507   1350      0     41          46   1350
     GPU 0  1.000  0.943  0.749  0.000  0.002  0.000  0.625  0.000               7923019               6665482         100           0       0.000      99.000     253.860        1124477507   1350      0     41          46   1350
     GPU 0  1.000  0.951  0.767  0.000  0.002  0.000  0.634  0.000               3803723               1577762         100           0       0.000      99.000     253.860        1124477507   1350      0     41          46   1350

# Entity  GRACT  SMACT  SMOCC  TENSO  DRAMA  FP64A  FP32A  FP16A                 PCITX                 PCIRX       GPUTL       MCUTL       MUSAM       GUSAM       POWER             TOTEC  SACLK  PSTAT  TMPTR       MMTMP  SMCLK
      Id                                                                                                                                                               W                mJ                    C           C       
     GPU 0  1.000  0.000  0.000  0.000  0.002  0.000  0.000  0.000               3702365               1644933         100           0       0.000      99.000     253.860        1124477507   1350      0     41          46   1350
     GPU 0  1.000  0.000  0.000  0.000  0.002  0.000  0.000  0.000               3702365               1644933         100           0       0.000      99.000     253.860        1124477507   1350      0     41          46   1350
     GPU 0  1.000  0.949  0.762  0.000  0.002  0.000  0.629  0.000               6113201               3149572         100           0       0.000      99.000     253.860        1124477507   1350      0     41          46   1350
     GPU 0  1.000  0.947  0.778  0.000  0.002  0.000  0.630  0.000               8690622               5582786         100           0       0.000      99.000     255.710        1124503220   1350      0     41          46   1350
     GPU 0  1.000  0.947  0.778  0.000  0.002  0.000  0.630  0.000               8690622               5582786         100           0       0.000      99.000     255.710        1124503220   1350      0     41          46   1350
     GPU 0  1.000  0.947  0.778  0.000  0.002  0.000  0.630  0.000               8690622               5582786         100           0       0.000      99.000     255.710        1124503220   1350      0     41          46   1350
     GPU 0  1.000  0.947  0.778  0.000  0.002  0.000  0.630  0.000               8690622               5582786         100           0       0.000      99.000     255.710        1124503220   1350      0     41          46   1350
     GPU 0  1.000  0.000  0.000  0.000  0.002  0.000  0.000  0.000              10030650               6974940         100           0       0.000      99.000     255.710        1124503220   1350      0     42          46   1350
     GPU 0  1.000  0.000  0.000  0.000  0.002  0.000  0.000  0.000              10030650               6974940         100           0       0.000      99.000     255.710        1124529184   1350      0     42          46   1350
     GPU 0  1.000  0.945  0.765  0.000  0.002  0.000  0.611  0.000               8698351               5879284         100           0       0.000      99.000     255.710        1124529184   1350      0     42          46   1350
     GPU 0  1.000  0.935  0.743  0.000  0.002  0.000  0.608  0.000              11593481               8913334         100           0       0.000      99.000     255.710        1124529184   1350      0     42          46   1350
     GPU 0  1.000  0.000  0.000  0.000  0.002  0.000  0.000  0.000              11586432               8860396         100           0       0.000      99.000     255.710        1124529184   1350      0     42          46   1350
     GPU 0  1.000  0.941  0.766  0.000  0.002  0.000  0.625  0.000               9622454               7243843         100           0       0.000      99.000     255.710        1124529184   1350      0     42          46   1350
     GPU 0  1.000  0.939  0.748  0.000  0.002  0.000  0.605  0.000               7563088               6527160         100           0       0.000      99.000     254.930        1124554906   1350      0     42          46   1350

# Entity  GRACT  SMACT  SMOCC  TENSO  DRAMA  FP64A  FP32A  FP16A                 PCITX                 PCIRX       GPUTL       MCUTL       MUSAM       GUSAM       POWER             TOTEC  SACLK  PSTAT  TMPTR       MMTMP  SMCLK
      Id                                                                                                                                                               W                mJ                    C           C       
     GPU 0  1.000  0.000  0.000  0.000  0.002  0.000  0.000  0.000               1841610                753386         100           0       0.000      99.000     254.930        1124554906   1350      0     42          46   1350
     GPU 0  0.000  0.000  0.000  0.000  0.002  0.000  0.000  0.000              35211248               2565639         100           0       0.000      99.000     254.930        1124554906   1350      0     42          46   1350
     GPU 0  0.000  0.000  0.000  0.000  0.002  0.000  0.000  0.000              35211248               2565639         100           0       0.000      99.000     254.930        1124554906   1350      0     40          46   1350
     GPU 0  0.000  0.000  0.000  0.000  0.000  0.000  0.000  0.000               3052961                273745         100           0       0.000      99.000     254.930        1124554906   1350      0     38          46   1350
     GPU 0  0.000  0.000  0.000  0.000  0.000  0.000  0.000  0.000               1412266                166457         100           0       0.000      99.000     104.693        1124571148   1350      0     38          46   1350
     GPU 0  0.000  0.000  0.000  0.000  0.000  0.000  0.000  0.000               6021767               2107967         100           0       0.000      99.000     104.693        1124571148   1350      0     36          46   1350
     GPU 0  0.000  0.000  0.000  0.000  0.000  0.000  0.000  0.000               5688297               2699933         100           0       0.000      99.000     104.693        1124571148   1350      0     36          46   1350
     GPU 0  0.000  0.000  0.000  0.000  0.000  0.000  0.000  0.000               7549366               4231214         100           0       0.000      99.000     104.693        1124571148   1350      0     36          46   1350
     GPU 0  0.000  0.000  0.000  0.000  0.000  0.000  0.000  0.000               7549366               4231214         100           0       0.000      99.000     104.693        1124571148   1350      0     35          46   1350
     GPU 0  0.000  0.000  0.000  0.000  0.000  0.000  0.000  0.000               6650685               4122023         100           0       0.000      99.000     103.329        1124581603   1350      0     35          46   1350
     GPU 0  0.000  0.000  0.000  0.000  0.000  0.000  0.000  0.000               7722333               5393190         100           0       0.000      99.000     103.329        1124581603   1350      0     34          46   1350
     GPU 0  0.000  0.000  0.000  0.000  0.000  0.000  0.000  0.000               7722333               5393190         100           0       0.000      99.000     103.329        1124581603   1350      0     34          46   1350
     GPU 0  0.000  0.000  0.000  0.000  0.000  0.000  0.000  0.000               7722333               5393190         100           0       0.000      99.000     103.329        1124581603   1350      0     34          46   1350
     GPU 0  0.000  0.000  0.000  0.000  0.000  0.000  0.000  0.000               7722333               5393190           4           0       0.000       4.000     103.329        1124581603   1350      0     34          46   1350

# Entity  GRACT  SMACT  SMOCC  TENSO  DRAMA  FP64A  FP32A  FP16A                 PCITX                 PCIRX       GPUTL       MCUTL       MUSAM       GUSAM       POWER             TOTEC  SACLK  PSTAT  TMPTR       MMTMP  SMCLK
      Id                                                                                                                                                               W                mJ                    C           C       
     GPU 0  0.000  0.000  0.000  0.000  0.000  0.000  0.000  0.000              10381132               5879093           4           0       0.000       4.000     103.329        1124592181   1350      0     34          46   1350
     GPU 0  0.000  0.000  0.000  0.000  0.000  0.000  0.000  0.000               7409166               4563253           4           0       0.000       4.000     103.329        1124592181   1350      0     33          46   1350
     GPU 0  0.000  0.000  0.000  0.000  0.000  0.000  0.000  0.000               5560586               2858139           4           0       0.000       4.000     103.329        1124592181   1350      0     33          46   1350
     GPU 0  0.000  0.000  0.000  0.000  0.000  0.000  0.000  0.000               8708381               5139972           4           0       0.000       4.000     103.329        1124592181   1350      0     33          46   1350
     GPU 0  0.000  0.000  0.000  0.000  0.000  0.000  0.000  0.000               8708381               5139972           4           0       0.000       4.000     103.329        1124592181   1350      0     33          46   1350
     GPU 0  0.000  0.000  0.000  0.000  0.000  0.000  0.000  0.000               9218893               5769248           4           0       0.000       4.000     104.160        1124602660   1350      0     33          46   1350
     GPU 0  0.000  0.000  0.000  0.000  0.000  0.000  0.000  0.000              11168096               6684565           4           0       0.000       4.000     104.160        1124602660   1350      0     33          44   1350
     GPU 0  0.000  0.000  0.000  0.000  0.000  0.000  0.000  0.000               4776534               3016733           0           0       0.000       0.000     104.160        1124602660   1350      0     33          46   1350
     GPU 0  0.000  0.000  0.000  0.000  0.000  0.000  0.000  0.000               2203629                163384           0           0       0.000       0.000     104.160        1124602660   1350      0     33          46   1350
     GPU 0  0.000  0.000  0.000  0.000  0.000  0.000  0.000  0.000               1961788                247352           0           0       0.000       0.000     104.160        1124602660   1350      0     33          46   1350
     GPU 0  0.000  0.000  0.000  0.000  0.000  0.000  0.000  0.000               1961788                247352           0           0       0.000       0.000     103.862        1124613195   1350      0     33          46   1350
     GPU 0  0.000  0.000  0.000  0.000  0.000  0.000  0.000  0.000               4256142               2011993           0           0       0.000       0.000     103.862        1124613195   1350      0     32          46   1350
     GPU 0  0.000  0.000  0.000  0.000  0.000  0.000  0.000  0.000               4716718               3033041           0           0       0.000       0.000     103.862        1124613195   1350      0     32          46   1350
     GPU 0  0.000  0.000  0.000  0.000  0.000  0.000  0.000  0.000               4716718               3033041           0           0       0.000       0.000     103.862        1124613195   1350      0     32          46   1350

# Entity  GRACT  SMACT  SMOCC  TENSO  DRAMA  FP64A  FP32A  FP16A                 PCITX                 PCIRX       GPUTL       MCUTL       MUSAM       GUSAM       POWER             TOTEC  SACLK  PSTAT  TMPTR       MMTMP  SMCLK
      Id                                                                                                                                                               W                mJ                    C           C       
     GPU 0  0.001  0.000  0.000  0.000  0.000  0.000  0.000  0.000               6204066               6362036           0           0       0.000       0.000     103.862        1124613195   1350      0     32          45   1350
     GPU 0  0.001  0.000  0.000  0.000  0.000  0.000  0.000  0.000               6204066               6362036           0           0       0.000       0.000     103.862        1124623682   1350      0     32          45   1350
     GPU 0  0.001  0.000  0.000  0.000  0.000  0.000  0.000  0.000               6204066               6362036           0           0       0.000       0.000     103.862        1124623682   1350      0     32          45   1350
     GPU 0  0.001  0.000  0.000  0.000  0.000  0.000  0.000  0.000               6204066               6362036           0           0       0.000       0.000     103.862        1124623682   1350      0     32          45   1350
     GPU 0  0.001  0.000  0.000  0.000  0.000  0.000  0.000  0.000               6204066               6362036           0           0       0.000       0.000     103.862        1124623682   1350      0     32          45   1350
     GPU 0  0.001  0.000  0.000  0.000  0.000  0.000  0.000  0.000               6204066               6362036           0           0       0.000       0.000     103.862        1124623682   1350      0     32          45   1350
     GPU 0  0.001  0.000  0.000  0.000  0.000  0.000  0.000  0.000               6204066               6362036           0           0       0.000       0.000     103.329        1124623682   1350      0     32          45   1350
     GPU 0  0.001  0.000  0.000  0.000  0.000  0.000  0.000  0.000               6204066               6362036           0           0       0.000       0.000     103.329        1124634205   1350      0     32          45   1350
     GPU 0  0.000  0.000  0.000  0.000  0.000  0.000  0.000  0.000               8132203               9231149           0           0       0.000       0.000     103.329        1124634205   1350      0     32          45   1350
     GPU 0  0.000  0.000  0.000  0.000  0.000  0.000  0.000  0.000               8132203               9231149           0           0       0.000       0.000     103.329        1124634205   1350      0     32          45   1350
     GPU 0  0.000  0.000  0.000  0.000  0.000  0.000  0.000  0.000               8132203               9231149           0           0       0.000       0.000     103.329        1124634205   1350      0     32          45   1350
     GPU 0  0.000  0.000  0.000  0.000  0.000  0.000  0.000  0.000              14228493              16648810           0           0       0.000       0.000     103.620        1124644727   1350      0     32          45   1350
     GPU 0  0.000  0.000  0.000  0.000  0.000  0.000  0.000  0.000              14228493              16648810           0           0       0.000       0.000     103.620        1124644727   1350      0     32          45   1350
     GPU 0  0.000  0.000  0.000  0.000  0.000  0.000  0.000  0.000               3919474               3630285           6           0       0.000       0.000     103.620        1124644727   1350      0     32          45   1350

# Entity  GRACT  SMACT  SMOCC  TENSO  DRAMA  FP64A  FP32A  FP16A                 PCITX                 PCIRX       GPUTL       MCUTL       MUSAM       GUSAM       POWER             TOTEC  SACLK  PSTAT  TMPTR       MMTMP  SMCLK
      Id                                                                                                                                                               W                mJ                    C           C       
     GPU 0  0.000  0.000  0.000  0.000  0.000  0.000  0.000  0.000               3967889               4278218           6           0       0.000       0.000     103.620        1124644727   1350      0     31          45   1350
     GPU 0  0.000  0.000  0.000  0.000  0.000  0.000  0.000  0.000               6650292               4390669           6           0       0.000       0.000     103.620        1124644727   1350      0     31          45   1350
     GPU 0  0.000  0.000  0.000  0.000  0.000  0.000  0.000  0.000               6650292               4390669           6           0       0.000       0.000     103.329        1124644727   1350      0     31          45   1350
     GPU 0  0.000  0.000  0.000  0.000  0.000  0.000  0.000  0.000               7702637               4953229           6           0       0.000       0.000     103.329        1124655317   1350      0     31          45   1350
     GPU 0  0.000  0.000  0.000  0.000  0.000  0.000  0.000  0.000               6690919               4515233           6           0       0.000       0.000     103.329        1124655317   1350      0     31          45   1350
     GPU 0  0.000  0.000  0.000  0.000  0.000  0.000  0.000  0.000               6361539               3389529           6           0       0.000       0.000     103.329        1124655317   1350      0     31          45   1350
     GPU 0  0.000  0.000  0.000  0.000  0.000  0.000  0.000  0.000               6361539               3389529           6           0       0.000       0.000     103.329        1124655317   1350      0     31          45   1350
     GPU 0  0.000  0.000  0.000  0.000  0.000  0.000  0.000  0.000               9460906               5902418           6           0       0.000       0.000     103.329        1124665574   1350      0     31          45   1350
     GPU 0  0.000  0.000  0.000  0.000  0.000  0.000  0.000  0.000              12657923               6446279           0           0       0.000       0.000     103.329        1124665574   1350      0     31          45   1350
     GPU 0  0.000  0.000  0.000  0.000  0.000  0.000  0.000  0.000               1080637                 83125           0           0       0.000       0.000     103.329        1124665574   1350      0     31          45   1350
     GPU 0  0.000  0.000  0.000  0.000  0.000  0.000  0.000  0.000               9233298               6062362           0           0       0.000       0.000     103.329        1124665574   1350      0     31          45   1350
     GPU 0  0.000  0.000  0.000  0.000  0.000  0.000  0.000  0.000               9102979               5922165           0           0       0.000       0.000     103.329        1124665574   1350      0     31          45   1350
     GPU 0  0.000  0.000  0.000  0.000  0.000  0.000  0.000  0.000               8026364               5164370           0           0       0.000       0.000     103.329        1124665574   1350      0     31          45   1350
     GPU 0  0.000  0.000  0.000  0.000  0.000  0.000  0.000  0.000               6748005               4350015           0           0       0.000       0.000     103.329        1124676118   1350      0     31          45   1350

# Entity  GRACT  SMACT  SMOCC  TENSO  DRAMA  FP64A  FP32A  FP16A                 PCITX                 PCIRX       GPUTL       MCUTL       MUSAM       GUSAM       POWER             TOTEC  SACLK  PSTAT  TMPTR       MMTMP  SMCLK
      Id                                                                                                                                                               W                mJ                    C           C       
     GPU 0  0.000  0.000  0.000  0.000  0.000  0.000  0.000  0.000               3066565                274965           0           0       0.000       0.000     103.329        1124676118   1350      0     31          45   1350
     GPU 0  0.000  0.000  0.000  0.000  0.000  0.000  0.000  0.000               3066565                274965           0           0       0.000       0.000     103.329        1124676118   1350      0     31          45   1350
     GPU 0  0.000  0.000  0.000  0.000  0.000  0.000  0.000  0.000               2908104                264373           0           0       0.000       0.000     103.329        1124676118   1350      0     31          45   1350
     GPU 0  0.000  0.000  0.000  0.000  0.000  0.000  0.000  0.000               5163982               2691063           0           0       0.000       0.000     103.329        1124686470   1350      0     31          45   1350
     GPU 0  0.000  0.000  0.000  0.000  0.000  0.000  0.000  0.000               7677400               4795819           0           0       0.000       0.000     103.329        1124686470   1350      0     31          45   1350
     GPU 0  0.000  0.000  0.000  0.000  0.000  0.000  0.000  0.000              10295426               6013919           0           0       0.000       0.000     103.329        1124686470   1350      0     31          45   1350
     GPU 0  0.000  0.000  0.000  0.000  0.000  0.000  0.000  0.000              10295426               6013919           0           0       0.000       0.000     103.329        1124686470   1350      0     31          45   1350
     GPU 0  0.000  0.000  0.000  0.000  0.000  0.000  0.000  0.000              10566893               6490727           0           0       0.000       0.000     103.329        1124686470   1350      0     31          45   1350
     GPU 0  0.000  0.000  0.000  0.000  0.000  0.000  0.000  0.000              10274147               6613981           0           0       0.000       0.000     103.329        1124696926   1350      0     31          45   1350
     GPU 0  0.000  0.000  0.000  0.000  0.000  0.000  0.000  0.000               9458214               5984252           0           0       0.000       0.000     103.329        1124696926   1350      0     31          45   1350
     GPU 0  0.000  0.000  0.000  0.000  0.000  0.000  0.000  0.000               9458214               5984252           0           0       0.000       0.000     103.329        1124696926   1350      0     31          45   1350
     GPU 0  0.000  0.000  0.000  0.000  0.000  0.000  0.000  0.000               3226649               1969347           0           0       0.000       0.000     103.329        1124696926   1350      0     31          45   1350
     GPU 0  0.000  0.000  0.000  0.000  0.000  0.000  0.000  0.000               3257339                274933           0           0       0.000       0.000     103.329        1124696926   1350      0     31          45   1350
     GPU 0  0.000  0.000  0.000  0.000  0.000  0.000  0.000  0.000               3063781                358447           0           0       0.000       0.000     103.329        1124707351   1350      0     31          45   1350

# Entity  GRACT  SMACT  SMOCC  TENSO  DRAMA  FP64A  FP32A  FP16A                 PCITX                 PCIRX       GPUTL       MCUTL       MUSAM       GUSAM       POWER             TOTEC  SACLK  PSTAT  TMPTR       MMTMP  SMCLK
      Id                                                                                                                                                               W                mJ                    C           C       
     GPU 0  0.000  0.000  0.000  0.000  0.000  0.000  0.000  0.000               7561687               3716609           0           0       0.000       0.000     103.329        1124707351   1350      0     31          45   1350
     GPU 0  0.000  0.000  0.000  0.000  0.000  0.000  0.000  0.000               8884749               5280298           0           0       0.000       0.000     103.329        1124707351   1350      0     31          45   1350
     GPU 0  0.000  0.000  0.000  0.000  0.000  0.000  0.000  0.000               8884749               5280298           0           0       0.000       0.000     103.329        1124707351   1350      0     31          45   1350
     GPU 0  0.000  0.000  0.000  0.000  0.000  0.000  0.000  0.000              10069997               6632502           0           0       0.000       0.000     103.329        1124707351   1350      0     31          45   1350
     GPU 0  0.000  0.000  0.000  0.000  0.000  0.000  0.000  0.000               7536197               5232920           0           0       0.000       0.000     103.039        1124707351   1350      0     31          45   1350
     GPU 0  0.000  0.000  0.000  0.000  0.000  0.000  0.000  0.000               9392835               6266645           0           0       0.000       0.000     103.039        1124717907   1350      0     31          45   1350
     GPU 0  0.000  0.000  0.000  0.000  0.000  0.000  0.000  0.000              10136807               6790938           0           0       0.000       0.000     103.039        1124717907   1350      0     31          45   1350
     GPU 0  0.000  0.000  0.000  0.000  0.000  0.000  0.000  0.000              11259857               7325167           0           0       0.000       0.000     103.039        1124717907   1350      0     31          45   1350
     GPU 0  0.000  0.000  0.000  0.000  0.000  0.000  0.000  0.000              11259857               7325167           0           0       0.000       0.000     103.039        1124717907   1350      0     31          45   1350
     GPU 0  0.000  0.000  0.000  0.000  0.000  0.000  0.000  0.000               6180651               4284940           0           0       0.000       0.000     103.039        1124728153   1350      0     31          45   1350
     GPU 0  0.000  0.000  0.000  0.000  0.000  0.000  0.000  0.000                920983                 83725           0           0       0.000       0.000     103.039        1124728153   1350      0     31          45   1350
     GPU 0  0.000  0.000  0.000  0.000  0.000  0.000  0.000  0.000               7867209               5113774           0           0       0.000       0.000     103.039        1124728153   1350      0     31          45   1350
     GPU 0  0.000  0.000  0.000  0.000  0.000  0.000  0.000  0.000               7178674               2565695           0           0       0.000       0.000     103.039        1124728153   1350      0     31          45   1350
     GPU 0  0.000  0.000  0.000  0.000  0.000  0.000  0.000  0.000              12125266               7168134           0           0       0.000       0.000     103.039        1124728153   1350      0     30          45   1350

# Entity  GRACT  SMACT  SMOCC  TENSO  DRAMA  FP64A  FP32A  FP16A                 PCITX                 PCIRX       GPUTL       MCUTL       MUSAM       GUSAM       POWER             TOTEC  SACLK  PSTAT  TMPTR       MMTMP  SMCLK
      Id                                                                                                                                                               W                mJ                    C           C       
     GPU 0  0.000  0.000  0.000  0.000  0.000  0.000  0.000  0.000              12125266               7168134           0           0       0.000       0.000     103.039        1124738561   1350      0     30          45   1350
     GPU 0  0.000  0.000  0.000  0.000  0.000  0.000  0.000  0.000              14095013              15470690           0           0       0.000       0.000     103.039        1124738561   1350      0     30          45   1350
     GPU 0  0.000  0.000  0.000  0.000  0.000  0.000  0.000  0.000               4038401               2100186           0           0       0.000       0.000     103.039        1124738561   1350      0     30          45   1350
     GPU 0  0.000  0.000  0.000  0.000  0.000  0.000  0.000  0.000               8357807               4285601           0           0       0.000       0.000     103.039        1124738561   1350      0     30          45   1350
     GPU 0  0.000  0.000  0.000  0.000  0.000  0.000  0.000  0.000               9927389               5286911           0           0       0.000       0.000     103.039        1124738561   1350      0     30          45   1350
     GPU 0  0.000  0.000  0.000  0.000  0.000  0.000  0.000  0.000               9418009               6027105           0           0       0.000       0.000     103.039        1124738561   1350      0     30          45   1350
     GPU 0  0.000  0.000  0.000  0.000  0.000  0.000  0.000  0.000               9418009               6027105           0           0       0.000       0.000     103.039        1124748950   1350      0     30          45   1350
     GPU 0  0.000  0.000  0.000  0.000  0.000  0.000  0.000  0.000              11378444               6118162           0           0       0.000       0.000     103.039        1124748950   1350      0     30          45    360
     GPU 0  0.000  0.000  0.000  0.000  0.000  0.000  0.000  0.000               2763241               2092814           0           0       0.000       0.000     103.039        1124748950   1350      0     30          45    360
     GPU 0  0.000  0.000  0.000  0.000  0.000  0.000  0.000  0.000               8401476               5838941           0           0       0.000       0.000     103.039        1124748950   1350      0     30          45    360
     GPU 0  0.000  0.000  0.000  0.000  0.000  0.000  0.000  0.000               8401476               5838941           0           0       0.000       0.000      80.528        1124758134   1350      0     30          45    360
     GPU 0  0.000  0.000  0.000  0.000  0.000  0.000  0.000  0.000               5820473               4155922           0           0       0.000       0.000      80.528        1124758134   1350      0     30          45    360
     GPU 0  0.000  0.000  0.000  0.000  0.000  0.000  0.000  0.000               3021799                274709           0           0       0.000       0.000      80.528        1124758134   1350      0     30          45    360
     GPU 0  0.000  0.000  0.000  0.000  0.000  0.000  0.000  0.000               5570888               1857784           0           0       0.000       0.000      80.528        1124758134   1350      0     30          45    360

# Entity  GRACT  SMACT  SMOCC  TENSO  DRAMA  FP64A  FP32A  FP16A                 PCITX                 PCIRX       GPUTL       MCUTL       MUSAM       GUSAM       POWER             TOTEC  SACLK  PSTAT  TMPTR       MMTMP  SMCLK
      Id                                                                                                                                                               W                mJ                    C           C       
     GPU 0  0.000  0.000  0.000  0.000  0.000  0.000  0.000  0.000               5469577               2746039           0           0       0.000       0.000      80.528        1124758134   1350      0     30          45    360
     GPU 0  0.000  0.000  0.000  0.000  0.000  0.000  0.000  0.000               5469577               2746039           0           0       0.000       0.000      80.528        1124758134   1350      0     29          45    360
     GPU 0  0.000  0.000  0.000  0.000  0.000  0.000  0.000  0.000               7677630               4645294           0           0       0.000       0.000      79.995        1124766272   1350      0     29          45    360
     GPU 0  0.000  0.000  0.000  0.000  0.000  0.000  0.000  0.000               4539234               2652152           0           0       0.000       0.000      79.995        1124766272   1350      0     29          45    330
