# Entity  GRACT  SMACT  SMOCC  TENSO  DRAMA  FP64A  FP32A  FP16A                 PCITX                 PCIRX       GPUTL       MCUTL       MUSAM       GUSAM       POWER             TOTEC  SACLK  PSTAT  TMPTR       MMTMP  SMCLK
      Id                                                                                                                                                               W                mJ                    C           C       
     GPU 0  0.000  0.000  0.000  0.000  0.000  0.000  0.000  0.000             129119031              10759919           0           0       0.000       0.000      76.729        6031093750    990      0     26          43    210
     GPU 0  0.000  0.000  0.000  0.000  0.000  0.000  0.000  0.000               8531128               4476147           0           0       0.000       0.000      76.729        6031093750    990      0     26          43    210
     GPU 0  0.000  0.000  0.000  0.000  0.000  0.000  0.000  0.000               8531128               4476147           0           0       0.000       0.000      76.729        6031093750    990      0     26          43    210
     GPU 0  0.000  0.000  0.000  0.000  0.000  0.000  0.000  0.000               5843488               3617161           0           0       0.000       0.000      76.729        6031093750    990      0     26          43    210
     GPU 0  0.000  0.000  0.000  0.000  0.000  0.000  0.000  0.000               8203082               4565181           0           0       0.000       0.000      78.383        6031101642    990      0     26          43    210
     GPU 0  0.000  0.000  0.000  0.000  0.000  0.000  0.000  0.000               8203082               4565181           0           0       0.000       0.000      78.383        6031101642    990      0     26          43    210
     GPU 0  0.000  0.000  0.000  0.000  0.000  0.000  0.000  0.000               4693191               1361573           0           0       0.000       0.000      78.383        6031101642    990      0     26          43    210
     GPU 0  0.000  0.000  0.000  0.000  0.000  0.000  0.000  0.000               5472969               1910556           0           0       0.000       0.000      78.383        6031101642    990      0     27          43    210
     GPU 0  0.000  0.000  0.000  0.000  0.000  0.000  0.000  0.000               6413752               3467957           0           0       0.000       0.000      78.383        6031101642    990      0     27          43    210
     GPU 0  0.000  0.000  0.000  0.000  0.000  0.000  0.000  0.000               7328169               4476238           0           0       0.000       0.000      78.632        6031101642    990      0     27          43    210
     GPU 0  0.000  0.000  0.000  0.000  0.000  0.000  0.000  0.000               7328169               4476238           0           0       0.000       0.000      78.632        6031109619    990      0     27          43    210
     GPU 0  0.000  0.000  0.000  0.000  0.000  0.000  0.000  0.000               9280199               5776268           0           0       0.000       0.000      78.632        6031109619    990      0     27          43    210
     GPU 0  0.000  0.000  0.000  0.000  0.000  0.000  0.000  0.000               5593948               3966090           0           0       0.000       0.000      78.632        6031109619    990      0     27          43    210
     GPU 0  0.000  0.000  0.000  0.000  0.000  0.000  0.000  0.000               7025926               4316787           0           0       0.000       0.000      78.632        6031109619    990      0     27          43    210
     GPU 0  0.000  0.000  0.000  0.000  0.000  0.000  0.000  0.000               7025926               4316787           0           0       0.000       0.000      78.632        6031117532    990      0     27          43    210

# Entity  GRACT  SMACT  SMOCC  TENSO  DRAMA  FP64A  FP32A  FP16A                 PCITX                 PCIRX       GPUTL       MCUTL       MUSAM       GUSAM       POWER             TOTEC  SACLK  PSTAT  TMPTR       MMTMP  SMCLK
      Id                                                                                                                                                               W                mJ                    C           C       
     GPU 0  0.000  0.000  0.000  0.000  0.000  0.000  0.000  0.000               7991663               5530145           0           0       0.000       0.000      78.632        6031117532    990      0     27          43    210
     GPU 0  0.000  0.000  0.000  0.000  0.000  0.000  0.000  0.000               1448299                288740           0           0       0.000       0.000      78.632        6031117532    990      0     27          43    210
     GPU 0  0.000  0.000  0.000  0.000  0.000  0.000  0.000  0.000               3187810                274595           0           0       0.000       0.000      78.632        6031117532    990      0     27          43    210
     GPU 0  0.000  0.000  0.000  0.000  0.000  0.000  0.000  0.000               4097616               1723921           0           0       0.000       0.000      78.632        6031117532    990      0     27          43    210
     GPU 0  0.000  0.000  0.000  0.000  0.000  0.000  0.000  0.000               5384296               2328621           0           0       0.000       0.000      78.632        6031117532    990      0     27          43    210
     GPU 0  0.000  0.000  0.000  0.000  0.000  0.000  0.000  0.000               5384296               2328621           0           0       0.000       0.000      78.632        6031125502    990      0     27          43    210
     GPU 0  0.000  0.000  0.000  0.000  0.000  0.000  0.000  0.000               6654834               3843972           0           0       0.000       0.000      78.632        6031125502    990      0     27          43    210
     GPU 0  0.000  0.000  0.000  0.000  0.000  0.000  0.000  0.000              10046188               9113013           0           0       0.000       0.000      78.632        6031125502    990      0     27          43    210
     GPU 0  0.000  0.000  0.000  0.000  0.000  0.000  0.000  0.000              10046188               9113013           0           0       0.000       0.000      78.632        6031125502    990      0     27          43    210
     GPU 0  0.000  0.000  0.000  0.000  0.000  0.000  0.000  0.000               4092798               3751731           0           0       0.000       0.000      78.632        6031133403    990      0     27          43    210
     GPU 0  0.000  0.000  0.000  0.000  0.000  0.000  0.000  0.000               2046667              24319219           0           0       0.000       0.000      78.632        6031133403    990      0     27          43    210
     GPU 0  0.000  0.000  0.000  0.000  0.000  0.000  0.000  0.000               2046667              24319219           0           0       0.000       0.000      78.632        6031133403    990      0     27          43    210
     GPU 0  0.000  0.000  0.000  0.000  0.000  0.000  0.000  0.000              11999525              19649730           0           0       0.000       0.000      78.632        6031133403    990      0     27          43    210
     GPU 0  0.000  0.000  0.000  0.000  0.000  0.000  0.000  0.000               3258904               3503322           0           0       0.000       0.000      78.632        6031133403    990      0     27          43    210

# Entity  GRACT  SMACT  SMOCC  TENSO  DRAMA  FP64A  FP32A  FP16A                 PCITX                 PCIRX       GPUTL       MCUTL       MUSAM       GUSAM       POWER             TOTEC  SACLK  PSTAT  TMPTR       MMTMP  SMCLK
      Id                                                                                                                                                               W                mJ                    C           C       
     GPU 0  0.000  0.000  0.000  0.000  0.000  0.000  0.000  0.000               1738410               2235099           0           0       0.000       0.000      78.632        6031141322    990      0     27          43    210
     GPU 0  0.000  0.000  0.000  0.000  0.000  0.000  0.000  0.000               1738410               2235099           0           0       0.000       0.000      78.632        6031141322    990      0     27          43    210
     GPU 0  0.000  0.000  0.000  0.000  0.000  0.000  0.000  0.000               6502873               4370783           0           0       0.000       0.000      78.632        6031141322    990      0     27          43    210
     GPU 0  0.000  0.000  0.000  0.000  0.000  0.000  0.000  0.000                899903                553786           0           0       0.000       0.000      78.632        6031141322    990      0     27          43    210
     GPU 0  0.000  0.000  0.000  0.000  0.000  0.000  0.000  0.000               1666232               2582660           0           0       0.000       0.000      78.632        6031141322    990      0     27          43    210
     GPU 0  0.000  0.000  0.000  0.000  0.000  0.000  0.000  0.000               1666232               2582660           0           0       0.000       0.000      78.632        6031141322    990      0     27          43    210
     GPU 0  0.000  0.000  0.000  0.000  0.000  0.000  0.000  0.000               8063234               4899965           0           0       0.000       0.000      78.632        6031149260    990      0     27          43    210
     GPU 0  0.000  0.000  0.000  0.000  0.000  0.000  0.000  0.000               5075904               5075904           0           0       0.000       0.000      78.632        6031149260    990      0     27          43    210
     GPU 0  0.000  0.000  0.000  0.000  0.000  0.000  0.000  0.000               5075904               5075904           0           0       0.000       0.000      78.632        6031149260    990      0     27          43    210
     GPU 0  0.000  0.000  0.000  0.000  0.000  0.000  0.000  0.000               5075904               5075904           0           0       0.000       0.000      78.632        6031149260    990      0     27          43    210
     GPU 0  0.000  0.000  0.000  0.000  0.000  0.000  0.000  0.000               7565667               5754388           0           0       0.000       0.000      78.632        6031157234    990      0     27          43    210
     GPU 0  0.000  0.000  0.000  0.000  0.000  0.000  0.000  0.000               7565667               5754388           0           0       0.000       0.000      78.632        6031157234    990      0     27          43    210
     GPU 0  0.000  0.000  0.000  0.000  0.000  0.000  0.000  0.000              14715558               9131789           0           0       0.000       0.000      78.632        6031157234    990      0     27          43    210
     GPU 0  0.000  0.000  0.000  0.000  0.000  0.000  0.000  0.000              11749068             155467030           0           0       0.000       0.000      78.632        6031157234    990      0     27          43    210

# Entity  GRACT  SMACT  SMOCC  TENSO  DRAMA  FP64A  FP32A  FP16A                 PCITX                 PCIRX       GPUTL       MCUTL       MUSAM       GUSAM       POWER             TOTEC  SACLK  PSTAT  TMPTR       MMTMP  SMCLK
      Id                                                                                                                                                               W                mJ                    C           C       
     GPU 0  0.000  0.000  0.000  0.000  0.000  0.000  0.000  0.000              11749068             155467030           0           0       0.000       0.000      78.632        6031157234    990      0     27          43    210
     GPU 0  0.000  0.000  0.000  0.000  0.000  0.000  0.000  0.000               9750620              18266999           0           0       0.000       0.000      78.632        6031165121    990      0     27          43    210
     GPU 0  0.000  0.000  0.000  0.000  0.000  0.000  0.000  0.000               9802038              15201466           0           0       0.000       0.000      78.632        6031165121    990      0     27          43    990
     GPU 0  0.000  0.000  0.000  0.000  0.000  0.000  0.000  0.000               9802038              15201466           0           0       0.000       0.000      78.632        6031165121    990      0     27          43    990
     GPU 0  0.045  0.000  0.000  0.000  0.000  0.000  0.000  0.000              52793534             362710356           0           0       0.000       0.000      78.632        6031165121    990      0     27          43    990
     GPU 0  0.013  0.000  0.000  0.000  0.001  0.000  0.000  0.000             373294965            3287918422           0           0       0.000       0.000      78.632        6031165121    990      0     27          43    990
     GPU 0  0.633  0.000  0.000  0.000  0.002  0.000  0.000  0.000             294283831            2554285514           0           0       0.000       0.000     127.347        6031174092    990      0     27          43    990
     GPU 0  1.000  0.933  0.725  0.000  0.001  0.000  0.606  0.000              10071166               7021526           0           0       0.000       0.000     127.347        6031174092    990      0     28          43    990
     GPU 0  1.000  0.935  0.729  0.000  0.001  0.000  0.595  0.000              10586093               7488403           0           0       0.000       0.000     127.347        6031174092    990      0     28          43    990
     GPU 0  1.000  0.935  0.729  0.000  0.001  0.000  0.595  0.000              10586093               7488403           0           0       0.000       0.000     127.347        6031174092    990      0     29          43    990
     GPU 0  1.000  0.000  0.000  0.000  0.001  0.000  0.000  0.000               9986859               6365972           0           0       0.000       0.000     127.347        6031174092    990      0     30          43    990
     GPU 0  1.000  0.947  0.768  0.000  0.001  0.000  0.624  0.000               3509982               2821117           0           0       0.000       0.000     165.252        6031174092    990      0     30          43    990
     GPU 0  1.000  0.934  0.734  0.000  0.001  0.000  0.616  0.000              10787550               6444775          72           0       0.000      71.000     165.252        6031190377    990      0     30          44    990
     GPU 0  1.000  0.000  0.000  0.000  0.001  0.000  0.000  0.000              10504640               7618907          72           0       0.000      71.000     165.252        6031190377    990      0     30          43    990

# Entity  GRACT  SMACT  SMOCC  TENSO  DRAMA  FP64A  FP32A  FP16A                 PCITX                 PCIRX       GPUTL       MCUTL       MUSAM       GUSAM       POWER             TOTEC  SACLK  PSTAT  TMPTR       MMTMP  SMCLK
      Id                                                                                                                                                               W                mJ                    C           C       
     GPU 0  1.000  0.943  0.762  0.000  0.001  0.000  0.628  0.000              10808121               8079767          72           0       0.000      71.000     165.252        6031190377    990      0     31          44    990
     GPU 0  1.000  0.943  0.762  0.000  0.001  0.000  0.628  0.000              10808121               8079767          72           0       0.000      71.000     165.252        6031190377    990      0     31          43    990
     GPU 0  1.000  0.934  0.739  0.000  0.001  0.000  0.617  0.000               7256218               5661560          72           0       0.000      71.000     164.181        6031206986    990      0     31          43    990
     GPU 0  1.000  0.000  0.000  0.000  0.001  0.000  0.000  0.000               8416751               6277349          72           0       0.000      71.000     164.181        6031206986    990      0     31          43    990
     GPU 0  1.000  0.944  0.753  0.000  0.001  0.000  0.601  0.000               2089028               1482927          72           0       0.000      71.000     164.181        6031206986    990      0     31          43    990
     GPU 0  1.000  0.924  0.699  0.000  0.001  0.000  0.605  0.000               2175645               1276189          72           0       0.000      71.000     164.181        6031206986    990      0     31          44    990
     GPU 0  1.000  0.000  0.000  0.000  0.001  0.000  0.000  0.000               4210008               2711972          72           0       0.000      71.000     164.181        6031206986    990      0     31          43    990
     GPU 0  1.000  0.931  0.740  0.000  0.001  0.000  0.613  0.000               5366337               3118251          72           0       0.000      71.000     163.351        6031206986    990      0     31          43    990
     GPU 0  1.000  0.931  0.740  0.000  0.001  0.000  0.613  0.000               5366337               3118251         100           0       0.000      99.000     163.351        6031223553    990      0     31          43    990
     GPU 0  1.000  0.934  0.748  0.000  0.001  0.000  0.618  0.000               5345890               3814779         100           0       0.000      99.000     163.351        6031223553    990      0     31          43    990
     GPU 0  1.000  0.000  0.000  0.000  0.001  0.000  0.000  0.000               8986976               6381735         100           0       0.000      99.000     163.351        6031223553    990      0     31          43    990
     GPU 0  1.000  0.930  0.741  0.000  0.001  0.000  0.614  0.000              10165905               7365879         100           0       0.000      99.000     163.351        6031223553    990      0     32          43    990
     GPU 0  1.000  0.935  0.738  0.000  0.001  0.000  0.603  0.000              11173811               7821927         100           0       0.000      99.000     164.423        6031240080    990      0     32          43    990
     GPU 0  1.000  0.935  0.738  0.000  0.001  0.000  0.603  0.000              11173811               7821927         100           0       0.000      99.000     164.423        6031240080    990      0     32          43    990

# Entity  GRACT  SMACT  SMOCC  TENSO  DRAMA  FP64A  FP32A  FP16A                 PCITX                 PCIRX       GPUTL       MCUTL       MUSAM       GUSAM       POWER             TOTEC  SACLK  PSTAT  TMPTR       MMTMP  SMCLK
      Id                                                                                                                                                               W                mJ                    C           C       
     GPU 0  1.000  0.000  0.000  0.000  0.001  0.000  0.000  0.000              10488979               6957815         100           0       0.000      99.000     164.423        6031240080    990      0     32          43    990
     GPU 0  1.000  0.938  0.745  0.000  0.001  0.000  0.620  0.000               9876268               7461676         100           0       0.000      99.000     164.423        6031240080    990      0     32          43    990
     GPU 0  1.000  0.941  0.752  0.000  0.001  0.000  0.622  0.000               9635943               7164382         100           0       0.000      99.000     164.423        6031240080    990      0     32          43    990
     GPU 0  1.000  0.000  0.000  0.000  0.001  0.000  0.000  0.000               9565273               6868959         100           0       0.000      99.000     164.423        6031240080    990      0     32          43    990
     GPU 0  1.000  0.938  0.744  0.000  0.001  0.000  0.620  0.000              10830179               6832785         100           0       0.000      99.000     163.351        6031256705    990      0     32          43    990
     GPU 0  1.000  0.942  0.737  0.000  0.001  0.000  0.620  0.000              10696060               7788552         100           0       0.000      99.000     163.351        6031256705    990      0     32          43    990
     GPU 0  1.000  0.000  0.000  0.000  0.001  0.000  0.000  0.000              10620806               7754055         100           0       0.000      99.000     163.351        6031256705    990      0     32          43    990
     GPU 0  1.000  0.939  0.740  0.000  0.001  0.000  0.606  0.000              11376715               8073025         100           0       0.000      99.000     163.351        6031256705    990      0     32          44    990
     GPU 0  1.000  0.939  0.740  0.000  0.001  0.000  0.606  0.000              11376715               8073025         100           0       0.000      99.000     163.890        6031273246    990      0     32          43    990
     GPU 0  1.000  0.938  0.786  0.000  0.001  0.000  0.625  0.000               7426059               6177065         100           0       0.000      99.000     163.890        6031273246    990      0     32          43    990
     GPU 0  1.000  0.000  0.000  0.000  0.001  0.000  0.000  0.000               3386009               1477693         100           0       0.000      99.000     163.890        6031273246    990      0     32          44    990
     GPU 0  1.000  0.936  0.742  0.000  0.001  0.000  0.618  0.000               2050890               1318792         100           0       0.000      99.000     163.890        6031273246    990      0     32          43    990
     GPU 0  1.000  0.917  0.704  0.000  0.001  0.000  0.600  0.000               2340340               1528467         100           0       0.000      99.000     163.890        6031273246    990      0     32          44    990
     GPU 0  1.000  0.000  0.000  0.000  0.001  0.000  0.000  0.000               4653428               2860897         100           0       0.000      99.000     163.890        6031273246    990      0     32          43    990

# Entity  GRACT  SMACT  SMOCC  TENSO  DRAMA  FP64A  FP32A  FP16A                 PCITX                 PCIRX       GPUTL       MCUTL       MUSAM       GUSAM       POWER             TOTEC  SACLK  PSTAT  TMPTR       MMTMP  SMCLK
      Id                                                                                                                                                               W                mJ                    C           C       
     GPU 0  1.000  0.000  0.000  0.000  0.001  0.000  0.000  0.000               4653428               2860897         100           0       0.000      99.000     163.890        6031289922    990      0     32          44    990
     GPU 0  1.000  0.936  0.756  0.000  0.001  0.000  0.618  0.000               6955899               4277742         100           0       0.000      99.000     163.890        6031289922    990      0     32          44    990
     GPU 0  1.000  0.932  0.756  0.000  0.001  0.000  0.613  0.000               7302338               4865611         100           0       0.000      99.000     163.890        6031289922    990      0     33          44    990
     GPU 0  1.000  0.000  0.000  0.000  0.001  0.000  0.000  0.000               7922974               5329152         100           0       0.000      99.000     163.890        6031289922    990      0     33          44    990
     GPU 0  1.000  0.947  0.752  0.000  0.001  0.000  0.606  0.000              10673490               7537382         100           0       0.000      99.000     164.181        6031306422    990      0     33          43    990
     GPU 0  1.000  0.947  0.752  0.000  0.001  0.000  0.606  0.000              10673490               7537382         100           0       0.000      99.000     164.181        6031306422    990      0     33          43    990
     GPU 0  1.000  0.935  0.734  0.000  0.001  0.000  0.616  0.000               7180306               5377756         100           0       0.000      99.000     164.181        6031306422    990      0     33          44    990
     GPU 0  1.000  0.000  0.000  0.000  0.001  0.000  0.000  0.000               9597713               7474269         100           0       0.000      99.000     164.181        6031306422    990      0     33          44    990
     GPU 0  1.000  0.948  0.761  0.000  0.001  0.000  0.630  0.000               9964248               7563875         100           0       0.000      99.000     164.181        6031306422    990      0     33          44    990
     GPU 0  1.000  0.939  0.752  0.000  0.001  0.000  0.622  0.000              11054552               8019391         100           0       0.000      99.000     164.181        6031306422    990      0     33          44    990
     GPU 0  1.000  0.000  0.000  0.000  0.001  0.000  0.000  0.000              10571906               6166438         100           0       0.000      99.000     163.890        6031322982    990      0     33          44    990
     GPU 0  1.000  0.938  0.739  0.000  0.001  0.000  0.597  0.000              11375291               8383602         100           0       0.000      99.000     163.890        6031322982    990      0     33          44    990
     GPU 0  1.000  0.945  0.755  0.000  0.001  0.000  0.605  0.000              10966492               7731859         100           0       0.000      99.000     163.890        6031322982    990      0     33          44    990
     GPU 0  1.000  0.945  0.755  0.000  0.001  0.000  0.605  0.000              10966492               7731859         100           0       0.000      99.000     163.890        6031322982    990      0     33          44    990

# Entity  GRACT  SMACT  SMOCC  TENSO  DRAMA  FP64A  FP32A  FP16A                 PCITX                 PCIRX       GPUTL       MCUTL       MUSAM       GUSAM       POWER             TOTEC  SACLK  PSTAT  TMPTR       MMTMP  SMCLK
      Id                                                                                                                                                               W                mJ                    C           C       
     GPU 0  1.000  0.000  0.000  0.000  0.001  0.000  0.000  0.000               9572885               6865373         100           0       0.000      99.000     163.890        6031339594    990      0     33          44    990
     GPU 0  1.000  0.933  0.750  0.000  0.001  0.000  0.616  0.000               8238604               5135876         100           0       0.000      99.000     163.890        6031339594    990      0     33          44    990
     GPU 0  1.000  0.930  0.725  0.000  0.001  0.000  0.609  0.000               3289879               2810512         100           0       0.000      99.000     163.890        6031339594    990      0     33          44    990
     GPU 0  1.000  0.000  0.000  0.000  0.001  0.000  0.000  0.000               2333420               1273231         100           0       0.000      99.000     163.890        6031339594    990      0     33          44    990
     GPU 0  1.000  0.939  0.753  0.000  0.001  0.000  0.621  0.000               3505837               1240021         100           0       0.000      99.000     163.890        6031339594    990      0     33          44    990
     GPU 0  1.000  0.939  0.753  0.000  0.001  0.000  0.621  0.000               3505837               1240021         100           0       0.000      99.000     163.649        6031339594    990      0     33          44    990
     GPU 0  1.000  0.938  0.726  0.000  0.001  0.000  0.614  0.000               5345450               3112326         100           0       0.000      99.000     163.649        6031356166    990      0     33          44    990
     GPU 0  1.000  0.000  0.000  0.000  0.001  0.000  0.000  0.000               6964576               4748651         100           0       0.000      99.000     163.649        6031356166    990      0     33          44    990
     GPU 0  1.000  0.942  0.760  0.000  0.001  0.000  0.604  0.000               9025617               6785739         100           0       0.000      99.000     163.649        6031356166    990      0     33          44    990
     GPU 0  1.000  0.936  0.756  0.000  0.001  0.000  0.620  0.000               7882264               6162508         100           0       0.000      99.000     163.649        6031356166    990      0     33          44    990
     GPU 0  1.000  0.936  0.756  0.000  0.001  0.000  0.620  0.000               7882264               6162508         100           0       0.000      99.000     165.784        6031372935    990      0     33          44    990
     GPU 0  1.000  0.000  0.000  0.000  0.001  0.000  0.000  0.000               8375345               6475782         100           0       0.000      99.000     165.784        6031372935    990      0     33          44    990
     GPU 0  1.000  0.937  0.742  0.000  0.001  0.000  0.619  0.000              10859151               8134171         100           0       0.000      99.000     165.784        6031372935    990      0     33          44    990
     GPU 0  1.000  0.945  0.744  0.000  0.001  0.000  0.594  0.000               7862537               5797450         100           0       0.000      99.000     165.784        6031372935    990      0     33          44    990

# Entity  GRACT  SMACT  SMOCC  TENSO  DRAMA  FP64A  FP32A  FP16A                 PCITX                 PCIRX       GPUTL       MCUTL       MUSAM       GUSAM       POWER             TOTEC  SACLK  PSTAT  TMPTR       MMTMP  SMCLK
      Id                                                                                                                                                               W                mJ                    C           C       
     GPU 0  1.000  0.000  0.000  0.000  0.001  0.000  0.000  0.000               3546856                818425         100           0       0.000      99.000     165.784        6031372935    990      0     33          44    990
     GPU 0  1.000  0.939  0.757  0.000  0.001  0.000  0.608  0.000               4081817               1560834         100           0       0.000      99.000     166.323        6031372935    990      0     33          44    990
     GPU 0  1.000  0.939  0.757  0.000  0.001  0.000  0.608  0.000               4081817               1560834         100           0       0.000      99.000     166.323        6031389871    990      0     33          44    990
     GPU 0  1.000  0.927  0.771  0.000  0.001  0.000  0.610  0.000               5252506               3382511         100           0       0.000      99.000     166.323        6031389871    990      0     33          44    990
     GPU 0  1.000  0.000  0.000  0.000  0.001  0.000  0.000  0.000               6135900               4640763         100           0       0.000      99.000     166.323        6031389871    990      0     33          44    990
     GPU 0  1.000  0.934  0.737  0.000  0.001  0.000  0.616  0.000               7981283               6224522         100           0       0.000      99.000     166.323        6031389871    990      0     33          44    990
     GPU 0  1.000  0.934  0.737  0.000  0.001  0.000  0.616  0.000               7981283               6224522         100           0       0.000      99.000     166.614        6031406558    990      0     33          44    990
     GPU 0  1.000  0.941  0.758  0.000  0.001  0.000  0.619  0.000               6210077               4710900         100           0       0.000      99.000     166.614        6031406558    990      0     33          44    990
     GPU 0  1.000  0.000  0.000  0.000  0.001  0.000  0.000  0.000               3182205               1240737         100           0       0.000      99.000     166.614        6031406558    990      0     33          44    990
     GPU 0  1.000  0.935  0.747  0.000  0.001  0.000  0.618  0.000               2290967               1151165         100           0       0.000      99.000     166.614        6031406558    990      0     33          44    990
     GPU 0  1.000  0.933  0.758  0.000  0.001  0.000  0.618  0.000               4614566               3273167         100           0       0.000      99.000     166.614        6031406558    990      0     33          44    990
     GPU 0  1.000  0.933  0.758  0.000  0.001  0.000  0.618  0.000               4614566               3273167         100           0       0.000      99.000     166.614        6031406558    990      0     33          44    990
     GPU 0  1.000  0.000  0.000  0.000  0.001  0.000  0.000  0.000               8415966               5947384         100           0       0.000      99.000     165.252        6031423407    990      0     33          44    990
     GPU 0  1.000  0.938  0.758  0.000  0.001  0.000  0.600  0.000               3601438               3517632         100           0       0.000      99.000     165.252        6031423407    990      0     33          44    990

# Entity  GRACT  SMACT  SMOCC  TENSO  DRAMA  FP64A  FP32A  FP16A                 PCITX                 PCIRX       GPUTL       MCUTL       MUSAM       GUSAM       POWER             TOTEC  SACLK  PSTAT  TMPTR       MMTMP  SMCLK
      Id                                                                                                                                                               W                mJ                    C           C       
     GPU 0  1.000  0.938  0.758  0.000  0.001  0.000  0.600  0.000               3601438               3517632         100           0       0.000      99.000     165.252        6031423407    990      0     33          44    990
     GPU 0  1.000  0.922  0.747  0.000  0.001  0.000  0.610  0.000               6291607               5317219         100           0       0.000      99.000     165.252        6031423407    990      0     33          44    990
     GPU 0  1.000  0.000  0.000  0.000  0.001  0.000  0.000  0.000               1172584               1088828         100           0       0.000      99.000     166.614        6031440092    990      0     33          44    990
     GPU 0  1.000  0.936  0.720  0.000  0.001  0.000  0.581  0.000               6445512               5991013         100           0       0.000      99.000     166.614        6031440092    990      0     34          44    990
     GPU 0  1.000  0.000  0.000  0.000  0.001  0.000  0.000  0.000               3382212               1243629         100           0       0.000      99.000     166.614        6031440092    990      0     34          44    990
     GPU 0  1.000  0.937  0.760  0.000  0.001  0.000  0.598  0.000               2381643               1485323         100           0       0.000      99.000     166.614        6031440092    990      0     34          44    990
     GPU 0  1.000  0.943  0.735  0.000  0.001  0.000  0.627  0.000               4636765               2880324         100           0       0.000      99.000     166.614        6031440092    990      0     34          44    990
     GPU 0  1.000  0.943  0.735  0.000  0.001  0.000  0.627  0.000               4636765               2880324         100           0       0.000      99.000     166.614        6031440092    990      0     34          44    990
     GPU 0  1.000  0.000  0.000  0.000  0.001  0.000  0.000  0.000               7496772               5021408         100           0       0.000      99.000     166.614        6031456999    990      0     34          44    990
     GPU 0  1.000  0.931  0.737  0.000  0.001  0.000  0.613  0.000              10045917               6563911         100           0       0.000      99.000     166.614        6031456999    990      0     34          44    990
     GPU 0  1.000  0.936  0.754  0.000  0.001  0.000  0.619  0.000               9808512               7419817         100           0       0.000      99.000     166.614        6031456999    990      0     34          44    990
     GPU 0  1.000  0.936  0.754  0.000  0.001  0.000  0.619  0.000               9808512               7419817         100           0       0.000      99.000     166.614        6031456999    990      0     34          44    990
     GPU 0  1.000  0.000  0.000  0.000  0.001  0.000  0.000  0.000               8921097               6951372         100           0       0.000      99.000     166.904        6031473686    990      0     34          44    990
     GPU 0  1.000  0.942  0.756  0.000  0.001  0.000  0.625  0.000               6032482               5412979         100           0       0.000      99.000     166.904        6031473686    990      0     34          44    990

# Entity  GRACT  SMACT  SMOCC  TENSO  DRAMA  FP64A  FP32A  FP16A                 PCITX                 PCIRX       GPUTL       MCUTL       MUSAM       GUSAM       POWER             TOTEC  SACLK  PSTAT  TMPTR       MMTMP  SMCLK
      Id                                                                                                                                                               W                mJ                    C           C       
     GPU 0  1.000  0.919  0.792  0.000  0.001  0.000  0.616  0.000               3461518               1493513         100           0       0.000      99.000     166.904        6031473686    990      0     34          44    990
     GPU 0  1.000  0.000  0.000  0.000  0.001  0.000  0.000  0.000               2292603               1152215         100           0       0.000      99.000     166.904        6031473686    990      0     34          44    990
     GPU 0  1.000  0.000  0.000  0.000  0.001  0.000  0.000  0.000               2292603               1152215         100           0       0.000      99.000     166.904        6031473686    990      0     34          44    990
     GPU 0  1.000  0.938  0.743  0.000  0.001  0.000  0.620  0.000               4576604               3069669         100           0       0.000      99.000     166.904        6031473686    990      0     34          44    990
     GPU 0  1.000  0.936  0.758  0.000  0.001  0.000  0.599  0.000               8188182               5769735         100           0       0.000      99.000     165.784        6031490671    990      0     34          44    990
     GPU 0  1.000  0.000  0.000  0.000  0.001  0.000  0.000  0.000              10676379               7783923         100           0       0.000      99.000     165.784        6031490671    990      0     34          44    990
     GPU 0  1.000  0.939  0.735  0.000  0.001  0.000  0.596  0.000               9459029               7462901         100           0       0.000      99.000     165.784        6031490671    990      0     34          44    990
     GPU 0  1.000  0.938  0.749  0.000  0.001  0.000  0.620  0.000              10227348               7539863         100           0       0.000      99.000     165.784        6031490671    990      0     34          44    990
     GPU 0  1.000  0.938  0.749  0.000  0.001  0.000  0.620  0.000              10227348               7539863         100           0       0.000      99.000     166.082        6031507200    990      0     34          44    990
     GPU 0  1.000  0.000  0.000  0.000  0.001  0.000  0.000  0.000               6541416               5300377         100           0       0.000      99.000     166.082        6031507200    990      0     34          44    990
     GPU 0  1.000  0.939  0.744  0.000  0.001  0.000  0.620  0.000               3421719               1475558         100           0       0.000      99.000     166.082        6031507200    990      0     34          44    990
     GPU 0  1.000  0.949  0.795  0.000  0.001  0.000  0.637  0.000               2212343               1273583         100           0       0.000      99.000     166.082        6031507200    990      0     34          44    990
     GPU 0  1.000  0.000  0.000  0.000  0.001  0.000  0.000  0.000               4363114               2770231         100           0       0.000      99.000     166.082        6031507200    990      0     34          44    990
     GPU 0  1.000  0.000  0.000  0.000  0.001  0.000  0.000  0.000               4363114               2770231         100           0       0.000      99.000     166.082        6031507200    990      0     34          44    990

# Entity  GRACT  SMACT  SMOCC  TENSO  DRAMA  FP64A  FP32A  FP16A                 PCITX                 PCIRX       GPUTL       MCUTL       MUSAM       GUSAM       POWER             TOTEC  SACLK  PSTAT  TMPTR       MMTMP  SMCLK
      Id                                                                                                                                                               W                mJ                    C           C       
     GPU 0  1.000  0.939  0.757  0.000  0.001  0.000  0.624  0.000               7085406               4642944         100           0       0.000      99.000     166.323        6031524174    990      0     34          44    990
     GPU 0  1.000  0.940  0.756  0.000  0.001  0.000  0.623  0.000               8776609               5759303         100           0       0.000      99.000     166.323        6031524174    990      0     34          44    990
     GPU 0  1.000  0.000  0.000  0.000  0.001  0.000  0.000  0.000               9704707               7383363         100           0       0.000      99.000     166.323        6031524174    990      0     34          44    990
     GPU 0  1.000  0.000  0.000  0.000  0.001  0.000  0.000  0.000               9704707               7383363         100           0       0.000      99.000     166.323        6031524174    990      0     34          44    990
     GPU 0  1.000  0.939  0.743  0.000  0.001  0.000  0.620  0.000               4733059               4188788         100           0       0.000      99.000     164.423        6031540626    990      0     34          44    990
     GPU 0  1.000  0.930  0.718  0.000  0.001  0.000  0.609  0.000               5945800               5308401         100           0       0.000      99.000     164.423        6031540626    990      0     34          44    990
     GPU 0  1.000  0.000  0.000  0.000  0.001  0.000  0.000  0.000               3421242               1242544         100           0       0.000      99.000     164.423        6031540626    990      0     34          44    990
     GPU 0  1.000  0.940  0.756  0.000  0.001  0.000  0.623  0.000               4670144               2603663         100           0       0.000      99.000     164.423        6031540626    990      0     34          45    990
     GPU 0  1.000  0.933  0.716  0.000  0.001  0.000  0.612  0.000               4765901               3288418         100           0       0.000      99.000     164.423        6031540626    990      0     34          44    990
     GPU 0  1.000  0.933  0.716  0.000  0.001  0.000  0.612  0.000               4765901               3288418         100           0       0.000      99.000     164.423        6031540626    990      0     34          44    990
     GPU 0  1.000  0.000  0.000  0.000  0.001  0.000  0.000  0.000               7988853               5716919         100           0       0.000      99.000     163.649        6031557319    990      0     34          44    990
     GPU 0  1.000  0.941  0.744  0.000  0.001  0.000  0.620  0.000              10605902               7343202         100           0       0.000      99.000     163.649        6031557319    990      0     34          44    990
     GPU 0  1.000  0.941  0.753  0.000  0.001  0.000  0.604  0.000               7689150               6394228         100           0       0.000      99.000     163.649        6031557319    990      0     34          44    990
     GPU 0  1.000  0.941  0.753  0.000  0.001  0.000  0.604  0.000               7689150               6394228         100           0       0.000      99.000     163.649        6031557319    990      0     34          44    990

# Entity  GRACT  SMACT  SMOCC  TENSO  DRAMA  FP64A  FP32A  FP16A                 PCITX                 PCIRX       GPUTL       MCUTL       MUSAM       GUSAM       POWER             TOTEC  SACLK  PSTAT  TMPTR       MMTMP  SMCLK
      Id                                                                                                                                                               W                mJ                    C           C       
     GPU 0  1.000  0.000  0.000  0.000  0.001  0.000  0.000  0.000               7426872               5151504         100           0       0.000      99.000     164.720        6031573778    990      0     34          44    990
     GPU 0  1.000  0.942  0.751  0.000  0.002  0.000  0.623  0.000               5173313               2673810         100           0       0.000      99.000     164.720        6031573778    990      0     34          44    990
     GPU 0  1.000  0.947  0.729  0.000  0.001  0.000  0.621  0.000               3417709               1241935         100           0       0.000      99.000     164.720        6031573778    990      0     34          44    990
     GPU 0  1.000  0.000  0.000  0.000  0.001  0.000  0.000  0.000               4824905               2921066         100           0       0.000      99.000     164.720        6031573778    990      0     34          44    990
     GPU 0  1.000  0.944  0.748  0.000  0.001  0.000  0.607  0.000               6288286               4425624         100           0       0.000      99.000     164.720        6031573778    990      0     34          44    990
     GPU 0  1.000  0.944  0.748  0.000  0.001  0.000  0.607  0.000               6288286               4425624         100           0       0.000      99.000     164.720        6031573778    990      0     34          44    990
     GPU 0  1.000  0.953  0.747  0.000  0.001  0.000  0.629  0.000               7647848               5134701         100           0       0.000      99.000     164.181        6031590512    990      0     34          45    990
     GPU 0  1.000  0.000  0.000  0.000  0.001  0.000  0.000  0.000              10103374               7092109         100           0       0.000      99.000     164.181        6031590512    990      0     34          44    990
     GPU 0  1.000  0.943  0.763  0.000  0.001  0.000  0.625  0.000               9226956               7031980         100           0       0.000      99.000     164.181        6031590512    990      0     34          44    990
     GPU 0  1.000  0.943  0.763  0.000  0.001  0.000  0.625  0.000               9226956               7031980         100           0       0.000      99.000     164.181        6031590512    990      0     34          44    990
     GPU 0  1.000  0.935  0.744  0.000  0.001  0.000  0.618  0.000               8183508               6513388         100           0       0.000      99.000     164.181        6031606965    990      0     34          44    990
     GPU 0  1.000  0.000  0.000  0.000  0.001  0.000  0.000  0.000               8653356               5638431         100           0       0.000      99.000     164.181        6031606965    990      0     34          45    990
     GPU 0  1.000  0.936  0.732  0.000  0.002  0.000  0.595  0.000               1339949               1423696         100           0       0.000      99.000     164.181        6031606965    990      0     34          44    990
     GPU 0  1.000  0.000  0.000  0.000  0.001  0.000  0.000  0.000               8126154               5848152         100           0       0.000      99.000     164.181        6031606965    990      0     34          44    990

# Entity  GRACT  SMACT  SMOCC  TENSO  DRAMA  FP64A  FP32A  FP16A                 PCITX                 PCIRX       GPUTL       MCUTL       MUSAM       GUSAM       POWER             TOTEC  SACLK  PSTAT  TMPTR       MMTMP  SMCLK
      Id                                                                                                                                                               W                mJ                    C           C       
     GPU 0  1.000  0.939  0.758  0.000  0.001  0.000  0.622  0.000               7240574               5984998         100           0       0.000      99.000     164.181        6031606965    990      0     34          44    990
     GPU 0  1.000  0.999  0.821  0.000  0.001  0.000  0.679  0.000               3510581                651911         100           0       0.000      99.000     164.181        6031606965    990      0     34          44    990
     GPU 0  1.000  0.999  0.821  0.000  0.001  0.000  0.679  0.000               3510581                651911         100           0       0.000      99.000     166.323        6031624014    990      0     34          44    990
     GPU 0  1.000  0.000  0.000  0.000  0.001  0.000  0.000  0.000               4106104               1407396         100           0       0.000      99.000     166.323        6031624014    990      0     34          44    990
     GPU 0  1.000  0.936  0.753  0.000  0.001  0.000  0.612  0.000               5893590               2928584         100           0       0.000      99.000     166.323        6031624014    990      0     34          45    990
     GPU 0  1.000  0.951  0.765  0.000  0.001  0.000  0.629  0.000              10353683               6654410         100           0       0.000      99.000     166.323        6031624014    990      0     34          45    990
     GPU 0  1.000  0.000  0.000  0.000  0.001  0.000  0.000  0.000               6962315               4621660         100           0       0.000      99.000     166.614        6031640551    990      0     34          45    990
     GPU 0  1.000  0.939  0.761  0.000  0.001  0.000  0.623  0.000               8980791               5718328         100           0       0.000      99.000     166.614        6031640551    990      0     34          44    990
     GPU 0  1.000  0.946  0.758  0.000  0.001  0.000  0.629  0.000              10676535               8205742         100           0       0.000      99.000     166.614        6031640551    990      0     34          44    990
     GPU 0  1.000  0.946  0.758  0.000  0.001  0.000  0.629  0.000              10676535               8205742         100           0       0.000      99.000     166.614        6031640551    990      0     34          44    990
     GPU 0  1.000  0.000  0.000  0.000  0.001  0.000  0.000  0.000              10267023               7939696         100           0       0.000      99.000     166.614        6031640551    990      0     34          44    990
     GPU 0  1.000  0.933  0.742  0.000  0.001  0.000  0.617  0.000              10403334               7727894         100           0       0.000      99.000     165.542        6031640551    990      0     34          44    990
     GPU 0  1.000  0.939  0.750  0.000  0.001  0.000  0.620  0.000               7256777               5624573         100           0       0.000      99.000     165.542        6031657503    990      0     34          44    990
     GPU 0  1.000  0.939  0.750  0.000  0.001  0.000  0.620  0.000               7256777               5624573         100           0       0.000      99.000     165.542        6031657503    990      0     34          45    990

# Entity  GRACT  SMACT  SMOCC  TENSO  DRAMA  FP64A  FP32A  FP16A                 PCITX                 PCIRX       GPUTL       MCUTL       MUSAM       GUSAM       POWER             TOTEC  SACLK  PSTAT  TMPTR       MMTMP  SMCLK
      Id                                                                                                                                                               W                mJ                    C           C       
     GPU 0  1.000  0.000  0.000  0.000  0.001  0.000  0.000  0.000               7473691               5222755         100           0       0.000      99.000     165.542        6031657503    990      0     34          45    990
     GPU 0  1.000  0.941  0.756  0.000  0.001  0.000  0.624  0.000               7846228               5454459         100           0       0.000      99.000     165.542        6031657503    990      0     34          45    990
     GPU 0  1.000  0.983  0.774  0.000  0.001  0.000  0.655  0.000               3194866                903288         100           0       0.000      99.000     165.542        6031674128    990      0     34          45    990
     GPU 0  1.000  0.000  0.000  0.000  0.001  0.000  0.000  0.000               1174053               1174053         100           0       0.000      99.000     166.614        6031674128    990      0     34          45    990
     GPU 0  1.000  0.958  0.774  0.000  0.001  0.000  0.633  0.000               3661936               1202392         100           0       0.000      99.000     166.614        6031674128    990      0     34          44    990
     GPU 0  1.000  0.000  0.000  0.000  0.001  0.000  0.000  0.000               4601907               2835760         100           0       0.000      99.000     166.614        6031674128    990      0     34          45    990
     GPU 0  1.000  0.000  0.000  0.000  0.001  0.000  0.000  0.000               4601907               2835760         100           0       0.000      99.000     166.614        6031674128    990      0     34          45    990
     GPU 0  1.000  0.943  0.760  0.000  0.001  0.000  0.621  0.000               5470945               3907817         100           0       0.000      99.000     166.904        6031674128    990      0     34          45    990
     GPU 0  1.000  0.935  0.742  0.000  0.001  0.000  0.618  0.000               7039407               5628492         100           0       0.000      99.000     166.904        6031691045    990      0     34          45    990
     GPU 0  1.000  0.000  0.000  0.000  0.001  0.000  0.000  0.000               7165768               5950525         100           0       0.000      99.000     166.904        6031691045    990      0     34          45    990
     GPU 0  1.000  0.000  0.000  0.000  0.001  0.000  0.000  0.000               7165768               5950525         100           0       0.000      99.000     166.904        6031691045    990      0     34          45    990
     GPU 0  1.000  0.942  0.751  0.000  0.001  0.000  0.622  0.000               8013330               5398238         100           0       0.000      99.000     166.904        6031691045    990      0     34          45    990
     GPU 0  1.000  0.952  0.753  0.000  0.001  0.000  0.632  0.000               6448380               5117371         100           0       0.000      99.000     166.323        6031707859    990      0     34          45    990
     GPU 0  1.000  0.000  0.000  0.000  0.001  0.000  0.000  0.000               5276979               2129594         100           0       0.000      99.000     166.323        6031707859    990      0     34          44    990

# Entity  GRACT  SMACT  SMOCC  TENSO  DRAMA  FP64A  FP32A  FP16A                 PCITX                 PCIRX       GPUTL       MCUTL       MUSAM       GUSAM       POWER             TOTEC  SACLK  PSTAT  TMPTR       MMTMP  SMCLK
      Id                                                                                                                                                               W                mJ                    C           C       
     GPU 0  1.000  0.942  0.748  0.000  0.001  0.000  0.622  0.000               6108083               2964002         100           0       0.000      99.000     166.323        6031707859    990      0     34          45    990
     GPU 0  1.000  0.934  0.741  0.000  0.001  0.000  0.620  0.000               6107864               3804645         100           0       0.000      99.000     166.323        6031707859    990      0     34          45    990
     GPU 0  1.000  0.934  0.741  0.000  0.001  0.000  0.620  0.000               6107864               3804645         100           0       0.000      99.000     166.323        6031707859    990      0     34          45    990
     GPU 0  1.000  0.000  0.000  0.000  0.001  0.000  0.000  0.000               7583916               5237718         100           0       0.000      99.000     166.323        6031707859    990      0     34          45    990
     GPU 0  1.000  0.938  0.747  0.000  0.001  0.000  0.621  0.000              10420961               7547690         100           0       0.000      99.000     166.904        6031724800    990      0     34          45    990
     GPU 0  1.000  0.938  0.747  0.000  0.001  0.000  0.621  0.000              10420961               7547690         100           0       0.000      99.000     166.904        6031724800    990      0     34          44    990
     GPU 0  1.000  0.945  0.774  0.000  0.001  0.000  0.607  0.000               3142983               3268700         100           0       0.000      99.000     166.904        6031724800    990      0     34          45    990
     GPU 0  1.000  0.000  0.000  0.000  0.001  0.000  0.000  0.000               3386206               1202427         100           0       0.000      99.000     166.904        6031724800    990      0     34          45    990
     GPU 0  1.000  0.929  0.738  0.000  0.001  0.000  0.613  0.000               3386264               1202725         100           0       0.000      99.000     166.904        6031741488    990      0     34          45    990
     GPU 0  1.000  0.944  0.727  0.000  0.001  0.000  0.619  0.000               5779772               2904759         100           0       0.000      99.000     165.784        6031741488    990      0     34          45    990
     GPU 0  1.000  0.000  0.000  0.000  0.001  0.000  0.000  0.000               7898044               4936593         100           0       0.000      99.000     165.784        6031741488    990      0     34          45    990
     GPU 0  1.000  0.000  0.000  0.000  0.001  0.000  0.000  0.000               7898044               4936593         100           0       0.000      99.000     165.784        6031741488    990      0     34          45    990
     GPU 0  1.000  0.936  0.745  0.000  0.001  0.000  0.596  0.000               9378723               6344981         100           0       0.000      99.000     165.784        6031741488    990      0     34          45    990
     GPU 0  1.000  0.937  0.750  0.000  0.001  0.000  0.619  0.000               6622892               5323434         100           0       0.000      99.000     165.784        6031758297    990      0     34          45    990

# Entity  GRACT  SMACT  SMOCC  TENSO  DRAMA  FP64A  FP32A  FP16A                 PCITX                 PCIRX       GPUTL       MCUTL       MUSAM       GUSAM       POWER             TOTEC  SACLK  PSTAT  TMPTR       MMTMP  SMCLK
      Id                                                                                                                                                               W                mJ                    C           C       
     GPU 0  1.000  0.000  0.000  0.000  0.001  0.000  0.000  0.000               1506291               1004194         100           0       0.000      99.000     167.153        6031758297    990      0     34          45    990
     GPU 0  1.000  0.000  0.000  0.000  0.001  0.000  0.000  0.000               1506291               1004194         100           0       0.000      99.000     167.153        6031758297    990      0     34          45    990
     GPU 0  1.000  0.938  0.764  0.000  0.001  0.000  0.603  0.000               7764126               5873947         100           0       0.000      99.000     167.153        6031758297    990      0     34          45    990
     GPU 0  1.000  0.000  0.000  0.000  0.001  0.000  0.000  0.000               9599380               6871401         100           0       0.000      99.000     167.153        6031758297    990      0     34          45    990
     GPU 0  1.000  0.940  0.755  0.000  0.001  0.000  0.621  0.000              10662085               7684229         100           0       0.000      99.000     167.153        6031758297    990      0     34          45    990
     GPU 0  1.000  0.923  0.708  0.000  0.001  0.000  0.605  0.000              12233408               9996094         100           0       0.000      99.000     166.614        6031775280    990      0     34          45    990
     GPU 0  1.000  0.000  0.000  0.000  0.001  0.000  0.000  0.000               3552446               1285765         100           0       0.000      99.000     166.614        6031775280    990      0     34          45    990
     GPU 0  1.000  0.000  0.000  0.000  0.001  0.000  0.000  0.000               3552446               1285765         100           0       0.000      99.000     166.614        6031775280    990      0     34          45    990
     GPU 0  1.000  0.941  0.748  0.000  0.001  0.000  0.623  0.000               4621253               2869581         100           0       0.000      99.000     166.614        6031775280    990      0     34          45    990
     GPU 0  0.878  0.706  0.544  0.000  0.001  0.000  0.443  0.000             332266499               3620084         100           0       0.000      99.000     127.736        6031775280    990      0     34          45    990
     GPU 0  0.000  0.000  0.000  0.000  0.000  0.000  0.000  0.000               3517619               2595496          92           0       0.000      91.000     127.736        6031791686    990      0     34          45    990
     GPU 0  0.000  0.000  0.000  0.000  0.000  0.000  0.000  0.000               3517619               2595496          92           0       0.000      91.000     127.736        6031791686    990      0     33          44    990
     GPU 0  0.000  0.000  0.000  0.000  0.000  0.000  0.000  0.000               8057821               4783601          92           0       0.000      91.000     127.736        6031791686    990      0     32          44    990
     GPU 0  0.000  0.000  0.000  0.000  0.000  0.000  0.000  0.000               9422907               5554785          92           0       0.000      91.000     127.736        6031791686    990      0     32          45    990

# Entity  GRACT  SMACT  SMOCC  TENSO  DRAMA  FP64A  FP32A  FP16A                 PCITX                 PCIRX       GPUTL       MCUTL       MUSAM       GUSAM       POWER             TOTEC  SACLK  PSTAT  TMPTR       MMTMP  SMCLK
      Id                                                                                                                                                               W                mJ                    C           C       
     GPU 0  0.000  0.000  0.000  0.000  0.000  0.000  0.000  0.000              10188864               6037967          92           0       0.000      91.000     127.736        6031800783    990      0     31          45    990
     GPU 0  0.000  0.000  0.000  0.000  0.000  0.000  0.000  0.000              10741050               6096680          92           0       0.000      91.000      87.303        6031800783    990      0     31          44    990
     GPU 0  0.000  0.000  0.000  0.000  0.000  0.000  0.000  0.000               3030128                275466          92           0       0.000      91.000      87.303        6031800783    990      0     31          45    990
     GPU 0  0.000  0.000  0.000  0.000  0.000  0.000  0.000  0.000               6743563               2252074          92           0       0.000      91.000      87.303        6031800783    990      0     31          45    990
     GPU 0  0.000  0.000  0.000  0.000  0.000  0.000  0.000  0.000               6743563               2252074          92           0       0.000      91.000      87.303        6031800783    990      0     31          45    990
     GPU 0  0.000  0.000  0.000  0.000  0.000  0.000  0.000  0.000              10388636               5948546          92           0       0.000      91.000      87.303        6031809584    990      0     31          44    990
     GPU 0  0.000  0.000  0.000  0.000  0.000  0.000  0.000  0.000               9085170               5796616          92           0       0.000      91.000      87.061        6031809584    990      0     30          44    990
     GPU 0  0.000  0.000  0.000  0.000  0.000  0.000  0.000  0.000               4720789               2532480           0           0       0.000       0.000      87.061        6031809584    990      0     30          45    990
     GPU 0  0.000  0.000  0.000  0.000  0.000  0.000  0.000  0.000               8177971               4962625           0           0       0.000       0.000      87.061        6031809584    990      0     30          45    990
     GPU 0  0.000  0.000  0.000  0.000  0.000  0.000  0.000  0.000               8925760               4738169           0           0       0.000       0.000      87.061        6031809584    990      0     30          44    990
     GPU 0  0.000  0.000  0.000  0.000  0.000  0.000  0.000  0.000               8925760               4738169           0           0       0.000       0.000      87.061        6031809584    990      0     30          44    990
     GPU 0  0.000  0.000  0.000  0.000  0.000  0.000  0.000  0.000              10041286               5914860           0           0       0.000       0.000      87.061        6031818378    990      0     30          44    990
     GPU 0  0.000  0.000  0.000  0.000  0.000  0.000  0.000  0.000               9702678               5299473           0           0       0.000       0.000      87.061        6031818378    990      0     30          44    990
     GPU 0  0.000  0.000  0.000  0.000  0.000  0.000  0.000  0.000               3137670               2258130           0           0       0.000       0.000      87.061        6031818378    990      0     30          44    990

# Entity  GRACT  SMACT  SMOCC  TENSO  DRAMA  FP64A  FP32A  FP16A                 PCITX                 PCIRX       GPUTL       MCUTL       MUSAM       GUSAM       POWER             TOTEC  SACLK  PSTAT  TMPTR       MMTMP  SMCLK
      Id                                                                                                                                                               W                mJ                    C           C       
     GPU 0  0.000  0.000  0.000  0.000  0.000  0.000  0.000  0.000               9017696               5687789           0           0       0.000       0.000      87.061        6031818378    990      0     30          44    990
     GPU 0  0.000  0.000  0.000  0.000  0.000  0.000  0.000  0.000               9017696               5687789           0           0       0.000       0.000      86.763        6031827164    990      0     30          45    990
     GPU 0  0.000  0.000  0.000  0.000  0.000  0.000  0.000  0.000               9832695               6138908           0           0       0.000       0.000      86.763        6031827164    990      0     30          44    990
     GPU 0  0.000  0.000  0.000  0.000  0.000  0.000  0.000  0.000               9002346               6137279           0           0       0.000       0.000      86.763        6031827164    990      0     30          44    990
     GPU 0  0.000  0.000  0.000  0.000  0.000  0.000  0.000  0.000              10977024               7121421           0           0       0.000       0.000      86.763        6031827164    990      0     30          45    990
     GPU 0  0.000  0.000  0.000  0.000  0.000  0.000  0.000  0.000              11391995               6994454           0           0       0.000       0.000      86.763        6031827164    990      0     30          44    990
     GPU 0  0.000  0.000  0.000  0.000  0.000  0.000  0.000  0.000               9518358               5919266           0           0       0.000       0.000      86.763        6031827164    990      0     30          45    990
     GPU 0  0.000  0.000  0.000  0.000  0.000  0.000  0.000  0.000               3166231                492808           0           0       0.000       0.000      86.763        6031835969    990      0     30          45    990
     GPU 0  0.000  0.000  0.000  0.000  0.000  0.000  0.000  0.000               3166231                492808           0           0       0.000       0.000      86.763        6031835969    990      0     30          44    990
     GPU 0  0.000  0.000  0.000  0.000  0.000  0.000  0.000  0.000               3166231                492808           0           0       0.000       0.000      86.763        6031835969    990      0     29          44    990
     GPU 0  0.003  0.000  0.000  0.000  0.000  0.000  0.000  0.000               3064711               4581622           0           0       0.000       0.000      86.763        6031835969    990      0     29          44    990
     GPU 0  0.003  0.000  0.000  0.000  0.000  0.000  0.000  0.000               3064711               4581622           0           0       0.000       0.000      86.763        6031835969    990      0     29          44    990
     GPU 0  0.000  0.000  0.000  0.000  0.000  0.000  0.000  0.000               4699792               5758304           8           0       0.000       0.000      87.593        6031844737    990      0     29          44    990
     GPU 0  0.000  0.000  0.000  0.000  0.000  0.000  0.000  0.000               4699792               5758304           8           0       0.000       0.000      87.593        6031844737    990      0     29          44    990

# Entity  GRACT  SMACT  SMOCC  TENSO  DRAMA  FP64A  FP32A  FP16A                 PCITX                 PCIRX       GPUTL       MCUTL       MUSAM       GUSAM       POWER             TOTEC  SACLK  PSTAT  TMPTR       MMTMP  SMCLK
      Id                                                                                                                                                               W                mJ                    C           C       
     GPU 0  0.000  0.000  0.000  0.000  0.000  0.000  0.000  0.000               9469258              13421644           8           0       0.000       0.000      87.593        6031844737    990      0     29          44    990
     GPU 0  0.000  0.000  0.000  0.000  0.000  0.000  0.000  0.000                851290                212822           8           0       0.000       0.000      87.593        6031844737    990      0     29          44    990
     GPU 0  0.000  0.000  0.000  0.000  0.000  0.000  0.000  0.000               7088863               6156118           8           0       0.000       0.000      87.593        6031844737    990      0     29          44    990
     GPU 0  0.000  0.000  0.000  0.000  0.000  0.000  0.000  0.000               7088863               6156118           8           0       0.000       0.000      86.763        6031853519    990      0     29          44    990
     GPU 0  0.000  0.000  0.000  0.000  0.000  0.000  0.000  0.000               9977008               7626044           8           0       0.000       0.000      86.763        6031853519    990      0     29          44    990
     GPU 0  0.000  0.000  0.000  0.000  0.000  0.000  0.000  0.000               3571377               2163070           8           0       0.000       0.000      86.763        6031853519    990      0     29          44    990
     GPU 0  0.000  0.000  0.000  0.000  0.000  0.000  0.000  0.000               3571377               2163070           8           0       0.000       0.000      86.763        6031853519    990      0     29          44    990
     GPU 0  0.000  0.000  0.000  0.000  0.000  0.000  0.000  0.000               1965804                     0           8           0       0.000       0.000      86.763        6031853519    990      0     29          44    990
     GPU 0  0.000  0.000  0.000  0.000  0.000  0.000  0.000  0.000               3027424                233351           0           0       0.000       0.000      86.763        6031862386    990      0     29          44    990
     GPU 0  0.000  0.000  0.000  0.000  0.000  0.000  0.000  0.000               4564166               1915301           0           0       0.000       0.000      86.763        6031862386    990      0     29          44    990
     GPU 0  0.000  0.000  0.000  0.000  0.000  0.000  0.000  0.000               3668019               1811866           0           0       0.000       0.000      86.763        6031862386    990      0     29          44    990
     GPU 0  0.000  0.000  0.000  0.000  0.000  0.000  0.000  0.000               7070800               3934094           0           0       0.000       0.000      86.763        6031862386    990      0     29          44    990
     GPU 0  0.000  0.000  0.000  0.000  0.000  0.000  0.000  0.000               7070800               3934094           0           0       0.000       0.000      86.763        6031862386    990      0     29          44    990
     GPU 0  0.000  0.000  0.000  0.000  0.000  0.000  0.000  0.000              10406852               6330535           0           0       0.000       0.000      86.763        6031871043    990      0     29          44    990

# Entity  GRACT  SMACT  SMOCC  TENSO  DRAMA  FP64A  FP32A  FP16A                 PCITX                 PCIRX       GPUTL       MCUTL       MUSAM       GUSAM       POWER             TOTEC  SACLK  PSTAT  TMPTR       MMTMP  SMCLK
      Id                                                                                                                                                               W                mJ                    C           C       
     GPU 0  0.000  0.000  0.000  0.000  0.000  0.000  0.000  0.000               8842087               5784640           0           0       0.000       0.000      86.763        6031871043    990      0     29          44    990
     GPU 0  0.000  0.000  0.000  0.000  0.000  0.000  0.000  0.000               9555823               6420411           0           0       0.000       0.000      86.763        6031871043    990      0     29          44    990
     GPU 0  0.000  0.000  0.000  0.000  0.000  0.000  0.000  0.000               9211977               6194420           0           0       0.000       0.000      86.763        6031871043    990      0     29          44    990
     GPU 0  0.000  0.000  0.000  0.000  0.000  0.000  0.000  0.000               9770941               6081973           0           0       0.000       0.000      86.763        6031871043    990      0     29          44    990
     GPU 0  0.000  0.000  0.000  0.000  0.000  0.000  0.000  0.000               9770941               6081973           0           0       0.000       0.000      86.763        6031879915    990      0     29          44    990
     GPU 0  0.000  0.000  0.000  0.000  0.000  0.000  0.000  0.000              10428229               6130706           0           0       0.000       0.000      86.763        6031879915    990      0     29          44    990
     GPU 0  0.000  0.000  0.000  0.000  0.000  0.000  0.000  0.000               9923584               6599171           0           0       0.000       0.000      86.763        6031879915    990      0     29          44    990
     GPU 0  0.000  0.000  0.000  0.000  0.000  0.000  0.000  0.000               9836549               6446828           0           0       0.000       0.000      86.763        6031879915    990      0     29          44    990
     GPU 0  0.000  0.000  0.000  0.000  0.000  0.000  0.000  0.000               8220640               5243088           0           0       0.000       0.000      86.763        6031879915    990      0     29          44    990
     GPU 0  0.000  0.000  0.000  0.000  0.000  0.000  0.000  0.000               1966112                205706           0           0       0.000       0.000      86.763        6031888548    990      0     29          44    990
     GPU 0  0.000  0.000  0.000  0.000  0.000  0.000  0.000  0.000              10392868               7105237           0           0       0.000       0.000      86.763        6031888548    990      0     29          44    990
     GPU 0  0.000  0.000  0.000  0.000  0.000  0.000  0.000  0.000              10392868               7105237           0           0       0.000       0.000      86.763        6031888548    990      0     29          44    990
     GPU 0  0.000  0.000  0.000  0.000  0.000  0.000  0.000  0.000               6328624               4365761           0           0       0.000       0.000      86.763        6031888548    990      0     29          44    990
     GPU 0  0.000  0.000  0.000  0.000  0.000  0.000  0.000  0.000               4634374               1744067           0           0       0.000       0.000      86.521        6031897303    990      0     29          44    990

# Entity  GRACT  SMACT  SMOCC  TENSO  DRAMA  FP64A  FP32A  FP16A                 PCITX                 PCIRX       GPUTL       MCUTL       MUSAM       GUSAM       POWER             TOTEC  SACLK  PSTAT  TMPTR       MMTMP  SMCLK
      Id                                                                                                                                                               W                mJ                    C           C       
     GPU 0  0.000  0.000  0.000  0.000  0.000  0.000  0.000  0.000               4744273               2328111           0           0       0.000       0.000      86.521        6031897303    990      0     29          44    990
     GPU 0  0.000  0.000  0.000  0.000  0.000  0.000  0.000  0.000               7791862               4743161           0           0       0.000       0.000      86.521        6031897303    990      0     29          44    990
     GPU 0  0.000  0.000  0.000  0.000  0.000  0.000  0.000  0.000               7791862               4743161           0           0       0.000       0.000      86.521        6031897303    990      0     29          44    990
     GPU 0  0.000  0.000  0.000  0.000  0.000  0.000  0.000  0.000               8376259               5730887           0           0       0.000       0.000      86.521        6031897303    990      0     29          44    990
     GPU 0  0.000  0.000  0.000  0.000  0.000  0.000  0.000  0.000               8455568               4856990           0           0       0.000       0.000      86.521        6031897303    990      0     29          44    990
     GPU 0  0.000  0.000  0.000  0.000  0.000  0.000  0.000  0.000                921567                 83778           0           0       0.000       0.000      86.521        6031906099    990      0     29          44    990
     GPU 0  0.000  0.000  0.000  0.000  0.000  0.000  0.000  0.000               6668130               4613951           0           0       0.000       0.000      86.521        6031906099    990      0     29          44    990
     GPU 0  0.000  0.000  0.000  0.000  0.000  0.000  0.000  0.000               6668130               4613951           0           0       0.000       0.000      86.521        6031906099    990      0     29          44    990
     GPU 0  0.000  0.000  0.000  0.000  0.000  0.000  0.000  0.000               1924325                163521           0           0       0.000       0.000      86.521        6031906099    990      0     29          44    990
     GPU 0  0.000  0.000  0.000  0.000  0.000  0.000  0.000  0.000               1923109                163415           0           0       0.000       0.000      86.521        6031906099    990      0     29          44    990
     GPU 0  0.000  0.000  0.000  0.000  0.000  0.000  0.000  0.000               4162371               1766508           0           0       0.000       0.000      86.521        6031914949    990      0     29          44    990
     GPU 0  0.000  0.000  0.000  0.000  0.000  0.000  0.000  0.000               6655916               3748363           0           0       0.000       0.000      86.521        6031914949    990      0     29          44    990
     GPU 0  0.000  0.000  0.000  0.000  0.000  0.000  0.000  0.000               8594117               5570452           0           0       0.000       0.000      86.521        6031914949    990      0     29          44    990
     GPU 0  0.000  0.000  0.000  0.000  0.000  0.000  0.000  0.000               8594117               5570452           0           0       0.000       0.000      86.521        6031914949    990      0     29          44    990

# Entity  GRACT  SMACT  SMOCC  TENSO  DRAMA  FP64A  FP32A  FP16A                 PCITX                 PCIRX       GPUTL       MCUTL       MUSAM       GUSAM       POWER             TOTEC  SACLK  PSTAT  TMPTR       MMTMP  SMCLK
      Id                                                                                                                                                               W                mJ                    C           C       
     GPU 0  0.000  0.000  0.000  0.000  0.000  0.000  0.000  0.000              10706235               7007736           0           0       0.000       0.000      86.521        6031914949    990      0     29          44    990
     GPU 0  0.000  0.000  0.000  0.000  0.000  0.000  0.000  0.000               6917930               4528325           0           0       0.000       0.000      86.763        6031923576    990      0     29          44    990
     GPU 0  0.000  0.000  0.000  0.000  0.000  0.000  0.000  0.000               3066074                274927           0           0       0.000       0.000      86.763        6031923576    990      0     29          44    990
     GPU 0  0.000  0.000  0.000  0.000  0.000  0.000  0.000  0.000               3066074                274927           0           0       0.000       0.000      86.763        6031923576    990      0     29          44    990
     GPU 0  0.000  0.000  0.000  0.000  0.000  0.000  0.000  0.000               1970078                163868           0           0       0.000       0.000      86.763        6031923576    990      0     29          44    990
     GPU 0  0.000  0.000  0.000  0.000  0.000  0.000  0.000  0.000               5901343               1952682           0           0       0.000       0.000      86.763        6031923576    990      0     29          44    990
     GPU 0  0.000  0.000  0.000  0.000  0.000  0.000  0.000  0.000               6343271               3412329           0           0       0.000       0.000      86.763        6031932482    990      0     29          44    990
     GPU 0  0.000  0.000  0.000  0.000  0.000  0.000  0.000  0.000               8819532               4889235           0           0       0.000       0.000      86.763        6031932482    990      0     28          44    990
     GPU 0  0.000  0.000  0.000  0.000  0.000  0.000  0.000  0.000               8819532               4889235           0           0       0.000       0.000      86.763        6031932482    990      0     28          44    990
     GPU 0  0.000  0.000  0.000  0.000  0.000  0.000  0.000  0.000               6830444               4902499           0           0       0.000       0.000      86.763        6031932482    990      0     28          44    990
     GPU 0  0.000  0.000  0.000  0.000  0.000  0.000  0.000  0.000               5143759               2900055           0           0       0.000       0.000      86.763        6031932482    990      0     28          44    990
     GPU 0  0.000  0.000  0.000  0.000  0.000  0.000  0.000  0.000               3985378               2229488           0           0       0.000       0.000      86.521        6031941082    990      0     28          44    990
     GPU 0  0.000  0.000  0.000  0.000  0.000  0.000  0.000  0.000               3067689                275070           0           0       0.000       0.000      86.521        6031941082    990      0     28          44    990
     GPU 0  0.000  0.000  0.000  0.000  0.000  0.000  0.000  0.000               3067689                275070           0           0       0.000       0.000      86.521        6031941082    990      0     28          44    990

# Entity  GRACT  SMACT  SMOCC  TENSO  DRAMA  FP64A  FP32A  FP16A                 PCITX                 PCIRX       GPUTL       MCUTL       MUSAM       GUSAM       POWER             TOTEC  SACLK  PSTAT  TMPTR       MMTMP  SMCLK
      Id                                                                                                                                                               W                mJ                    C           C       
     GPU 0  0.000  0.000  0.000  0.000  0.000  0.000  0.000  0.000               4605053               2070237           0           0       0.000       0.000      86.521        6031941082    990      0     28          44    990
     GPU 0  0.000  0.000  0.000  0.000  0.000  0.000  0.000  0.000               6545894               3589225           0           0       0.000       0.000      86.521        6031941082    990      0     28          44    990
     GPU 0  0.000  0.000  0.000  0.000  0.000  0.000  0.000  0.000               6545894               3589225           0           0       0.000       0.000      86.763        6031949820    990      0     28          44    255
     GPU 0  0.000  0.000  0.000  0.000  0.000  0.000  0.000  0.000               9092417               5420256           0           0       0.000       0.000      86.763        6031949820    990      0     28          44    255
     GPU 0  0.000  0.000  0.000  0.000  0.000  0.000  0.000  0.000               6776961               4461703           0           0       0.000       0.000      86.763        6031949820    990      0     28          44    255
     GPU 0  0.000  0.000  0.000  0.000  0.000  0.000  0.000  0.000               5769358               3655122           0           0       0.000       0.000      86.763        6031949820    990      0     28          44    255
     GPU 0  0.000  0.000  0.000  0.000  0.000  0.000  0.000  0.000               1004215                 83684           0           0       0.000       0.000      86.763        6031949820    990      0     28          44    255
     GPU 0  0.000  0.000  0.000  0.000  0.000  0.000  0.000  0.000               6401182               4075254           0           0       0.000       0.000      79.455        6031958099    990      0     28          44    255
