# Entity  GRACT  SMACT  SMOCC  TENSO  DRAMA  FP64A  FP32A  FP16A                 PCITX                 PCIRX       GPUTL       MCUTL       MUSAM       GUSAM       POWER             TOTEC  SACLK  PSTAT  TMPTR       MMTMP  SMCLK
      Id                                                                                                                                                               W                mJ                    C           C       
     GPU 0  0.000  0.000  0.000  0.000  0.000  0.000  0.000  0.000             126900198              10575016           0           0       0.000       0.000      77.850        1416917662   1320      0     27          44    210
     GPU 0  0.000  0.000  0.000  0.000  0.000  0.000  0.000  0.000               8977142               4983102           0           0       0.000       0.000      77.850        1416917662   1320      0     27          44    210
     GPU 0  0.000  0.000  0.000  0.000  0.000  0.000  0.000  0.000               8977142               4983102           0           0       0.000       0.000      77.850        1416917662   1320      0     27          44    210
     GPU 0  0.000  0.000  0.000  0.000  0.000  0.000  0.000  0.000               4601500               2727390           0           0       0.000       0.000      77.850        1416917662   1320      0     27          43    210
     GPU 0  0.000  0.000  0.000  0.000  0.000  0.000  0.000  0.000               6656444               4211061           0           0       0.000       0.000      77.850        1416917662   1320      0     27          43    210
     GPU 0  0.000  0.000  0.000  0.000  0.000  0.000  0.000  0.000               6656444               4211061           0           0       0.000       0.000      78.383        1416925606   1320      0     27          44    210
     GPU 0  0.000  0.000  0.000  0.000  0.000  0.000  0.000  0.000               4373320                734858           0           0       0.000       0.000      78.383        1416925606   1320      0     27          44    210
     GPU 0  0.000  0.000  0.000  0.000  0.000  0.000  0.000  0.000               3258147                275003           0           0       0.000       0.000      78.383        1416925606   1320      0     27          44    210
     GPU 0  0.000  0.000  0.000  0.000  0.000  0.000  0.000  0.000               5580510               1833622           0           0       0.000       0.000      78.383        1416925606   1320      0     27          43    210
     GPU 0  0.000  0.000  0.000  0.000  0.000  0.000  0.000  0.000               6104808               2726304           0           0       0.000       0.000      78.383        1416925606   1320      0     27          44    210
     GPU 0  0.000  0.000  0.000  0.000  0.000  0.000  0.000  0.000               5694805               3038206           0           0       0.000       0.000      78.383        1416925606   1320      0     27          44    210
     GPU 0  0.000  0.000  0.000  0.000  0.000  0.000  0.000  0.000               5694805               3038206           0           0       0.000       0.000      78.383        1416933570   1320      0     27          43    210
     GPU 0  0.000  0.000  0.000  0.000  0.000  0.000  0.000  0.000               7235043               3882953           0           0       0.000       0.000      78.383        1416933570   1320      0     27          43    210
     GPU 0  0.000  0.000  0.000  0.000  0.000  0.000  0.000  0.000               9217947               6577273           0           0       0.000       0.000      78.383        1416933570   1320      0     27          43    210
     GPU 0  0.000  0.000  0.000  0.000  0.000  0.000  0.000  0.000               8726377               5965680           0           0       0.000       0.000      78.383        1416933570   1320      0     27          44    210

# Entity  GRACT  SMACT  SMOCC  TENSO  DRAMA  FP64A  FP32A  FP16A                 PCITX                 PCIRX       GPUTL       MCUTL       MUSAM       GUSAM       POWER             TOTEC  SACLK  PSTAT  TMPTR       MMTMP  SMCLK
      Id                                                                                                                                                               W                mJ                    C           C       
     GPU 0  0.000  0.000  0.000  0.000  0.000  0.000  0.000  0.000               5497179               3924835           0           0       0.000       0.000      78.383        1416941420   1320      0     27          44    210
     GPU 0  0.000  0.000  0.000  0.000  0.000  0.000  0.000  0.000               5497179               3924835           0           0       0.000       0.000      78.383        1416941420   1320      0     27          43    210
     GPU 0  0.000  0.000  0.000  0.000  0.000  0.000  0.000  0.000               6370092               4316537           0           0       0.000       0.000      78.383        1416941420   1320      0     27          43    210
     GPU 0  0.000  0.000  0.000  0.000  0.000  0.000  0.000  0.000               7888660               4623428           0           0       0.000       0.000      78.383        1416941420   1320      0     27          43    210
     GPU 0  0.000  0.000  0.000  0.000  0.000  0.000  0.000  0.000               5824056               4148224           0           0       0.000       0.000      78.383        1416941420   1320      0     27          44    210
     GPU 0  0.000  0.000  0.000  0.000  0.000  0.000  0.000  0.000               3133939                273759           0           0       0.000       0.000      78.632        1416941420   1320      0     27          43    210
     GPU 0  0.000  0.000  0.000  0.000  0.000  0.000  0.000  0.000               3423357                397435           0           0       0.000       0.000      78.632        1416949397   1320      0     27          43    210
     GPU 0  0.000  0.000  0.000  0.000  0.000  0.000  0.000  0.000               3423357                397435           0           0       0.000       0.000      78.632        1416949397   1320      0     27          43    210
     GPU 0  0.000  0.000  0.000  0.000  0.000  0.000  0.000  0.000               4094688               1731809           0           0       0.000       0.000      78.632        1416949397   1320      0     27          44    210
     GPU 0  0.000  0.000  0.000  0.000  0.000  0.000  0.000  0.000               5833272               4012693           0           0       0.000       0.000      78.632        1416949397   1320      0     27          44    210
     GPU 0  0.000  0.000  0.000  0.000  0.000  0.000  0.000  0.000               5833272               4012693           0           0       0.000       0.000      78.383        1416957272   1320      0     27          44    210
     GPU 0  0.000  0.000  0.000  0.000  0.000  0.000  0.000  0.000              10254221               9432842           0           0       0.000       0.000      78.383        1416957272   1320      0     27          44    210
     GPU 0  0.000  0.000  0.000  0.000  0.000  0.000  0.000  0.000               4720037               6190213           0           0       0.000       0.000      78.383        1416957272   1320      0     27          44    210
     GPU 0  0.000  0.000  0.000  0.000  0.000  0.000  0.000  0.000               3383588               3466115           0           0       0.000       0.000      78.383        1416957272   1320      0     27          44    210

# Entity  GRACT  SMACT  SMOCC  TENSO  DRAMA  FP64A  FP32A  FP16A                 PCITX                 PCIRX       GPUTL       MCUTL       MUSAM       GUSAM       POWER             TOTEC  SACLK  PSTAT  TMPTR       MMTMP  SMCLK
      Id                                                                                                                                                               W                mJ                    C           C       
     GPU 0  0.000  0.000  0.000  0.000  0.000  0.000  0.000  0.000               9075484              23007149           0           0       0.000       0.000      78.383        1416957272   1320      0     27          44    210
     GPU 0  0.000  0.000  0.000  0.000  0.000  0.000  0.000  0.000               9075484              23007149           0           0       0.000       0.000      78.383        1416965198   1320      0     27          43    210
     GPU 0  0.000  0.000  0.000  0.000  0.000  0.000  0.000  0.000               3264827              12808170           0           0       0.000       0.000      78.383        1416965198   1320      0     27          44    210
     GPU 0  0.000  0.000  0.000  0.000  0.000  0.000  0.000  0.000               5949840               4868051           0           0       0.000       0.000      78.383        1416965198   1320      0     27          44    210
     GPU 0  0.000  0.000  0.000  0.000  0.000  0.000  0.000  0.000               5253809               3502539           0           0       0.000       0.000      78.383        1416965198   1320      0     27          44    210
     GPU 0  0.000  0.000  0.000  0.000  0.000  0.000  0.000  0.000               1247830                623915           0           0       0.000       0.000      78.383        1416965198   1320      0     27          43    210
     GPU 0  0.000  0.000  0.000  0.000  0.000  0.000  0.000  0.000               1857113               2664553           0           0       0.000       0.000      78.632        1416965198   1320      0     27          44    210
     GPU 0  0.000  0.000  0.000  0.000  0.000  0.000  0.000  0.000               1857113               2664553           0           0       0.000       0.000      78.632        1416973148   1320      0     27          44    210
     GPU 0  0.000  0.000  0.000  0.000  0.000  0.000  0.000  0.000               8269292               5025185           0           0       0.000       0.000      78.632        1416973148   1320      0     27          44    210
     GPU 0  0.000  0.000  0.000  0.000  0.000  0.000  0.000  0.000               3573192               3367046           0           0       0.000       0.000      78.632        1416973148   1320      0     27          44    210
     GPU 0  0.000  0.000  0.000  0.000  0.000  0.000  0.000  0.000               3573192               3367046           0           0       0.000       0.000      78.632        1416973148   1320      0     27          43    210
     GPU 0  0.000  0.000  0.000  0.000  0.000  0.000  0.000  0.000               3573192               3367046           0           0       0.000       0.000      78.632        1416981066   1320      0     27          44    210
     GPU 0  0.000  0.000  0.000  0.000  0.000  0.000  0.000  0.000               6068453               5093071           0           0       0.000       0.000      78.632        1416981066   1320      0     27          43    210
     GPU 0  0.000  0.000  0.000  0.000  0.000  0.000  0.000  0.000               6068453               5093071           0           0       0.000       0.000      78.632        1416981066   1320      0     27          43    210

# Entity  GRACT  SMACT  SMOCC  TENSO  DRAMA  FP64A  FP32A  FP16A                 PCITX                 PCIRX       GPUTL       MCUTL       MUSAM       GUSAM       POWER             TOTEC  SACLK  PSTAT  TMPTR       MMTMP  SMCLK
      Id                                                                                                                                                               W                mJ                    C           C       
     GPU 0  0.000  0.000  0.000  0.000  0.000  0.000  0.000  0.000              14448724               9855199           0           0       0.000       0.000      78.632        1416981066   1320      0     27          43    210
     GPU 0  0.000  0.000  0.000  0.000  0.000  0.000  0.000  0.000              14448724               9855199           0           0       0.000       0.000      78.632        1416981066   1320      0     27          43    210
     GPU 0  0.000  0.000  0.000  0.000  0.000  0.000  0.000  0.000              12143548              22386362           0           0       0.000       0.000      78.632        1416981066   1320      0     27          43    210
     GPU 0  0.000  0.000  0.000  0.000  0.000  0.000  0.000  0.000              11416119              16044276           0           0       0.000       0.000      78.632        1416989000   1320      0     27          43    210
     GPU 0  0.000  0.000  0.000  0.000  0.000  0.000  0.000  0.000              11387527              16730145           0           0       0.000       0.000      78.632        1416989000   1320      0     27          44    210
     GPU 0  0.000  0.000  0.000  0.000  0.000  0.000  0.000  0.000              11387527              16730145           0           0       0.000       0.000      78.632        1416989000   1320      0     27          44   1320
     GPU 0  0.161  0.000  0.000  0.000  0.000  0.000  0.000  0.000              21807122              73340783           0           0       0.000       0.000      78.632        1416989000   1320      0     27          44   1320
     GPU 0  0.025  0.000  0.000  0.000  0.000  0.000  0.000  0.000              70731308             549163251           0           0       0.000       0.000      98.167        1416997693   1320      0     27          44   1320
     GPU 0  0.500  0.000  0.000  0.000  0.002  0.000  0.000  0.000             365511932            3195974118           0           0       0.000       0.000      98.167        1416997693   1320      0     27          44   1320
     GPU 0  1.000  0.948  0.764  0.000  0.002  0.000  0.629  0.000              11386683               8021499           0           0       0.000       0.000      98.167        1416997693   1320      0     29          44   1320
     GPU 0  1.000  0.000  0.000  0.000  0.002  0.000  0.000  0.000              10480937               6907982           0           0       0.000       0.000      98.167        1416997693   1320      0     31          44   1320
     GPU 0  1.000  0.954  0.757  0.000  0.002  0.000  0.632  0.000              12124276               7979358           0           0       0.000       0.000      98.167        1416997693   1320      0     31          44   1320
     GPU 0  1.000  0.954  0.794  0.000  0.002  0.000  0.636  0.000              11065401               5791566          45           0       0.000      44.000     241.129        1416997693   1320      0     32          44   1320
     GPU 0  1.000  0.954  0.794  0.000  0.002  0.000  0.636  0.000              11065401               5791566          45           0       0.000      44.000     241.129        1417019101   1320      0     33          44   1320

# Entity  GRACT  SMACT  SMOCC  TENSO  DRAMA  FP64A  FP32A  FP16A                 PCITX                 PCIRX       GPUTL       MCUTL       MUSAM       GUSAM       POWER             TOTEC  SACLK  PSTAT  TMPTR       MMTMP  SMCLK
      Id                                                                                                                                                               W                mJ                    C           C       
     GPU 0  1.000  0.000  0.000  0.000  0.002  0.000  0.000  0.000               5183166               3737301          45           0       0.000      44.000     241.129        1417019101   1320      0     33          44   1320
     GPU 0  1.000  0.947  0.752  0.000  0.002  0.000  0.623  0.000               8313671               5670446          45           0       0.000      44.000     241.129        1417019101   1320      0     34          44   1320
     GPU 0  1.000  0.946  0.742  0.000  0.002  0.000  0.623  0.000              10434510               7816171          45           0       0.000      44.000     241.129        1417019101   1320      0     34          44   1320
     GPU 0  1.000  0.000  0.000  0.000  0.002  0.000  0.000  0.000              11248030               8553561          45           0       0.000      44.000     241.129        1417043394   1320      0     34          44   1320
     GPU 0  1.000  0.946  0.761  0.000  0.002  0.000  0.614  0.000              11166845               8181927          45           0       0.000      44.000     241.129        1417043394   1320      0     35          44   1320
     GPU 0  1.000  0.946  0.761  0.000  0.002  0.000  0.614  0.000              11166845               8181927          45           0       0.000      44.000     241.129        1417043394   1320      0     35          44   1320
     GPU 0  1.000  0.944  0.758  0.000  0.002  0.000  0.623  0.000               4562255               4646328          45           0       0.000      44.000     241.129        1417043394   1320      0     35          44   1320
     GPU 0  1.000  0.000  0.000  0.000  0.002  0.000  0.000  0.000              10150566               7647781          45           0       0.000      44.000     241.129        1417043394   1320      0     35          44   1320
     GPU 0  1.000  0.951  0.763  0.000  0.002  0.000  0.632  0.000              10255602               7612720         100           0       0.000      99.000     241.129        1417043394   1320      0     35          44   1320
     GPU 0  1.000  0.947  0.748  0.000  0.002  0.000  0.607  0.000              11980770               9049761         100           0       0.000      99.000     240.832        1417068079   1320      0     36          44   1320
     GPU 0  1.000  0.000  0.000  0.000  0.002  0.000  0.000  0.000              11312523               8579894         100           0       0.000      99.000     240.832        1417068079   1320      0     36          44   1320
     GPU 0  1.000  0.943  0.746  0.000  0.002  0.000  0.621  0.000              11251824               8597609         100           0       0.000      99.000     240.832        1417068079   1320      0     36          44   1320
     GPU 0  1.000  0.949  0.754  0.000  0.002  0.000  0.615  0.000              11078600               8387396         100           0       0.000      99.000     240.832        1417068079   1320      0     36          44   1320
     GPU 0  1.000  0.000  0.000  0.000  0.002  0.000  0.000  0.000              10691451               7852144         100           0       0.000      99.000     244.381        1417092422   1320      0     36          44   1320

# Entity  GRACT  SMACT  SMOCC  TENSO  DRAMA  FP64A  FP32A  FP16A                 PCITX                 PCIRX       GPUTL       MCUTL       MUSAM       GUSAM       POWER             TOTEC  SACLK  PSTAT  TMPTR       MMTMP  SMCLK
      Id                                                                                                                                                               W                mJ                    C           C       
     GPU 0  1.000  0.000  0.000  0.000  0.002  0.000  0.000  0.000              10691451               7852144         100           0       0.000      99.000     244.381        1417092422   1320      0     36          44   1320
     GPU 0  1.000  0.949  0.769  0.000  0.002  0.000  0.631  0.000              11658417               8324150         100           0       0.000      99.000     244.381        1417092422   1320      0     37          44   1320
     GPU 0  1.000  0.962  0.768  0.000  0.002  0.000  0.638  0.000               6076866               5829216         100           0       0.000      99.000     244.381        1417092422   1320      0     37          44   1320
     GPU 0  1.000  0.000  0.000  0.000  0.002  0.000  0.000  0.000               3428211               1561723         100           0       0.000      99.000     244.381        1417092422   1320      0     37          44   1320
     GPU 0  1.000  0.000  0.000  0.000  0.002  0.000  0.000  0.000               3428211               1561723         100           0       0.000      99.000     244.381        1417092422   1320      0     37          44   1320
     GPU 0  1.000  0.000  0.000  0.000  0.002  0.000  0.000  0.000               3428211               1561723         100           0       0.000      99.000     242.199        1417092422   1320      0     37          44   1320
     GPU 0  1.000  0.000  0.000  0.000  0.002  0.000  0.000  0.000               3428211               1561723         100           0       0.000      99.000     242.199        1417092422   1320      0     37          44   1320
     GPU 0  1.000  0.947  0.770  0.000  0.001  0.000  0.629  0.000               1340917               1257110         100           0       0.000      99.000     242.199        1417122374   1320      0     37          44   1320
     GPU 0  1.000  0.000  0.000  0.000  0.002  0.000  0.000  0.000               7972844               6474979         100           0       0.000      99.000     242.199        1417122374   1320      0     37          44   1320
     GPU 0  1.000  0.946  0.754  0.000  0.002  0.000  0.624  0.000               6905744               5188190         100           0       0.000      99.000     242.199        1417141702   1320      0     37          44   1320
     GPU 0  1.000  0.946  0.754  0.000  0.002  0.000  0.624  0.000               6905744               5188190         100           0       0.000      99.000     237.580        1417141702   1320      0     37          44   1320
     GPU 0  1.000  0.948  0.747  0.000  0.002  0.000  0.608  0.000               8696277               6640107         100           0       0.000      99.000     237.580        1417141702   1320      0     37          44   1320
     GPU 0  1.000  0.000  0.000  0.000  0.002  0.000  0.000  0.000              12184598               9382071         100           0       0.000      99.000     237.580        1417141702   1320      0     37          44   1320
     GPU 0  1.000  0.948  0.770  0.000  0.002  0.000  0.629  0.000               9015637               6738995         100           0       0.000      99.000     237.580        1417141702   1320      0     37          44   1320

# Entity  GRACT  SMACT  SMOCC  TENSO  DRAMA  FP64A  FP32A  FP16A                 PCITX                 PCIRX       GPUTL       MCUTL       MUSAM       GUSAM       POWER             TOTEC  SACLK  PSTAT  TMPTR       MMTMP  SMCLK
      Id                                                                                                                                                               W                mJ                    C           C       
     GPU 0  1.000  0.929  0.682  0.000  0.002  0.000  0.597  0.000               3430290               1496065         100           0       0.000      99.000     237.580        1417141702   1320      0     37          44   1320
     GPU 0  1.000  0.000  0.000  0.000  0.002  0.000  0.000  0.000               1508935               1425105         100           0       0.000      99.000     236.269        1417166019   1320      0     37          44   1320
     GPU 0  1.000  0.943  0.764  0.000  0.002  0.000  0.624  0.000               8121965               6782294         100           0       0.000      99.000     236.269        1417166019   1320      0     37          44   1320
     GPU 0  1.000  0.000  0.000  0.000  0.002  0.000  0.000  0.000               3724762               3682851         100           0       0.000      99.000     236.269        1417166019   1320      0     38          44   1320
     GPU 0  1.000  0.000  0.000  0.000  0.002  0.000  0.000  0.000               3724762               3682851         100           0       0.000      99.000     236.269        1417166019   1320      0     38          44   1320
     GPU 0  1.000  0.946  0.741  0.000  0.001  0.000  0.623  0.000               2494707               1483292         100           0       0.000      99.000     238.699        1417189858   1320      0     38          44   1320
     GPU 0  1.000  0.955  0.742  0.000  0.002  0.000  0.635  0.000               2091590               1363933         100           0       0.000      99.000     238.699        1417189858   1320      0     38          45   1320
     GPU 0  1.000  0.000  0.000  0.000  0.002  0.000  0.000  0.000               5150542               3558275         100           0       0.000      99.000     238.699        1417189858   1320      0     38          45   1320
     GPU 0  1.000  0.954  0.761  0.000  0.002  0.000  0.617  0.000               5283300               3819989         100           0       0.000      99.000     238.699        1417189858   1320      0     38          44   1320
     GPU 0  1.000  0.952  0.745  0.000  0.002  0.000  0.631  0.000               9040849               5935770         100           0       0.000      99.000     238.699        1417189858   1320      0     38          44   1320
     GPU 0  1.000  0.000  0.000  0.000  0.002  0.000  0.000  0.000              10328633               7018945         100           0       0.000      99.000     238.699        1417189858   1320      0     38          45   1320
     GPU 0  1.000  0.000  0.000  0.000  0.002  0.000  0.000  0.000              10328633               7018945         100           0       0.000      99.000     240.059        1417213874   1320      0     38          45   1320
     GPU 0  1.000  0.947  0.757  0.000  0.002  0.000  0.616  0.000              11358327               7318217         100           0       0.000      99.000     240.059        1417213874   1320      0     38          45   1320
     GPU 0  1.000  0.946  0.768  0.000  0.002  0.000  0.626  0.000              10937100               8391483         100           0       0.000      99.000     240.059        1417213874   1320      0     38          45   1320

# Entity  GRACT  SMACT  SMOCC  TENSO  DRAMA  FP64A  FP32A  FP16A                 PCITX                 PCIRX       GPUTL       MCUTL       MUSAM       GUSAM       POWER             TOTEC  SACLK  PSTAT  TMPTR       MMTMP  SMCLK
      Id                                                                                                                                                               W                mJ                    C           C       
     GPU 0  1.000  0.000  0.000  0.000  0.002  0.000  0.000  0.000              10259527               7912523         100           0       0.000      99.000     240.059        1417213874   1320      0     38          45   1320
     GPU 0  1.000  0.956  0.776  0.000  0.002  0.000  0.630  0.000              12127886               8836875         100           0       0.000      99.000     237.042        1417237891   1320      0     38          45   1320
     GPU 0  1.000  0.951  0.747  0.000  0.002  0.000  0.628  0.000              11310174               8489368         100           0       0.000      99.000     237.042        1417237891   1320      0     38          45   1320
     GPU 0  1.000  0.000  0.000  0.000  0.002  0.000  0.000  0.000              11051402               8102813         100           0       0.000      99.000     237.042        1417237891   1320      0     38          45   1320
     GPU 0  1.000  0.946  0.768  0.000  0.002  0.000  0.621  0.000              11611582               8320823         100           0       0.000      99.000     237.042        1417237891   1320      0     38          45   1320
     GPU 0  1.000  0.946  0.768  0.000  0.002  0.000  0.621  0.000              11611582               8320823         100           0       0.000      99.000     237.042        1417237891   1320      0     38          45   1320
     GPU 0  1.000  0.959  0.774  0.000  0.002  0.000  0.637  0.000               9625167               7108204         100           0       0.000      99.000     237.042        1417237891   1320      0     38          45   1320
     GPU 0  1.000  0.000  0.000  0.000  0.002  0.000  0.000  0.000               7164946               4964506         100           0       0.000      99.000     238.402        1417262017   1320      0     38          45   1320
     GPU 0  1.000  0.949  0.749  0.000  0.002  0.000  0.612  0.000               2852122               2647196         100           0       0.000      99.000     238.402        1417262017   1320      0     39          45   1320
     GPU 0  1.000  0.949  0.749  0.000  0.002  0.000  0.612  0.000               2852122               2647196         100           0       0.000      99.000     238.402        1417262017   1320      0     39          45   1320
     GPU 0  1.000  0.955  0.766  0.000  0.002  0.000  0.635  0.000               2379926               1488528         100           0       0.000      99.000     238.402        1417262017   1320      0     39          45   1320
     GPU 0  1.000  0.000  0.000  0.000  0.002  0.000  0.000  0.000               4730776               3658121         100           0       0.000      99.000     239.472        1417286031   1320      0     39          45   1320
     GPU 0  1.000  0.954  0.768  0.000  0.002  0.000  0.630  0.000               7711438               5359163         100           0       0.000      99.000     239.472        1417286031   1320      0     39          45   1320
     GPU 0  1.000  0.940  0.743  0.000  0.002  0.000  0.618  0.000               9434570               6698487         100           0       0.000      99.000     239.472        1417286031   1320      0     39          45   1320

# Entity  GRACT  SMACT  SMOCC  TENSO  DRAMA  FP64A  FP32A  FP16A                 PCITX                 PCIRX       GPUTL       MCUTL       MUSAM       GUSAM       POWER             TOTEC  SACLK  PSTAT  TMPTR       MMTMP  SMCLK
      Id                                                                                                                                                               W                mJ                    C           C       
     GPU 0  1.000  0.940  0.743  0.000  0.002  0.000  0.618  0.000               9434570               6698487         100           0       0.000      99.000     239.472        1417286031   1320      0     39          45   1320
     GPU 0  1.000  0.000  0.000  0.000  0.002  0.000  0.000  0.000               9754358               7651070         100           0       0.000      99.000     239.472        1417286031   1320      0     39          45   1320
     GPU 0  1.000  0.951  0.752  0.000  0.002  0.000  0.627  0.000               9035439               6141491         100           0       0.000      99.000     239.472        1417286031   1320      0     39          45   1320
     GPU 0  1.000  0.945  0.751  0.000  0.002  0.000  0.625  0.000              11140423               7306507         100           0       0.000      99.000     239.769        1417310153   1320      0     39          45   1320
     GPU 0  1.000  0.000  0.000  0.000  0.002  0.000  0.000  0.000               2375984               1566800         100           0       0.000      99.000     239.769        1417310153   1320      0     39          45   1320
     GPU 0  1.000  0.000  0.000  0.000  0.002  0.000  0.000  0.000               2375984               1566800         100           0       0.000      99.000     239.769        1417310153   1320      0     39          45   1320
     GPU 0  1.000  0.951  0.747  0.000  0.002  0.000  0.612  0.000               2130321               1609085         100           0       0.000      99.000     239.769        1417310153   1320      0     39          45   1320
     GPU 0  1.000  0.956  0.762  0.000  0.002  0.000  0.634  0.000               4727261               3303718         100           0       0.000      99.000     238.699        1417334239   1320      0     39          45   1320
     GPU 0  1.000  0.000  0.000  0.000  0.002  0.000  0.000  0.000               7995811               5651002         100           0       0.000      99.000     238.699        1417334239   1320      0     39          45   1320
     GPU 0  1.000  0.000  0.000  0.000  0.002  0.000  0.000  0.000               7995811               5651002         100           0       0.000      99.000     238.699        1417334239   1320      0     39          45   1320
     GPU 0  1.000  0.942  0.744  0.000  0.002  0.000  0.621  0.000              10944191               8555408         100           0       0.000      99.000     238.699        1417334239   1320      0     39          45   1320
     GPU 0  1.000  0.945  0.752  0.000  0.002  0.000  0.624  0.000               9086824               6183829         100           0       0.000      99.000     238.699        1417334239   1320      0     39          45   1320
     GPU 0  1.000  0.000  0.000  0.000  0.002  0.000  0.000  0.000               3700639               2277966         100           0       0.000      99.000     238.699        1417334239   1320      0     39          45   1320
     GPU 0  1.000  0.946  0.753  0.000  0.002  0.000  0.607  0.000               1675120               1926388         100           0       0.000      99.000     237.339        1417358486   1320      0     39          45   1320

# Entity  GRACT  SMACT  SMOCC  TENSO  DRAMA  FP64A  FP32A  FP16A                 PCITX                 PCIRX       GPUTL       MCUTL       MUSAM       GUSAM       POWER             TOTEC  SACLK  PSTAT  TMPTR       MMTMP  SMCLK
      Id                                                                                                                                                               W                mJ                    C           C       
     GPU 0  1.000  0.000  0.000  0.000  0.002  0.000  0.000  0.000              10761415               8343520         100           0       0.000      99.000     237.339        1417358486   1320      0     39          45   1320
     GPU 0  1.000  0.949  0.761  0.000  0.002  0.000  0.609  0.000              10433597               8348275         100           0       0.000      99.000     237.339        1417358486   1320      0     39          45   1320
     GPU 0  1.000  0.949  0.761  0.000  0.002  0.000  0.609  0.000              10433597               8348275         100           0       0.000      99.000     237.339        1417358486   1320      0     39          45   1320
     GPU 0  1.000  0.949  0.770  0.000  0.002  0.000  0.631  0.000              10587686               8357978         100           0       0.000      99.000     238.402        1417382489   1320      0     39          45   1320
     GPU 0  1.000  0.000  0.000  0.000  0.002  0.000  0.000  0.000               4436607               2275694         100           0       0.000      99.000     238.402        1417382489   1320      0     39          45   1320
     GPU 0  1.000  0.948  0.768  0.000  0.002  0.000  0.624  0.000               3677341               1745090         100           0       0.000      99.000     238.402        1417382489   1320      0     39          45   1320
     GPU 0  1.000  0.931  0.754  0.000  0.002  0.000  0.590  0.000               6396665               3698851         100           0       0.000      99.000     238.402        1417382489   1320      0     39          45   1320
     GPU 0  1.000  0.000  0.000  0.000  0.002  0.000  0.000  0.000               7902613               5427233         100           0       0.000      99.000     238.402        1417382489   1320      0     39          45   1320
     GPU 0  1.000  0.943  0.753  0.000  0.002  0.000  0.622  0.000               9491014               6520666         100           0       0.000      99.000     238.402        1417382489   1320      0     39          45   1320
     GPU 0  1.000  0.943  0.753  0.000  0.002  0.000  0.622  0.000               9491014               6520666         100           0       0.000      99.000     238.941        1417406653   1320      0     39          45   1320
     GPU 0  1.000  0.956  0.773  0.000  0.002  0.000  0.628  0.000              10117012               6604485         100           0       0.000      99.000     238.941        1417406653   1320      0     39          45   1320
     GPU 0  1.000  0.000  0.000  0.000  0.002  0.000  0.000  0.000               9957121               7536369         100           0       0.000      99.000     238.941        1417406653   1320      0     39          45   1320
     GPU 0  1.000  0.945  0.761  0.000  0.002  0.000  0.626  0.000              10196986               8081249         100           0       0.000      99.000     238.941        1417406653   1320      0     40          45   1320
     GPU 0  1.000  0.952  0.769  0.000  0.002  0.000  0.615  0.000              10589764               8276529         100           0       0.000      99.000     240.059        1417430764   1320      0     40          45   1320

# Entity  GRACT  SMACT  SMOCC  TENSO  DRAMA  FP64A  FP32A  FP16A                 PCITX                 PCIRX       GPUTL       MCUTL       MUSAM       GUSAM       POWER             TOTEC  SACLK  PSTAT  TMPTR       MMTMP  SMCLK
      Id                                                                                                                                                               W                mJ                    C           C       
     GPU 0  1.000  0.000  0.000  0.000  0.002  0.000  0.000  0.000              10757700               8290281         100           0       0.000      99.000     240.059        1417430764   1320      0     40          45   1320
     GPU 0  1.000  0.000  0.000  0.000  0.002  0.000  0.000  0.000              10757700               8290281         100           0       0.000      99.000     240.059        1417430764   1320      0     40          45   1320
     GPU 0  1.000  0.940  0.743  0.000  0.002  0.000  0.619  0.000               8443977               7190999         100           0       0.000      99.000     240.059        1417430764   1320      0     40          45   1320
     GPU 0  1.000  0.947  0.760  0.000  0.002  0.000  0.627  0.000               8146566               5988071         100           0       0.000      99.000     240.059        1417430764   1320      0     40          45   1320
     GPU 0  1.000  0.000  0.000  0.000  0.002  0.000  0.000  0.000               1340693               1759659         100           0       0.000      99.000     240.059        1417430764   1320      0     40          45   1320
     GPU 0  1.000  0.946  0.760  0.000  0.002  0.000  0.627  0.000               7010503               4798824         100           0       0.000      99.000     238.160        1417454991   1320      0     40          45   1320
     GPU 0  1.000  0.000  0.000  0.000  0.002  0.000  0.000  0.000               3475143               3515842         100           0       0.000      99.000     238.160        1417454991   1320      0     40          45   1320
     GPU 0  1.000  0.000  0.000  0.000  0.002  0.000  0.000  0.000               3475143               3515842         100           0       0.000      99.000     238.160        1417454991   1320      0     40          45   1320
     GPU 0  1.000  0.939  0.749  0.000  0.002  0.000  0.619  0.000               2336018               1522400         100           0       0.000      99.000     238.160        1417454991   1320      0     40          45   1320
     GPU 0  1.000  0.942  0.762  0.000  0.002  0.000  0.619  0.000               4162676               3156825         100           0       0.000      99.000     238.160        1417479018   1320      0     40          45   1320
     GPU 0  1.000  0.000  0.000  0.000  0.002  0.000  0.000  0.000               7535138               5276709         100           0       0.000      99.000     238.160        1417479018   1320      0     40          45   1320
     GPU 0  1.000  0.000  0.000  0.000  0.002  0.000  0.000  0.000               7535138               5276709         100           0       0.000      99.000     238.160        1417479018   1320      0     40          45   1320
     GPU 0  1.000  0.952  0.759  0.000  0.002  0.000  0.630  0.000              10693272               7920693         100           0       0.000      99.000     238.160        1417479018   1320      0     40          45   1320
     GPU 0  1.000  0.954  0.771  0.000  0.002  0.000  0.634  0.000               6578125               5236733         100           0       0.000      99.000     238.160        1417479018   1320      0     40          45   1320

# Entity  GRACT  SMACT  SMOCC  TENSO  DRAMA  FP64A  FP32A  FP16A                 PCITX                 PCIRX       GPUTL       MCUTL       MUSAM       GUSAM       POWER             TOTEC  SACLK  PSTAT  TMPTR       MMTMP  SMCLK
      Id                                                                                                                                                               W                mJ                    C           C       
     GPU 0  1.000  0.000  0.000  0.000  0.002  0.000  0.000  0.000               9370669               7080871         100           0       0.000      99.000     240.059        1417479018   1320      0     40          45   1320
     GPU 0  1.000  0.950  0.751  0.000  0.002  0.000  0.627  0.000               9115974               6940669         100           0       0.000      99.000     240.059        1417503357   1320      0     40          45   1320
     GPU 0  1.000  0.949  0.763  0.000  0.002  0.000  0.613  0.000               9814045               7171732         100           0       0.000      99.000     240.059        1417503357   1320      0     40          45   1320
     GPU 0  1.000  0.949  0.763  0.000  0.002  0.000  0.613  0.000               9814045               7171732         100           0       0.000      99.000     240.059        1417503357   1320      0     40          46   1320
     GPU 0  1.000  0.000  0.000  0.000  0.002  0.000  0.000  0.000              10907947               8557974         100           0       0.000      99.000     240.059        1417503357   1320      0     40          45   1320
     GPU 0  1.000  0.948  0.771  0.000  0.002  0.000  0.628  0.000              11132954               8468333         100           0       0.000      99.000     239.472        1417527406   1320      0     40          46   1320
     GPU 0  1.000  0.946  0.757  0.000  0.002  0.000  0.623  0.000               9639060               7289764         100           0       0.000      99.000     239.472        1417527406   1320      0     40          46   1320
     GPU 0  1.000  0.000  0.000  0.000  0.002  0.000  0.000  0.000               3464884               1643356         100           0       0.000      99.000     239.472        1417527406   1320      0     40          45   1320
     GPU 0  1.000  0.941  0.737  0.000  0.002  0.000  0.620  0.000               3466049               1410678         100           0       0.000      99.000     239.472        1417527406   1320      0     40          45   1320
     GPU 0  1.000  0.942  0.755  0.000  0.002  0.000  0.627  0.000               2219673               1323021         100           0       0.000      99.000     239.472        1417527406   1320      0     40          45   1320
     GPU 0  1.000  0.942  0.755  0.000  0.002  0.000  0.627  0.000               2219673               1323021         100           0       0.000      99.000     238.941        1417527406   1320      0     40          46   1320
     GPU 0  1.000  0.000  0.000  0.000  0.002  0.000  0.000  0.000               5525273               3453031         100           0       0.000      99.000     238.941        1417551524   1320      0     40          45   1320
     GPU 0  1.000  0.951  0.760  0.000  0.002  0.000  0.617  0.000               8042343               5672090         100           0       0.000      99.000     238.941        1417551524   1320      0     40          45   1320
     GPU 0  1.000  0.944  0.741  0.000  0.002  0.000  0.622  0.000              11317263               8530124         100           0       0.000      99.000     238.941        1417551524   1320      0     40          45   1320

# Entity  GRACT  SMACT  SMOCC  TENSO  DRAMA  FP64A  FP32A  FP16A                 PCITX                 PCIRX       GPUTL       MCUTL       MUSAM       GUSAM       POWER             TOTEC  SACLK  PSTAT  TMPTR       MMTMP  SMCLK
      Id                                                                                                                                                               W                mJ                    C           C       
     GPU 0  1.000  0.000  0.000  0.000  0.002  0.000  0.000  0.000               7540538               6451441         100           0       0.000      99.000     238.941        1417551524   1320      0     40          45   1320
     GPU 0  1.000  0.000  0.000  0.000  0.002  0.000  0.000  0.000               7540538               6451441         100           0       0.000      99.000     237.339        1417575660   1320      0     40          45   1320
     GPU 0  1.000  0.946  0.765  0.000  0.002  0.000  0.628  0.000               5659459               4145345         100           0       0.000      99.000     237.339        1417575660   1320      0     40          46   1320
     GPU 0  1.000  0.949  0.756  0.000  0.002  0.000  0.627  0.000               5090657               4468698         100           0       0.000      99.000     237.339        1417575660   1320      0     40          45   1320
     GPU 0  1.000  0.000  0.000  0.000  0.001  0.000  0.000  0.000               3424700               1369097         100           0       0.000      99.000     237.339        1417575660   1320      0     40          46   1320
     GPU 0  1.000  0.950  0.744  0.000  0.002  0.000  0.625  0.000               6497090               4258126         100           0       0.000      99.000     237.339        1417575660   1320      0     40          46   1320
     GPU 0  1.000  0.950  0.744  0.000  0.002  0.000  0.625  0.000               6497090               4258126         100           0       0.000      99.000     237.339        1417575660   1320      0     40          46   1320
     GPU 0  1.000  0.939  0.729  0.000  0.002  0.000  0.617  0.000               7393330               5273292         100           0       0.000      99.000     238.699        1417599901   1320      0     40          46   1320
     GPU 0  1.000  0.000  0.000  0.000  0.002  0.000  0.000  0.000              10203724               7088550         100           0       0.000      99.000     238.699        1417599901   1320      0     40          46   1320
     GPU 0  1.000  0.951  0.761  0.000  0.002  0.000  0.613  0.000               9931589               7747202         100           0       0.000      99.000     238.699        1417599901   1320      0     40          46   1320
     GPU 0  1.000  0.949  0.766  0.000  0.002  0.000  0.631  0.000               9858817               7701129         100           0       0.000      99.000     238.699        1417599901   1320      0     40          46   1320
     GPU 0  1.000  0.000  0.000  0.000  0.002  0.000  0.000  0.000               9882914               7806818         100           0       0.000      99.000     240.301        1417623942   1320      0     40          46   1320
     GPU 0  1.000  0.955  0.768  0.000  0.002  0.000  0.618  0.000              11361667               8687363         100           0       0.000      99.000     240.301        1417623942   1320      0     40          46   1320
     GPU 0  1.000  0.955  0.768  0.000  0.002  0.000  0.618  0.000              11361667               8687363         100           0       0.000      99.000     240.301        1417623942   1320      0     40          46   1320

# Entity  GRACT  SMACT  SMOCC  TENSO  DRAMA  FP64A  FP32A  FP16A                 PCITX                 PCIRX       GPUTL       MCUTL       MUSAM       GUSAM       POWER             TOTEC  SACLK  PSTAT  TMPTR       MMTMP  SMCLK
      Id                                                                                                                                                               W                mJ                    C           C       
     GPU 0  1.000  0.948  0.743  0.000  0.002  0.000  0.625  0.000               9757531               7705731         100           0       0.000      99.000     240.301        1417623942   1320      0     40          46   1320
     GPU 0  1.000  0.000  0.000  0.000  0.002  0.000  0.000  0.000               8740787               6229966         100           0       0.000      99.000     240.301        1417623942   1320      0     40          46   1320
     GPU 0  1.000  0.948  0.744  0.000  0.001  0.000  0.626  0.000               3467894               1560878         100           0       0.000      99.000     240.301        1417623942   1320      0     40          46   1320
     GPU 0  1.000  0.000  0.000  0.000  0.002  0.000  0.000  0.000               1508185               1256820         100           0       0.000      99.000     237.339        1417648271   1320      0     40          46   1320
     GPU 0  1.000  0.955  0.776  0.000  0.002  0.000  0.634  0.000              10407250               8147421         100           0       0.000      99.000     237.339        1417648271   1320      0     40          46   1320
     GPU 0  1.000  0.955  0.776  0.000  0.002  0.000  0.634  0.000              10407250               8147421         100           0       0.000      99.000     237.339        1417648271   1320      0     40          46   1320
     GPU 0  0.641  0.260  0.197  0.000  0.002  0.000  0.160  0.000            1087145242               2974668         100           0       0.000      99.000     237.339        1417648271   1320      0     40          46   1320
     GPU 0  0.000  0.000  0.000  0.000  0.000  0.000  0.000  0.000               4735411               3352382         100           0       0.000      99.000     108.734        1417668449   1320      0     38          46   1320
     GPU 0  0.000  0.000  0.000  0.000  0.000  0.000  0.000  0.000               1699989                 82593         100           0       0.000      99.000     108.734        1417668449   1320      0     36          46   1320
     GPU 0  0.000  0.000  0.000  0.000  0.000  0.000  0.000  0.000               1965672                163806         100           0       0.000      99.000     108.734        1417668449   1320      0     35          46   1320
     GPU 0  0.000  0.000  0.000  0.000  0.000  0.000  0.000  0.000               6199392               2253498         100           0       0.000      99.000     108.734        1417668449   1320      0     35          46   1320
     GPU 0  0.000  0.000  0.000  0.000  0.000  0.000  0.000  0.000               4985975               2113336         100           0       0.000      99.000     108.734        1417668449   1320      0     35          46   1320
     GPU 0  0.000  0.000  0.000  0.000  0.000  0.000  0.000  0.000               4985975               2113336          40           0       0.000      40.000     108.734        1417668449   1320      0     35          46   1320
     GPU 0  0.000  0.000  0.000  0.000  0.000  0.000  0.000  0.000              10014775               3983786          40           0       0.000      40.000     100.354        1417678833   1320      0     34          46   1320

# Entity  GRACT  SMACT  SMOCC  TENSO  DRAMA  FP64A  FP32A  FP16A                 PCITX                 PCIRX       GPUTL       MCUTL       MUSAM       GUSAM       POWER             TOTEC  SACLK  PSTAT  TMPTR       MMTMP  SMCLK
      Id                                                                                                                                                               W                mJ                    C           C       
     GPU 0  0.000  0.000  0.000  0.000  0.000  0.000  0.000  0.000               4757564               2147719          40           0       0.000      40.000     100.354        1417678833   1320      0     34          45   1320
     GPU 0  0.000  0.000  0.000  0.000  0.000  0.000  0.000  0.000               4709310               2276051          40           0       0.000      40.000     100.354        1417678833   1320      0     34          46   1320
     GPU 0  0.000  0.000  0.000  0.000  0.000  0.000  0.000  0.000               8068025               4597728          40           0       0.000      40.000     100.354        1417678833   1320      0     34          45   1320
     GPU 0  0.000  0.000  0.000  0.000  0.000  0.000  0.000  0.000              10667416               7011693          40           0       0.000      40.000      99.821        1417688784   1320      0     33          46   1320
     GPU 0  0.000  0.000  0.000  0.000  0.000  0.000  0.000  0.000              11316709               7247985          40           0       0.000      40.000      99.821        1417688784   1320      0     33          46   1320
     GPU 0  0.000  0.000  0.000  0.000  0.000  0.000  0.000  0.000              10852098               6679792          40           0       0.000      40.000      99.821        1417688784   1320      0     33          46   1320
     GPU 0  0.000  0.000  0.000  0.000  0.000  0.000  0.000  0.000              10852098               6679792          40           0       0.000      40.000      99.821        1417688784   1320      0     33          46   1320
     GPU 0  0.000  0.000  0.000  0.000  0.000  0.000  0.000  0.000              11738850               6980401          40           0       0.000      40.000      99.821        1417688784   1320      0     33          45   1320
     GPU 0  0.000  0.000  0.000  0.000  0.000  0.000  0.000  0.000               8580439               4650060           0           0       0.000       0.000      99.821        1417688784   1320      0     33          45   1320
     GPU 0  0.000  0.000  0.000  0.000  0.000  0.000  0.000  0.000              10592571               5681678           0           0       0.000       0.000      99.530        1417698861   1320      0     33          45   1320
     GPU 0  0.000  0.000  0.000  0.000  0.000  0.000  0.000  0.000              10592571               5681678           0           0       0.000       0.000      99.530        1417698861   1320      0     33          45   1320
     GPU 0  0.000  0.000  0.000  0.000  0.000  0.000  0.000  0.000               4995300               3749412           0           0       0.000       0.000      99.530        1417698861   1320      0     32          45   1320
     GPU 0  0.000  0.000  0.000  0.000  0.000  0.000  0.000  0.000               2044406                 41844           0           0       0.000       0.000      99.530        1417698861   1320      0     32          45   1320
     GPU 0  0.000  0.000  0.000  0.000  0.000  0.000  0.000  0.000               2206784                121721           0           0       0.000       0.000      99.530        1417708906   1320      0     32          45   1320

# Entity  GRACT  SMACT  SMOCC  TENSO  DRAMA  FP64A  FP32A  FP16A                 PCITX                 PCIRX       GPUTL       MCUTL       MUSAM       GUSAM       POWER             TOTEC  SACLK  PSTAT  TMPTR       MMTMP  SMCLK
      Id                                                                                                                                                               W                mJ                    C           C       
     GPU 0  0.000  0.000  0.000  0.000  0.000  0.000  0.000  0.000               5362476               2475834           0           0       0.000       0.000      99.530        1417708906   1320      0     32          45   1320
     GPU 0  0.000  0.000  0.000  0.000  0.000  0.000  0.000  0.000               6935421               3780932           0           0       0.000       0.000      99.530        1417708906   1320      0     32          45   1320
     GPU 0  0.000  0.000  0.000  0.000  0.000  0.000  0.000  0.000               6935421               3780932           0           0       0.000       0.000      99.530        1417708906   1320      0     32          45   1320
     GPU 0  0.000  0.000  0.000  0.000  0.000  0.000  0.000  0.000               9180832               5341202           0           0       0.000       0.000      99.530        1417708906   1320      0     32          45   1320
     GPU 0  0.000  0.000  0.000  0.000  0.000  0.000  0.000  0.000               9180832               5341202           0           0       0.000       0.000      99.530        1417708906   1320      0     32          45   1320
     GPU 0  0.000  0.000  0.000  0.000  0.000  0.000  0.000  0.000               4354745               3308007           0           0       0.000       0.000      99.240        1417718976   1320      0     32          45   1320
     GPU 0  0.000  0.000  0.000  0.000  0.000  0.000  0.000  0.000               4354745               3308007           0           0       0.000       0.000      99.240        1417718976   1320      0     32          45   1320
     GPU 0  0.000  0.000  0.000  0.000  0.000  0.000  0.000  0.000               4354745               3308007           0           0       0.000       0.000      99.240        1417718976   1320      0     32          45   1320
     GPU 0  0.000  0.000  0.000  0.000  0.000  0.000  0.000  0.000              11369135              10165741           0           0       0.000       0.000      99.240        1417718976   1320      0     32          45   1320
     GPU 0  0.000  0.000  0.000  0.000  0.000  0.000  0.000  0.000              11369135              10165741           0           0       0.000       0.000      99.240        1417718976   1320      0     31          45   1320
     GPU 0  0.000  0.000  0.000  0.000  0.000  0.000  0.000  0.000              12267301              14220853           0           0       0.000       0.000      99.240        1417728991   1320      0     31          45   1320
     GPU 0  0.000  0.000  0.000  0.000  0.000  0.000  0.000  0.000              12267301              14220853           0           0       0.000       0.000      99.240        1417728991   1320      0     31          45   1320
     GPU 0  0.000  0.000  0.000  0.000  0.000  0.000  0.000  0.000              12267301              14220853           0           0       0.000       0.000      99.240        1417728991   1320      0     31          45   1320
     GPU 0  0.000  0.000  0.000  0.000  0.000  0.000  0.000  0.000              10287270               7865039           0           0       0.000       0.000      99.240        1417728991   1320      0     31          45   1320

# Entity  GRACT  SMACT  SMOCC  TENSO  DRAMA  FP64A  FP32A  FP16A                 PCITX                 PCIRX       GPUTL       MCUTL       MUSAM       GUSAM       POWER             TOTEC  SACLK  PSTAT  TMPTR       MMTMP  SMCLK
      Id                                                                                                                                                               W                mJ                    C           C       
     GPU 0  0.000  0.000  0.000  0.000  0.000  0.000  0.000  0.000              10287270               7865039           0           0       0.000       0.000      99.240        1417728991   1320      0     31          45   1320
     GPU 0  0.000  0.000  0.000  0.000  0.000  0.000  0.000  0.000              10287270               7865039           0           0       0.000       0.000      99.240        1417728991   1320      0     31          45   1320
     GPU 0  0.000  0.000  0.000  0.000  0.000  0.000  0.000  0.000              10287270               7865039           0           0       0.000       0.000      99.240        1417728991   1320      0     31          45   1320
     GPU 0  0.000  0.000  0.000  0.000  0.000  0.000  0.000  0.000              11719013               8429852           6           0       0.000       0.000      99.240        1417741220   1320      0     31          45   1320
     GPU 0  0.000  0.000  0.000  0.000  0.000  0.000  0.000  0.000               8847258               6605340           6           0       0.000       0.000      99.240        1417741220   1320      0     31          45   1320
     GPU 0  0.000  0.000  0.000  0.000  0.000  0.000  0.000  0.000               8847258               6605340           6           0       0.000       0.000      99.240        1417749214   1320      0     31          45   1320
     GPU 0  0.000  0.000  0.000  0.000  0.000  0.000  0.000  0.000               6456752               4066193           6           0       0.000       0.000     100.063        1417749214   1320      0     31          45   1320
     GPU 0  0.000  0.000  0.000  0.000  0.000  0.000  0.000  0.000              10714478               6424633           6           0       0.000       0.000     100.063        1417749214   1320      0     31          45   1320
     GPU 0  0.000  0.000  0.000  0.000  0.000  0.000  0.000  0.000              11021342               7459389           6           0       0.000       0.000     100.063        1417749214   1320      0     31          45   1320
     GPU 0  0.000  0.000  0.000  0.000  0.000  0.000  0.000  0.000               8887445               5619434           6           0       0.000       0.000     100.063        1417749214   1320      0     31          45   1320
     GPU 0  0.000  0.000  0.000  0.000  0.000  0.000  0.000  0.000               3298443                233011           0           0       0.000       0.000     100.063        1417749214   1320      0     31          45   1320
     GPU 0  0.000  0.000  0.000  0.000  0.000  0.000  0.000  0.000               3298443                233011           0           0       0.000       0.000     100.063        1417759384   1320      0     31          45   1320
     GPU 0  0.000  0.000  0.000  0.000  0.000  0.000  0.000  0.000               3287565               1767887           0           0       0.000       0.000     100.063        1417759384   1320      0     31          45   1320
     GPU 0  0.000  0.000  0.000  0.000  0.000  0.000  0.000  0.000               5961666               3984438           0           0       0.000       0.000     100.063        1417759384   1320      0     31          45   1320

# Entity  GRACT  SMACT  SMOCC  TENSO  DRAMA  FP64A  FP32A  FP16A                 PCITX                 PCIRX       GPUTL       MCUTL       MUSAM       GUSAM       POWER             TOTEC  SACLK  PSTAT  TMPTR       MMTMP  SMCLK
      Id                                                                                                                                                               W                mJ                    C           C       
     GPU 0  0.000  0.000  0.000  0.000  0.000  0.000  0.000  0.000               8569892               5421493           0           0       0.000       0.000     100.063        1417759384   1320      0     31          45   1320
     GPU 0  0.000  0.000  0.000  0.000  0.000  0.000  0.000  0.000               7179173               3960207           0           0       0.000       0.000     100.063        1417769454   1320      0     31          45   1320
     GPU 0  0.000  0.000  0.000  0.000  0.000  0.000  0.000  0.000               9381609               5585949           0           0       0.000       0.000     100.063        1417769454   1320      0     31          45   1320
     GPU 0  0.000  0.000  0.000  0.000  0.000  0.000  0.000  0.000              10639849               6964522           0           0       0.000       0.000     100.063        1417769454   1320      0     31          45   1320
     GPU 0  0.000  0.000  0.000  0.000  0.000  0.000  0.000  0.000              10639849               6964522           0           0       0.000       0.000     100.063        1417769454   1320      0     31          45   1320
     GPU 0  0.000  0.000  0.000  0.000  0.000  0.000  0.000  0.000              11787310               7399558           0           0       0.000       0.000     100.063        1417769454   1320      0     31          45   1320
     GPU 0  0.000  0.000  0.000  0.000  0.000  0.000  0.000  0.000               6725183               3689514           0           0       0.000       0.000     100.063        1417769454   1320      0     31          45   1320
     GPU 0  0.000  0.000  0.000  0.000  0.000  0.000  0.000  0.000               6258282               4683514           0           0       0.000       0.000     100.063        1417779645   1320      0     31          45   1320
     GPU 0  0.000  0.000  0.000  0.000  0.000  0.000  0.000  0.000               6258282               4683514           0           0       0.000       0.000     100.063        1417779645   1320      0     31          45   1320
     GPU 0  0.000  0.000  0.000  0.000  0.000  0.000  0.000  0.000               3138095               2096242           0           0       0.000       0.000     100.063        1417779645   1320      0     31          45   1320
     GPU 0  0.000  0.000  0.000  0.000  0.000  0.000  0.000  0.000               3384239                275048           0           0       0.000       0.000     100.063        1417779645   1320      0     31          45   1320
     GPU 0  0.000  0.000  0.000  0.000  0.000  0.000  0.000  0.000               1919222                163422           0           0       0.000       0.000     100.063        1417789696   1320      0     30          45   1320
     GPU 0  0.000  0.000  0.000  0.000  0.000  0.000  0.000  0.000               4932524               2382514           0           0       0.000       0.000     100.063        1417789696   1320      0     30          45   1320
     GPU 0  0.000  0.000  0.000  0.000  0.000  0.000  0.000  0.000               4932524               2382514           0           0       0.000       0.000     100.063        1417789696   1320      0     30          45   1320

# Entity  GRACT  SMACT  SMOCC  TENSO  DRAMA  FP64A  FP32A  FP16A                 PCITX                 PCIRX       GPUTL       MCUTL       MUSAM       GUSAM       POWER             TOTEC  SACLK  PSTAT  TMPTR       MMTMP  SMCLK
      Id                                                                                                                                                               W                mJ                    C           C       
     GPU 0  0.000  0.000  0.000  0.000  0.000  0.000  0.000  0.000               8260773               4866641           0           0       0.000       0.000     100.063        1417789696   1320      0     30          45   1320
     GPU 0  0.000  0.000  0.000  0.000  0.000  0.000  0.000  0.000               6675870               4516004           0           0       0.000       0.000     100.063        1417789696   1320      0     30          45   1320
     GPU 0  0.000  0.000  0.000  0.000  0.000  0.000  0.000  0.000               6061807               3284778           0           0       0.000       0.000     100.063        1417789696   1320      0     30          45   1320
     GPU 0  0.000  0.000  0.000  0.000  0.000  0.000  0.000  0.000               1171045                 83646           0           0       0.000       0.000     100.063        1417799916   1320      0     30          45   1320
     GPU 0  0.000  0.000  0.000  0.000  0.000  0.000  0.000  0.000               1171045                 83646           0           0       0.000       0.000     100.063        1417799916   1320      0     30          45   1320
     GPU 0  0.000  0.000  0.000  0.000  0.000  0.000  0.000  0.000               8908538               5604094           0           0       0.000       0.000     100.063        1417799916   1320      0     30          45   1320
     GPU 0  0.000  0.000  0.000  0.000  0.000  0.000  0.000  0.000               8257459               5617485           0           0       0.000       0.000     100.063        1417799916   1320      0     30          45   1320
     GPU 0  0.000  0.000  0.000  0.000  0.000  0.000  0.000  0.000               2522003               1276957           0           0       0.000       0.000     100.063        1417809949   1320      0     30          45   1320
     GPU 0  0.000  0.000  0.000  0.000  0.000  0.000  0.000  0.000               1961985                163498           0           0       0.000       0.000     100.063        1417809949   1320      0     30          45   1320
     GPU 0  0.000  0.000  0.000  0.000  0.000  0.000  0.000  0.000               4348685               1772588           0           0       0.000       0.000     100.063        1417809949   1320      0     30          45   1320
     GPU 0  0.000  0.000  0.000  0.000  0.000  0.000  0.000  0.000               6612899               3525287           0           0       0.000       0.000     100.063        1417809949   1320      0     30          45   1320
     GPU 0  0.000  0.000  0.000  0.000  0.000  0.000  0.000  0.000               6612899               3525287           0           0       0.000       0.000     100.063        1417809949   1320      0     30          45   1320
     GPU 0  0.000  0.000  0.000  0.000  0.000  0.000  0.000  0.000               8931948               4809908           0           0       0.000       0.000     100.063        1417809949   1320      0     30          45   1320
     GPU 0  0.000  0.000  0.000  0.000  0.000  0.000  0.000  0.000               4898890               3474320           0           0       0.000       0.000     100.063        1417820091   1320      0     30          45   1320

# Entity  GRACT  SMACT  SMOCC  TENSO  DRAMA  FP64A  FP32A  FP16A                 PCITX                 PCIRX       GPUTL       MCUTL       MUSAM       GUSAM       POWER             TOTEC  SACLK  PSTAT  TMPTR       MMTMP  SMCLK
      Id                                                                                                                                                               W                mJ                    C           C       
     GPU 0  0.000  0.000  0.000  0.000  0.000  0.000  0.000  0.000               4898890               3474320           0           0       0.000       0.000     100.063        1417820091   1320      0     30          45   1320
     GPU 0  0.000  0.000  0.000  0.000  0.000  0.000  0.000  0.000               8943124               5390220           0           0       0.000       0.000     100.063        1417820091   1320      0     30          45   1320
     GPU 0  0.000  0.000  0.000  0.000  0.000  0.000  0.000  0.000              10156037               6643992           0           0       0.000       0.000     100.063        1417820091   1320      0     30          45   1320
     GPU 0  0.000  0.000  0.000  0.000  0.000  0.000  0.000  0.000               7461870               5240271           0           0       0.000       0.000     100.063        1417830151   1320      0     30          45   1320
     GPU 0  0.000  0.000  0.000  0.000  0.000  0.000  0.000  0.000               2620179               1224997           0           0       0.000       0.000     100.063        1417830151   1320      0     30          45   1320
     GPU 0  0.000  0.000  0.000  0.000  0.000  0.000  0.000  0.000               4776385               1969530           0           0       0.000       0.000     100.063        1417830151   1320      0     30          45   1320
     GPU 0  0.000  0.000  0.000  0.000  0.000  0.000  0.000  0.000               4776385               1969530           0           0       0.000       0.000     100.063        1417830151   1320      0     30          45   1320
     GPU 0  0.000  0.000  0.000  0.000  0.000  0.000  0.000  0.000               6724813               3707340           0           0       0.000       0.000     100.063        1417830151   1320      0     30          45   1320
     GPU 0  0.000  0.000  0.000  0.000  0.000  0.000  0.000  0.000               6724813               3707340           0           0       0.000       0.000     100.063        1417830151   1320      0     30          45   1320
     GPU 0  0.000  0.000  0.000  0.000  0.000  0.000  0.000  0.000               6724813               3707340           0           0       0.000       0.000     100.063        1417830151   1320      0     30          45   1320
     GPU 0  0.000  0.000  0.000  0.000  0.000  0.000  0.000  0.000               6724813               3707340           0           0       0.000       0.000     100.063        1417830151   1320      0     30          45   1320
     GPU 0  0.000  0.000  0.000  0.000  0.000  0.000  0.000  0.000               9759563               5362278           0           0       0.000       0.000     100.063        1417842414   1320      0     30          45   1320
     GPU 0  0.000  0.000  0.000  0.000  0.000  0.000  0.000  0.000              11114353               7161654           0           0       0.000       0.000     100.063        1417842414   1320      0     30          45   1320
     GPU 0  0.000  0.000  0.000  0.000  0.000  0.000  0.000  0.000               7583620              10065367           0           0       0.000       0.000     100.063        1417850509   1320      0     30          45   1320

# Entity  GRACT  SMACT  SMOCC  TENSO  DRAMA  FP64A  FP32A  FP16A                 PCITX                 PCIRX       GPUTL       MCUTL       MUSAM       GUSAM       POWER             TOTEC  SACLK  PSTAT  TMPTR       MMTMP  SMCLK
      Id                                                                                                                                                               W                mJ                    C           C       
     GPU 0  0.000  0.000  0.000  0.000  0.000  0.000  0.000  0.000               7583620              10065367           0           0       0.000       0.000      99.821        1417850509   1320      0     30          45   1320
     GPU 0  0.000  0.000  0.000  0.000  0.000  0.000  0.000  0.000               4876728               1905328           0           0       0.000       0.000      99.821        1417850509   1320      0     30          45   1320
     GPU 0  0.000  0.000  0.000  0.000  0.000  0.000  0.000  0.000               9955448               6827331           0           0       0.000       0.000      99.821        1417850509   1320      0     30          45   1320
     GPU 0  0.000  0.000  0.000  0.000  0.000  0.000  0.000  0.000               8061094               4978246           0           0       0.000       0.000      99.821        1417850509   1320      0     30          45   1320
     GPU 0  0.000  0.000  0.000  0.000  0.000  0.000  0.000  0.000               1005135                 83761           0           0       0.000       0.000      99.821        1417850509   1320      0     30          45    315
     GPU 0  0.000  0.000  0.000  0.000  0.000  0.000  0.000  0.000               1005135                 83761           0           0       0.000       0.000      93.828        1417860930   1320      0     30          45    315
     GPU 0  0.000  0.000  0.000  0.000  0.000  0.000  0.000  0.000               5595873               3287575           0           0       0.000       0.000      93.828        1417860930   1320      0     30          45    315
