# Entity  GRACT  SMACT  SMOCC  TENSO  DRAMA  FP64A  FP32A  FP16A                 PCITX                 PCIRX       GPUTL       MCUTL       MUSAM       GUSAM       POWER             TOTEC  SACLK  PSTAT  TMPTR       MMTMP  SMCLK
      Id                                                                                                                                                               W                mJ                    C           C       
     GPU 0  0.000  0.000  0.000  0.000  0.000  0.000  0.000  0.000             115713346              10519395           0           0       0.000       0.000      77.269         606229723   1380      0     27          43    210
     GPU 0  0.000  0.000  0.000  0.000  0.000  0.000  0.000  0.000               9556140               5246981           0           0       0.000       0.000      77.269         606229723   1380      0     27          43    210
     GPU 0  0.000  0.000  0.000  0.000  0.000  0.000  0.000  0.000               9556140               5246981           0           0       0.000       0.000      77.269         606229723   1380      0     27          43    210
     GPU 0  0.000  0.000  0.000  0.000  0.000  0.000  0.000  0.000              12241292               7882487           0           0       0.000       0.000      77.269         606229723   1380      0     27          44    210
     GPU 0  0.000  0.000  0.000  0.000  0.000  0.000  0.000  0.000               4786545               2737615           0           0       0.000       0.000      78.923         606237674   1380      0     27          43    210
     GPU 0  0.000  0.000  0.000  0.000  0.000  0.000  0.000  0.000               8287716               4467277           0           0       0.000       0.000      78.923         606237674   1380      0     27          43    210
     GPU 0  0.000  0.000  0.000  0.000  0.000  0.000  0.000  0.000               8371622               5735186           0           0       0.000       0.000      78.923         606237674   1380      0     27          43    210
     GPU 0  0.000  0.000  0.000  0.000  0.000  0.000  0.000  0.000               8371622               5735186           0           0       0.000       0.000      78.923         606237674   1380      0     27          43    210
     GPU 0  0.000  0.000  0.000  0.000  0.000  0.000  0.000  0.000               2889286               2135193           0           0       0.000       0.000      78.923         606237674   1380      0     27          43    210
     GPU 0  0.000  0.000  0.000  0.000  0.000  0.000  0.000  0.000                918335                 83485           0           0       0.000       0.000      78.923         606245619   1380      0     27          43    210
     GPU 0  0.000  0.000  0.000  0.000  0.000  0.000  0.000  0.000               8538016               4541873           0           0       0.000       0.000      78.923         606245619   1380      0     27          43    210
     GPU 0  0.000  0.000  0.000  0.000  0.000  0.000  0.000  0.000               8538016               4541873           0           0       0.000       0.000      78.923         606245619   1380      0     27          43    210
     GPU 0  0.000  0.000  0.000  0.000  0.000  0.000  0.000  0.000               8995294               5929982           0           0       0.000       0.000      78.923         606245619   1380      0     27          43    210
     GPU 0  0.000  0.000  0.000  0.000  0.000  0.000  0.000  0.000               9193086               5740433           0           0       0.000       0.000      78.923         606245619   1380      0     27          43    210
     GPU 0  0.000  0.000  0.000  0.000  0.000  0.000  0.000  0.000               7922681               4737101           0           0       0.000       0.000      78.923         606253657   1380      0     27          43    210

# Entity  GRACT  SMACT  SMOCC  TENSO  DRAMA  FP64A  FP32A  FP16A                 PCITX                 PCIRX       GPUTL       MCUTL       MUSAM       GUSAM       POWER             TOTEC  SACLK  PSTAT  TMPTR       MMTMP  SMCLK
      Id                                                                                                                                                               W                mJ                    C           C       
     GPU 0  0.000  0.000  0.000  0.000  0.000  0.000  0.000  0.000               7922681               4737101           0           0       0.000       0.000      78.923         606253657   1380      0     27          43    210
     GPU 0  0.000  0.000  0.000  0.000  0.000  0.000  0.000  0.000               5342428               3148865           0           0       0.000       0.000      78.923         606253657   1380      0     27          43    210
     GPU 0  0.000  0.000  0.000  0.000  0.000  0.000  0.000  0.000               8499465               5903848           0           0       0.000       0.000      78.923         606253657   1380      0     27          44    210
     GPU 0  0.000  0.000  0.000  0.000  0.000  0.000  0.000  0.000               8988577               6239099           0           0       0.000       0.000      78.923         606253657   1380      0     27          44    210
     GPU 0  0.000  0.000  0.000  0.000  0.000  0.000  0.000  0.000               6749475               4989145           0           0       0.000       0.000      78.923         606253657   1380      0     27          44    210
     GPU 0  0.000  0.000  0.000  0.000  0.000  0.000  0.000  0.000               1006484                 83873           0           0       0.000       0.000      78.923         606261599   1380      0     27          43    210
     GPU 0  0.000  0.000  0.000  0.000  0.000  0.000  0.000  0.000               8411930               4885425           0           0       0.000       0.000      78.923         606261599   1380      0     27          43    210
     GPU 0  0.000  0.000  0.000  0.000  0.000  0.000  0.000  0.000               8411930               4885425           0           0       0.000       0.000      78.923         606261599   1380      0     27          43    210
     GPU 0  0.000  0.000  0.000  0.000  0.000  0.000  0.000  0.000               5754214               1982516           0           0       0.000       0.000      78.923         606261599   1380      0     27          43    210
     GPU 0  0.000  0.000  0.000  0.000  0.000  0.000  0.000  0.000               7360454               6760147           0           0       0.000       0.000      78.923         606269616   1380      0     27          43    210
     GPU 0  0.000  0.000  0.000  0.000  0.000  0.000  0.000  0.000               7360454               6760147           0           0       0.000       0.000      78.923         606269616   1380      0     27          43    210
     GPU 0  0.000  0.000  0.000  0.000  0.000  0.000  0.000  0.000               9652861               7020489           0           0       0.000       0.000      78.923         606269616   1380      0     27          43    210
     GPU 0  0.000  0.000  0.000  0.000  0.000  0.000  0.000  0.000               2139752              28744009           0           0       0.000       0.000      78.923         606269616   1380      0     27          43    210
     GPU 0  0.000  0.000  0.000  0.000  0.000  0.000  0.000  0.000               8945581              23606394           0           0       0.000       0.000      78.923         606269616   1380      0     27          43    210

# Entity  GRACT  SMACT  SMOCC  TENSO  DRAMA  FP64A  FP32A  FP16A                 PCITX                 PCIRX       GPUTL       MCUTL       MUSAM       GUSAM       POWER             TOTEC  SACLK  PSTAT  TMPTR       MMTMP  SMCLK
      Id                                                                                                                                                               W                mJ                    C           C       
     GPU 0  0.000  0.000  0.000  0.000  0.000  0.000  0.000  0.000               2062096               7088456           0           0       0.000       0.000      78.923         606277631   1380      0     27          43    210
     GPU 0  0.000  0.000  0.000  0.000  0.000  0.000  0.000  0.000               2062096               7088456           0           0       0.000       0.000      78.923         606277631   1380      0     27          43    210
     GPU 0  0.000  0.000  0.000  0.000  0.000  0.000  0.000  0.000               6828460               5412804           0           0       0.000       0.000      78.923         606277631   1380      0     27          43    210
     GPU 0  0.000  0.000  0.000  0.000  0.000  0.000  0.000  0.000               4898232               3903279           0           0       0.000       0.000      78.923         606277631   1380      0     27          43    210
     GPU 0  0.000  0.000  0.000  0.000  0.000  0.000  0.000  0.000               1590486               1518191           0           0       0.000       0.000      78.923         606277631   1380      0     27          43    210
     GPU 0  0.000  0.000  0.000  0.000  0.000  0.000  0.000  0.000               1590486               1518191           0           0       0.000       0.000      78.923         606277631   1380      0     27          43    210
     GPU 0  0.000  0.000  0.000  0.000  0.000  0.000  0.000  0.000               2574657               3405191           0           0       0.000       0.000      78.923         606277631   1380      0     27          43    210
     GPU 0  0.000  0.000  0.000  0.000  0.000  0.000  0.000  0.000               8301910               5006495           0           0       0.000       0.000      78.923         606285713   1380      0     27          43    210
     GPU 0  0.000  0.000  0.000  0.000  0.000  0.000  0.000  0.000               8301910               5006495           0           0       0.000       0.000      78.923         606285713   1380      0     27          44    210
     GPU 0  0.000  0.000  0.000  0.000  0.000  0.000  0.000  0.000               2271232               2422647           0           0       0.000       0.000      78.923         606285713   1380      0     27          44    210
     GPU 0  0.000  0.000  0.000  0.000  0.000  0.000  0.000  0.000               1908693               2738560           0           0       0.000       0.000      78.923         606293496   1380      0     27          44    210
     GPU 0  0.000  0.000  0.000  0.000  0.000  0.000  0.000  0.000               1908693               2738560           0           0       0.000       0.000      78.923         606293496   1380      0     27          43    210
     GPU 0  0.000  0.000  0.000  0.000  0.000  0.000  0.000  0.000               8602686               5111741           0           0       0.000       0.000      78.923         606293496   1380      0     27          43    210
     GPU 0  0.000  0.000  0.000  0.000  0.000  0.000  0.000  0.000               8602686               5111741           0           0       0.000       0.000      78.923         606293496   1380      0     27          43    210

# Entity  GRACT  SMACT  SMOCC  TENSO  DRAMA  FP64A  FP32A  FP16A                 PCITX                 PCIRX       GPUTL       MCUTL       MUSAM       GUSAM       POWER             TOTEC  SACLK  PSTAT  TMPTR       MMTMP  SMCLK
      Id                                                                                                                                                               W                mJ                    C           C       
     GPU 0  0.000  0.000  0.000  0.000  0.000  0.000  0.000  0.000               1383669               4439271           0           0       0.000       0.000      78.923         606293496   1380      0     27          43    210
     GPU 0  0.000  0.000  0.000  0.000  0.000  0.000  0.000  0.000               8982312             280055658           0           0       0.000       0.000      78.923         606293496   1380      0     27          43    210
     GPU 0  0.000  0.000  0.000  0.000  0.000  0.000  0.000  0.000               8408259              18115976           0           0       0.000       0.000      78.923         606301480   1380      0     27          43    210
     GPU 0  0.000  0.000  0.000  0.000  0.000  0.000  0.000  0.000               9983371              14442948           0           0       0.000       0.000      78.923         606301480   1380      0     27          43    210
     GPU 0  0.000  0.000  0.000  0.000  0.000  0.000  0.000  0.000               9983371              14442948           0           0       0.000       0.000      78.923         606301480   1380      0     27          43   1380
     GPU 0  0.074  0.000  0.000  0.000  0.000  0.000  0.000  0.000              26124783              22692330           0           0       0.000       0.000      78.923         606301480   1380      0     27          43   1380
     GPU 0  0.057  0.000  0.000  0.000  0.000  0.000  0.000  0.000               8855441              28295201           0           0       0.000       0.000      78.923         606310452   1380      0     27          44   1380
     GPU 0  0.010  0.000  0.000  0.000  0.002  0.000  0.000  0.000             399175239            3554283647           0           0       0.000       0.000     104.160         606310452   1380      0     27          44   1380
     GPU 0  0.826  0.943  0.764  0.000  0.002  0.000  0.626  0.000             277597692            2411718612           0           0       0.000       0.000     104.160         606310452   1380      0     27          43   1380
     GPU 0  1.000  0.000  0.000  0.000  0.002  0.000  0.000  0.000               9294347               6548085           0           0       0.000       0.000     104.160         606310452   1380      0     28          43   1380
     GPU 0  1.000  0.950  0.755  0.000  0.002  0.000  0.612  0.000               5184474               4044642           0           0       0.000       0.000     104.160         606310452   1380      0     31          43   1380
     GPU 0  1.000  0.950  0.755  0.000  0.002  0.000  0.612  0.000               5184474               4044642           0           0       0.000       0.000     104.160         606310452   1380      0     33          43   1380
     GPU 0  1.000  0.956  0.770  0.000  0.002  0.000  0.635  0.000               8161961               5623595          44           0       0.000      44.000     265.703         606332468   1380      0     34          43   1380
     GPU 0  1.000  0.000  0.000  0.000  0.002  0.000  0.000  0.000              21826530              12776505          44           0       0.000      44.000     265.703         606332468   1380      0     35          43   1380

# Entity  GRACT  SMACT  SMOCC  TENSO  DRAMA  FP64A  FP32A  FP16A                 PCITX                 PCIRX       GPUTL       MCUTL       MUSAM       GUSAM       POWER             TOTEC  SACLK  PSTAT  TMPTR       MMTMP  SMCLK
      Id                                                                                                                                                               W                mJ                    C           C       
     GPU 0  1.000  0.946  0.755  0.000  0.002  0.000  0.625  0.000              13361734               9675988          44           0       0.000      44.000     265.703         606332468   1380      0     35          44   1380
     GPU 0  1.000  0.000  0.000  0.000  0.002  0.000  0.000  0.000               8791344               6469970          44           0       0.000      44.000     265.703         606332468   1380      0     35          43   1380
     GPU 0  1.000  0.948  0.759  0.000  0.002  0.000  0.629  0.000               6211025               4870244          44           0       0.000      44.000     275.999         606359220   1380      0     36          44   1380
     GPU 0  1.000  0.944  0.761  0.000  0.002  0.000  0.609  0.000               7549349               6257900          44           0       0.000      44.000     275.999         606359220   1380      0     36          44   1380
     GPU 0  1.000  0.000  0.000  0.000  0.002  0.000  0.000  0.000               9869205               7728799          44           0       0.000      44.000     275.999         606359220   1380      0     36          44   1380
     GPU 0  1.000  0.944  0.755  0.000  0.002  0.000  0.623  0.000               9963149               7624086          44           0       0.000      44.000     275.999         606359220   1380      0     36          44   1380
     GPU 0  1.000  0.956  0.753  0.000  0.002  0.000  0.618  0.000              10341262               8055115          44           0       0.000      44.000     275.999         606359220   1380      0     37          44   1380
     GPU 0  1.000  0.956  0.753  0.000  0.002  0.000  0.618  0.000              10341262               8055115          44           0       0.000      44.000     275.999         606359220   1380      0     37          44   1380
     GPU 0  1.000  0.956  0.753  0.000  0.002  0.000  0.618  0.000              10341262               8055115          44           0       0.000      44.000     275.999         606359220   1380      0     37          44   1380
     GPU 0  1.000  0.956  0.753  0.000  0.002  0.000  0.618  0.000              10341262               8055115          44           0       0.000      44.000     275.999         606359220   1380      0     37          44   1380
     GPU 0  1.000  0.956  0.753  0.000  0.002  0.000  0.618  0.000              10341262               8055115         100           0       0.000      99.000     276.530         606359220   1380      0     38          44   1380
     GPU 0  1.000  0.000  0.000  0.000  0.002  0.000  0.000  0.000              18670738              12272912         100           0       0.000      99.000     276.530         606388192   1380      0     38          44   1380
     GPU 0  1.000  0.944  0.749  0.000  0.002  0.000  0.620  0.000              10176130               7397197         100           0       0.000      99.000     269.199         606388192   1380      0     38          44   1380
     GPU 0  1.000  0.950  0.759  0.000  0.002  0.000  0.627  0.000               6743678               5779507         100           0       0.000      99.000     269.199         606415149   1380      0     38          44   1380

# Entity  GRACT  SMACT  SMOCC  TENSO  DRAMA  FP64A  FP32A  FP16A                 PCITX                 PCIRX       GPUTL       MCUTL       MUSAM       GUSAM       POWER             TOTEC  SACLK  PSTAT  TMPTR       MMTMP  SMCLK
      Id                                                                                                                                                               W                mJ                    C           C       
     GPU 0  1.000  0.950  0.759  0.000  0.002  0.000  0.627  0.000               6743678               5779507         100           0       0.000      99.000     269.199         606415149   1380      0     38          44   1380
     GPU 0  1.000  0.000  0.000  0.000  0.002  0.000  0.000  0.000              10242199               7567320         100           0       0.000      99.000     269.199         606415149   1380      0     38          44   1380
     GPU 0  1.000  0.944  0.750  0.000  0.002  0.000  0.624  0.000               3958432               3186675         100           0       0.000      99.000     269.199         606415149   1380      0     38          44   1380
     GPU 0  1.000  0.935  0.738  0.000  0.002  0.000  0.610  0.000               2333349               1725465         100           0       0.000      99.000     269.199         606442377   1380      0     38          44   1380
     GPU 0  1.000  0.000  0.000  0.000  0.002  0.000  0.000  0.000               4779962               3620175         100           0       0.000      99.000     267.303         606442377   1380      0     39          44   1380
     GPU 0  1.000  0.950  0.759  0.000  0.002  0.000  0.628  0.000               6982417               5497052         100           0       0.000      99.000     267.303         606442377   1380      0     39          44   1380
     GPU 0  1.000  0.949  0.766  0.000  0.002  0.000  0.630  0.000               9338328               7317114         100           0       0.000      99.000     267.303         606442377   1380      0     39          45   1380
     GPU 0  1.000  0.949  0.766  0.000  0.002  0.000  0.630  0.000               9338328               7317114         100           0       0.000      99.000     267.303         606442377   1380      0     39          44   1380
     GPU 0  1.000  0.000  0.000  0.000  0.002  0.000  0.000  0.000               8764831               6917094         100           0       0.000      99.000     267.303         606442377   1380      0     39          45   1380
     GPU 0  1.000  0.952  0.757  0.000  0.002  0.000  0.614  0.000               9125193               7191289         100           0       0.000      99.000     270.027         606469672   1380      0     39          44   1380
     GPU 0  1.000  0.962  0.785  0.000  0.002  0.000  0.641  0.000              11971050               7719162         100           0       0.000      99.000     270.027         606469672   1380      0     39          45   1380
     GPU 0  1.000  0.000  0.000  0.000  0.002  0.000  0.000  0.000              10489188               7463276         100           0       0.000      99.000     270.027         606469672   1380      0     39          44   1380
     GPU 0  1.000  0.000  0.000  0.000  0.002  0.000  0.000  0.000              10489188               7463276         100           0       0.000      99.000     270.027         606469672   1380      0     39          45   1380
     GPU 0  1.000  0.938  0.741  0.000  0.002  0.000  0.619  0.000               3700554               3178304         100           0       0.000      99.000     270.027         606469672   1380      0     39          45   1380

# Entity  GRACT  SMACT  SMOCC  TENSO  DRAMA  FP64A  FP32A  FP16A                 PCITX                 PCIRX       GPUTL       MCUTL       MUSAM       GUSAM       POWER             TOTEC  SACLK  PSTAT  TMPTR       MMTMP  SMCLK
      Id                                                                                                                                                               W                mJ                    C           C       
     GPU 0  1.000  0.938  0.741  0.000  0.002  0.000  0.619  0.000               3700554               3178304         100           0       0.000      99.000     268.420         606469672   1380      0     39          45   1380
     GPU 0  1.000  0.938  0.741  0.000  0.002  0.000  0.619  0.000               3700554               3178304         100           0       0.000      99.000     268.420         606469672   1380      0     39          45   1380
     GPU 0  1.000  0.938  0.741  0.000  0.002  0.000  0.619  0.000               3700554               3178304         100           0       0.000      99.000     268.420         606469672   1380      0     40          45   1380
     GPU 0  1.000  0.000  0.000  0.000  0.002  0.000  0.000  0.000               1590498               1841630         100           0       0.000      99.000     268.420         606499639   1380      0     40          45   1380
     GPU 0  1.000  0.942  0.750  0.000  0.002  0.000  0.622  0.000               3895807               3367659         100           0       0.000      99.000     270.316         606499639   1380      0     40          45   1380
     GPU 0  1.000  0.946  0.749  0.000  0.002  0.000  0.625  0.000               8448680               6435383         100           0       0.000      99.000     270.316         606524734   1380      0     40          45   1380
     GPU 0  1.000  0.000  0.000  0.000  0.002  0.000  0.000  0.000              13193604               9133590         100           0       0.000      99.000     270.316         606524734   1380      0     40          45   1380
     GPU 0  1.000  0.949  0.754  0.000  0.002  0.000  0.610  0.000              11868829               9438241         100           0       0.000      99.000     270.316         606524734   1380      0     40          45   1380
     GPU 0  1.000  0.949  0.754  0.000  0.002  0.000  0.610  0.000              11868829               9438241         100           0       0.000      99.000     270.316         606524734   1380      0     40          45   1380
     GPU 0  1.000  0.945  0.750  0.000  0.002  0.000  0.623  0.000               8305950               6707549         100           0       0.000      99.000     270.847         606524734   1380      0     40          45   1380
     GPU 0  1.000  0.000  0.000  0.000  0.002  0.000  0.000  0.000               3427684               1453398         100           0       0.000      99.000     270.847         606552296   1380      0     40          45   1380
     GPU 0  1.000  0.954  0.767  0.000  0.002  0.000  0.634  0.000               3471702               1454184         100           0       0.000      99.000     270.847         606552296   1380      0     40          45   1380
     GPU 0  1.000  0.961  0.780  0.000  0.002  0.000  0.642  0.000               2376391               1483289         100           0       0.000      99.000     270.847         606552296   1380      0     40          45   1380
     GPU 0  1.000  0.000  0.000  0.000  0.002  0.000  0.000  0.000               5097509               3607965         100           0       0.000      99.000     270.847         606552296   1380      0     40          45   1380

# Entity  GRACT  SMACT  SMOCC  TENSO  DRAMA  FP64A  FP32A  FP16A                 PCITX                 PCIRX       GPUTL       MCUTL       MUSAM       GUSAM       POWER             TOTEC  SACLK  PSTAT  TMPTR       MMTMP  SMCLK
      Id                                                                                                                                                               W                mJ                    C           C       
     GPU 0  1.000  0.000  0.000  0.000  0.002  0.000  0.000  0.000               5097509               3607965         100           0       0.000      99.000     270.847         606552296   1380      0     40          45   1380
     GPU 0  1.000  0.943  0.749  0.000  0.002  0.000  0.623  0.000               5333379               3780071         100           0       0.000      99.000     270.558         606579605   1380      0     40          45   1380
     GPU 0  1.000  0.944  0.744  0.000  0.002  0.000  0.623  0.000               8780918               6307156         100           0       0.000      99.000     270.558         606579605   1380      0     40          45   1380
     GPU 0  1.000  0.000  0.000  0.000  0.002  0.000  0.000  0.000              10654537               7992348         100           0       0.000      99.000     270.558         606579605   1380      0     41          45   1380
     GPU 0  1.000  0.950  0.763  0.000  0.002  0.000  0.612  0.000              11689288               8613284         100           0       0.000      99.000     270.558         606579605   1380      0     41          45   1380
     GPU 0  1.000  0.950  0.763  0.000  0.002  0.000  0.612  0.000              11689288               8613284         100           0       0.000      99.000     270.558         606579605   1380      0     41          45   1380
     GPU 0  1.000  0.946  0.751  0.000  0.002  0.000  0.624  0.000              10208352               7459117         100           0       0.000      99.000     270.558         606607435   1380      0     41          45   1380
     GPU 0  1.000  0.000  0.000  0.000  0.002  0.000  0.000  0.000               9437093               5940845         100           0       0.000      99.000     269.489         606607435   1380      0     41          45   1380
     GPU 0  1.000  0.949  0.762  0.000  0.002  0.000  0.613  0.000              10492241               8252750         100           0       0.000      99.000     269.489         606607435   1380      0     41          45   1380
     GPU 0  1.000  0.950  0.759  0.000  0.002  0.000  0.628  0.000              10775006               8457868         100           0       0.000      99.000     269.489         606607435   1380      0     41          45   1380
     GPU 0  1.000  0.000  0.000  0.000  0.002  0.000  0.000  0.000              11139431               8478776         100           0       0.000      99.000     269.489         606607435   1380      0     41          45   1380
     GPU 0  1.000  0.948  0.751  0.000  0.002  0.000  0.610  0.000              10584656               8420232         100           0       0.000      99.000     269.270         606634367   1380      0     41          45   1380
     GPU 0  1.000  0.945  0.757  0.000  0.002  0.000  0.625  0.000              11906698               8963502         100           0       0.000      99.000     269.270         606634367   1380      0     41          45   1380
     GPU 0  1.000  0.945  0.757  0.000  0.002  0.000  0.625  0.000              11906698               8963502         100           0       0.000      99.000     269.270         606634367   1380      0     41          45   1380

# Entity  GRACT  SMACT  SMOCC  TENSO  DRAMA  FP64A  FP32A  FP16A                 PCITX                 PCIRX       GPUTL       MCUTL       MUSAM       GUSAM       POWER             TOTEC  SACLK  PSTAT  TMPTR       MMTMP  SMCLK
      Id                                                                                                                                                               W                mJ                    C           C       
     GPU 0  1.000  0.000  0.000  0.000  0.002  0.000  0.000  0.000               4205005               3679587         100           0       0.000      99.000     269.270         606634367   1380      0     41          45   1380
     GPU 0  1.000  0.949  0.760  0.000  0.002  0.000  0.627  0.000               3470554               1454465         100           0       0.000      99.000     269.270         606634367   1380      0     41          45   1380
     GPU 0  1.000  0.944  0.785  0.000  0.002  0.000  0.629  0.000               7356940               3719958         100           0       0.000      99.000     269.270         606662071   1380      0     41          45   1380
     GPU 0  1.000  0.000  0.000  0.000  0.002  0.000  0.000  0.000               9672451               4761917         100           0       0.000      99.000     269.801         606662071   1380      0     41          45   1380
     GPU 0  1.000  0.949  0.758  0.000  0.002  0.000  0.628  0.000               4923570               3319301         100           0       0.000      99.000     269.801         606662071   1380      0     41          45   1380
     GPU 0  1.000  0.949  0.758  0.000  0.002  0.000  0.628  0.000               4923570               3319301         100           0       0.000      99.000     269.801         606662071   1380      0     41          45   1380
     GPU 0  1.000  0.941  0.746  0.000  0.002  0.000  0.620  0.000               7767134               5682483         100           0       0.000      99.000     269.801         606662071   1380      0     41          45   1380
     GPU 0  1.000  0.000  0.000  0.000  0.002  0.000  0.000  0.000              10336900               8095079         100           0       0.000      99.000     270.558         606689070   1380      0     41          45   1380
     GPU 0  1.000  0.943  0.757  0.000  0.002  0.000  0.608  0.000              10553819               8148570         100           0       0.000      99.000     270.558         606689070   1380      0     41          45   1380
     GPU 0  1.000  0.941  0.744  0.000  0.002  0.000  0.621  0.000              11062032               8518157         100           0       0.000      99.000     270.558         606689070   1380      0     41          46   1380
     GPU 0  1.000  0.941  0.744  0.000  0.002  0.000  0.621  0.000              11062032               8518157         100           0       0.000      99.000     270.558         606689070   1380      0     41          46   1380
     GPU 0  1.000  0.000  0.000  0.000  0.002  0.000  0.000  0.000               9241951               7402896         100           0       0.000      99.000     270.558         606689070   1380      0     42          44   1380
     GPU 0  1.000  0.948  0.752  0.000  0.002  0.000  0.627  0.000               9559887               6381366         100           0       0.000      99.000     270.558         606689070   1380      0     42          46   1380
     GPU 0  1.000  0.000  0.000  0.000  0.002  0.000  0.000  0.000               1425628               1928791         100           0       0.000      99.000     271.990         606717006   1380      0     42          46   1380

# Entity  GRACT  SMACT  SMOCC  TENSO  DRAMA  FP64A  FP32A  FP16A                 PCITX                 PCIRX       GPUTL       MCUTL       MUSAM       GUSAM       POWER             TOTEC  SACLK  PSTAT  TMPTR       MMTMP  SMCLK
      Id                                                                                                                                                               W                mJ                    C           C       
     GPU 0  1.000  0.951  0.747  0.000  0.002  0.000  0.614  0.000               7188575               5339468         100           0       0.000      99.000     271.990         606717006   1380      0     42          45   1380
     GPU 0  1.000  0.947  0.760  0.000  0.002  0.000  0.627  0.000              10552254               8227752         100           0       0.000      99.000     271.990         606717006   1380      0     42          46   1380
     GPU 0  1.000  0.000  0.000  0.000  0.002  0.000  0.000  0.000               8010121               6877721         100           0       0.000      99.000     271.990         606717006   1380      0     42          46   1380
     GPU 0  1.000  0.000  0.000  0.000  0.002  0.000  0.000  0.000               8010121               6877721         100           0       0.000      99.000     271.096         606743946   1380      0     42          46   1380
     GPU 0  1.000  0.952  0.754  0.000  0.002  0.000  0.628  0.000               3696446               1917002         100           0       0.000      99.000     271.096         606743946   1380      0     42          46   1380
     GPU 0  1.000  0.931  0.729  0.000  0.002  0.000  0.602  0.000               3702069               2236847         100           0       0.000      99.000     271.096         606743946   1380      0     42          46   1380
     GPU 0  1.000  0.000  0.000  0.000  0.002  0.000  0.000  0.000               6171386               3487250         100           0       0.000      99.000     271.096         606743946   1380      0     42          46   1380
     GPU 0  1.000  0.949  0.752  0.000  0.002  0.000  0.627  0.000               7887196               4988510         100           0       0.000      99.000     271.096         606743946   1380      0     42          46   1380
     GPU 0  1.000  0.931  0.738  0.000  0.002  0.000  0.609  0.000              16773047              10634141         100           0       0.000      99.000     271.675         606743946   1380      0     42          46   1380
     GPU 0  1.000  0.000  0.000  0.000  0.002  0.000  0.000  0.000               9011176               5423192         100           0       0.000      99.000     271.675         606771426   1380      0     42          46   1380
     GPU 0  1.000  0.000  0.000  0.000  0.002  0.000  0.000  0.000               9011176               5423192         100           0       0.000      99.000     271.675         606771426   1380      0     42          46   1380
     GPU 0  1.000  0.945  0.751  0.000  0.002  0.000  0.610  0.000               7488825               5517030         100           0       0.000      99.000     271.675         606771426   1380      0     42          46   1380
     GPU 0  1.000  0.949  0.762  0.000  0.002  0.000  0.628  0.000               9807683               7534298         100           0       0.000      99.000     271.675         606771426   1380      0     42          46   1380
     GPU 0  1.000  0.000  0.000  0.000  0.002  0.000  0.000  0.000              10355675               8121180         100           0       0.000      99.000     270.316         606798830   1380      0     42          46   1380

# Entity  GRACT  SMACT  SMOCC  TENSO  DRAMA  FP64A  FP32A  FP16A                 PCITX                 PCIRX       GPUTL       MCUTL       MUSAM       GUSAM       POWER             TOTEC  SACLK  PSTAT  TMPTR       MMTMP  SMCLK
      Id                                                                                                                                                               W                mJ                    C           C       
     GPU 0  1.000  0.000  0.000  0.000  0.002  0.000  0.000  0.000              10355675               8121180         100           0       0.000      99.000     270.316         606798830   1380      0     42          46   1380
     GPU 0  1.000  0.946  0.753  0.000  0.002  0.000  0.625  0.000               4602707               4393680         100           0       0.000      99.000     270.316         606798830   1380      0     42          46   1380
     GPU 0  1.000  0.944  0.751  0.000  0.002  0.000  0.622  0.000               6121211               5455926         100           0       0.000      99.000     270.316         606798830   1380      0     42          46   1380
     GPU 0  1.000  0.000  0.000  0.000  0.002  0.000  0.000  0.000               3467803               1494569         100           0       0.000      99.000     270.316         606798830   1380      0     42          46   1380
     GPU 0  1.000  0.000  0.000  0.000  0.002  0.000  0.000  0.000               3467803               1494569         100           0       0.000      99.000     270.316         606798830   1380      0     42          46   1380
     GPU 0  1.000  0.000  0.000  0.000  0.002  0.000  0.000  0.000               3467803               1494569         100           0       0.000      99.000     270.316         606798830   1380      0     42          46   1380
     GPU 0  1.000  0.000  0.000  0.000  0.002  0.000  0.000  0.000               3467803               1494569         100           0       0.000      99.000     270.316         606798830   1380      0     42          46   1380
     GPU 0  1.000  0.947  0.759  0.000  0.002  0.000  0.619  0.000              13867863               8388734         100           0       0.000      99.000     270.316         606828185   1380      0     42          46   1380
     GPU 0  1.000  0.947  0.759  0.000  0.002  0.000  0.619  0.000              13867863               8388734         100           0       0.000      99.000     270.316         606828185   1380      0     42          46   1380
     GPU 0  1.000  0.000  0.000  0.000  0.002  0.000  0.000  0.000               8548438               5757389         100           0       0.000      99.000     271.096         606828185   1380      0     42          46   1380
     GPU 0  1.000  0.947  0.753  0.000  0.002  0.000  0.626  0.000              11958367               7974312         100           0       0.000      99.000     271.096         606854038   1380      0     42          46   1380
     GPU 0  1.000  0.949  0.752  0.000  0.002  0.000  0.627  0.000               9732305               7376233         100           0       0.000      99.000     271.096         606854038   1380      0     42          46   1380
     GPU 0  1.000  0.000  0.000  0.000  0.002  0.000  0.000  0.000               8663871               6902571         100           0       0.000      99.000     271.096         606854038   1380      0     42          46   1380
     GPU 0  1.000  0.945  0.760  0.000  0.002  0.000  0.608  0.000               7843007               6752286         100           0       0.000      99.000     271.096         606854038   1380      0     42          46   1380

# Entity  GRACT  SMACT  SMOCC  TENSO  DRAMA  FP64A  FP32A  FP16A                 PCITX                 PCIRX       GPUTL       MCUTL       MUSAM       GUSAM       POWER             TOTEC  SACLK  PSTAT  TMPTR       MMTMP  SMCLK
      Id                                                                                                                                                               W                mJ                    C           C       
     GPU 0  1.000  0.945  0.760  0.000  0.002  0.000  0.608  0.000               7843007               6752286         100           0       0.000      99.000     269.199         606881546   1380      0     42          46   1380
     GPU 0  1.000  0.950  0.759  0.000  0.002  0.000  0.615  0.000              11058717               6824279         100           0       0.000      99.000     269.199         606881546   1380      0     42          46   1380
     GPU 0  1.000  0.000  0.000  0.000  0.002  0.000  0.000  0.000               8430151               6891717         100           0       0.000      99.000     269.199         606881546   1380      0     43          46   1380
     GPU 0  1.000  0.946  0.753  0.000  0.002  0.000  0.626  0.000              10760041               8033163         100           0       0.000      99.000     269.199         606881546   1380      0     43          46   1380
     GPU 0  1.000  0.946  0.753  0.000  0.002  0.000  0.626  0.000              10760041               8033163         100           0       0.000      99.000     269.199         606881546   1380      0     43          46   1380
     GPU 0  1.000  0.945  0.750  0.000  0.002  0.000  0.624  0.000               7246909               5613325         100           0       0.000      99.000     272.232         606881546   1380      0     43          46   1380
     GPU 0  1.000  0.000  0.000  0.000  0.002  0.000  0.000  0.000              10203857               6360282         100           0       0.000      99.000     272.232         606909332   1380      0     43          46   1380
     GPU 0  1.000  0.945  0.750  0.000  0.002  0.000  0.624  0.000               8078169               6906218         100           0       0.000      99.000     272.232         606909332   1380      0     43          46   1380
     GPU 0  1.000  0.935  0.716  0.000  0.002  0.000  0.613  0.000               2812037               2521766         100           0       0.000      99.000     272.232         606909332   1380      0     43          46   1380
     GPU 0  1.000  0.935  0.716  0.000  0.002  0.000  0.613  0.000               2812037               2521766         100           0       0.000      99.000     272.232         606909332   1380      0     43          46   1380
     GPU 0  1.000  0.000  0.000  0.000  0.002  0.000  0.000  0.000               3418883               1367474         100           0       0.000      99.000     272.985         606936731   1380      0     43          46   1380
     GPU 0  1.000  0.951  0.759  0.000  0.002  0.000  0.627  0.000               5550329               3495728         100           0       0.000      99.000     272.985         606936731   1380      0     43          46   1380
     GPU 0  1.000  0.942  0.734  0.000  0.002  0.000  0.620  0.000               6716653               4998366         100           0       0.000      99.000     272.985         606936731   1380      0     43          46   1380
     GPU 0  1.000  0.942  0.734  0.000  0.002  0.000  0.620  0.000               6716653               4998366         100           0       0.000      99.000     272.985         606936731   1380      0     43          46   1380

# Entity  GRACT  SMACT  SMOCC  TENSO  DRAMA  FP64A  FP32A  FP16A                 PCITX                 PCIRX       GPUTL       MCUTL       MUSAM       GUSAM       POWER             TOTEC  SACLK  PSTAT  TMPTR       MMTMP  SMCLK
      Id                                                                                                                                                               W                mJ                    C           C       
     GPU 0  1.000  0.000  0.000  0.000  0.002  0.000  0.000  0.000               9950187               7221397         100           0       0.000      99.000     272.985         606936731   1380      0     43          46   1380
     GPU 0  1.000  0.952  0.757  0.000  0.002  0.000  0.629  0.000               7013578               5510063         100           0       0.000      99.000     272.985         606936731   1380      0     43          46   1380
     GPU 0  1.000  0.000  0.000  0.000  0.002  0.000  0.000  0.000               1339647               1590831         100           0       0.000      99.000     272.770         606964764   1380      0     43          46   1380
     GPU 0  1.000  0.944  0.744  0.000  0.002  0.000  0.619  0.000               4024863               4066584         100           0       0.000      99.000     272.770         606964764   1380      0     43          46   1380
     GPU 0  1.000  0.944  0.744  0.000  0.002  0.000  0.619  0.000               4024863               4066584         100           0       0.000      99.000     272.770         606964764   1380      0     43          46   1380
     GPU 0  1.000  0.946  0.750  0.000  0.002  0.000  0.625  0.000               8765912               6459110         100           0       0.000      99.000     272.770         606964764   1380      0     43          46   1380
     GPU 0  1.000  0.000  0.000  0.000  0.002  0.000  0.000  0.000               8307983               6796970         100           0       0.000      99.000     272.770         606964764   1380      0     43          46   1380
     GPU 0  1.000  0.943  0.749  0.000  0.002  0.000  0.623  0.000               1256294               1423800         100           0       0.000      99.000     271.916         606991904   1380      0     43          46   1380
     GPU 0  1.000  0.000  0.000  0.000  0.002  0.000  0.000  0.000               9998743               7393187         100           0       0.000      99.000     271.916         606991904   1380      0     43          46   1380
     GPU 0  1.000  0.948  0.755  0.000  0.002  0.000  0.626  0.000              10889418               8162200         100           0       0.000      99.000     271.916         606991904   1380      0     43          46   1380
     GPU 0  1.000  0.945  0.751  0.000  0.002  0.000  0.625  0.000              10918053               8180893         100           0       0.000      99.000     271.916         606991904   1380      0     43          46   1380
     GPU 0  1.000  0.945  0.751  0.000  0.002  0.000  0.625  0.000              10918053               8180893         100           0       0.000      99.000     271.916         607019292   1380      0     43          46   1380
     GPU 0  1.000  0.000  0.000  0.000  0.002  0.000  0.000  0.000               9163930               7364604         100           0       0.000      99.000     271.916         607019292   1380      0     43          46   1380
     GPU 0  1.000  0.952  0.767  0.000  0.002  0.000  0.616  0.000               6345328               3981339         100           0       0.000      99.000     271.916         607019292   1380      0     42          46   1380

# Entity  GRACT  SMACT  SMOCC  TENSO  DRAMA  FP64A  FP32A  FP16A                 PCITX                 PCIRX       GPUTL       MCUTL       MUSAM       GUSAM       POWER             TOTEC  SACLK  PSTAT  TMPTR       MMTMP  SMCLK
      Id                                                                                                                                                               W                mJ                    C           C       
     GPU 0  0.393  0.000  0.000  0.000  0.002  0.000  0.000  0.000            1569142559                667187         100           0       0.000      99.000     271.916         607019292   1380      0     42          46   1380
     GPU 0  0.000  0.000  0.000  0.000  0.000  0.000  0.000  0.000              11782292               6448690         100           0       0.000      99.000     271.916         607019292   1380      0     42          46   1380
     GPU 0  0.000  0.000  0.000  0.000  0.000  0.000  0.000  0.000              11946286               6817462          79           0       0.000      78.000     271.916         607019292   1380      0     39          46   1380
     GPU 0  0.000  0.000  0.000  0.000  0.000  0.000  0.000  0.000              10719464               5584688          79           0       0.000      78.000     109.564         607039124   1380      0     38          46   1380
     GPU 0  0.000  0.000  0.000  0.000  0.000  0.000  0.000  0.000              10193089               5858821          79           0       0.000      78.000     109.564         607039124   1380      0     37          46   1380
     GPU 0  0.000  0.000  0.000  0.000  0.000  0.000  0.000  0.000              10763771               6904124          79           0       0.000      78.000     109.564         607039124   1380      0     37          46   1380
     GPU 0  0.000  0.000  0.000  0.000  0.000  0.000  0.000  0.000              10517023               6721325          79           0       0.000      78.000     109.564         607039124   1380      0     36          46   1380
     GPU 0  0.000  0.000  0.000  0.000  0.000  0.000  0.000  0.000              10517023               6721325          79           0       0.000      78.000     106.056         607049683   1380      0     36          46   1380
     GPU 0  0.000  0.000  0.000  0.000  0.000  0.000  0.000  0.000              10700495               6907934          79           0       0.000      78.000     106.056         607049683   1380      0     35          46   1380
     GPU 0  0.000  0.000  0.000  0.000  0.000  0.000  0.000  0.000              11959563               7475689          79           0       0.000      78.000     106.056         607049683   1380      0     35          46   1380
     GPU 0  0.000  0.000  0.000  0.000  0.000  0.000  0.000  0.000              11818738               7180424          79           0       0.000      78.000     106.056         607049683   1380      0     35          46   1380
     GPU 0  0.000  0.000  0.000  0.000  0.000  0.000  0.000  0.000               6069118               3289013          79           0       0.000      78.000     106.056         607049683   1380      0     35          46   1380
     GPU 0  0.000  0.000  0.000  0.000  0.000  0.000  0.000  0.000               6069118               3289013          79           0       0.000      78.000     106.056         607049683   1380      0     34          46   1380
     GPU 0  0.000  0.000  0.000  0.000  0.000  0.000  0.000  0.000               6069118               3289013          79           0       0.000      78.000     105.765         607049683   1380      0     34          46   1380

# Entity  GRACT  SMACT  SMOCC  TENSO  DRAMA  FP64A  FP32A  FP16A                 PCITX                 PCIRX       GPUTL       MCUTL       MUSAM       GUSAM       POWER             TOTEC  SACLK  PSTAT  TMPTR       MMTMP  SMCLK
      Id                                                                                                                                                               W                mJ                    C           C       
     GPU 0  0.000  0.000  0.000  0.000  0.000  0.000  0.000  0.000               6069118               3289013          79           0       0.000      78.000     105.765         607049683   1380      0     34          46   1380
     GPU 0  0.000  0.000  0.000  0.000  0.000  0.000  0.000  0.000                920550                 83686           0           0       0.000       0.000     105.765         607061082   1380      0     34          46   1380
     GPU 0  0.000  0.000  0.000  0.000  0.000  0.000  0.000  0.000                920550                 83686           0           0       0.000       0.000     105.765         607061082   1380      0     34          46   1380
     GPU 0  0.000  0.000  0.000  0.000  0.000  0.000  0.000  0.000               8419140               5062918           0           0       0.000       0.000     106.596         607061082   1380      0     34          46   1380
     GPU 0  0.000  0.000  0.000  0.000  0.000  0.000  0.000  0.000              12738413               6976948           0           0       0.000       0.000     106.596         607071233   1380      0     34          46   1380
     GPU 0  0.000  0.000  0.000  0.000  0.000  0.000  0.000  0.000               9132866               5585359           0           0       0.000       0.000     106.596         607071233   1380      0     33          46   1380
     GPU 0  0.000  0.000  0.000  0.000  0.000  0.000  0.000  0.000               8592584               5275225           0           0       0.000       0.000     106.596         607071233   1380      0     33          46   1380
     GPU 0  0.000  0.000  0.000  0.000  0.000  0.000  0.000  0.000               8592584               5275225           0           0       0.000       0.000     106.596         607071233   1380      0     33          46   1380
     GPU 0  0.000  0.000  0.000  0.000  0.000  0.000  0.000  0.000               8607296               5461514           0           0       0.000       0.000     106.596         607082074   1380      0     33          46   1380
     GPU 0  0.000  0.000  0.000  0.000  0.000  0.000  0.000  0.000               8753544               5500524           0           0       0.000       0.000     106.596         607082074   1380      0     33          46   1380
     GPU 0  0.000  0.000  0.000  0.000  0.000  0.000  0.000  0.000               8831466               5542008           0           0       0.000       0.000     106.596         607082074   1380      0     33          46   1380
     GPU 0  0.000  0.000  0.000  0.000  0.000  0.000  0.000  0.000               9700387               5923956           0           0       0.000       0.000     106.596         607082074   1380      0     33          46   1380
     GPU 0  0.000  0.000  0.000  0.000  0.000  0.000  0.000  0.000               9837256               5978881           0           0       0.000       0.000     106.596         607082074   1380      0     33          46   1380
     GPU 0  0.000  0.000  0.000  0.000  0.000  0.000  0.000  0.000               9837256               5978881           0           0       0.000       0.000     106.298         607092927   1380      0     33          46   1380

# Entity  GRACT  SMACT  SMOCC  TENSO  DRAMA  FP64A  FP32A  FP16A                 PCITX                 PCIRX       GPUTL       MCUTL       MUSAM       GUSAM       POWER             TOTEC  SACLK  PSTAT  TMPTR       MMTMP  SMCLK
      Id                                                                                                                                                               W                mJ                    C           C       
     GPU 0  0.004  0.000  0.000  0.000  0.000  0.000  0.000  0.000               4605503               8690385           0           0       0.000       0.000     106.298         607092927   1380      0     33          46   1380
     GPU 0  0.004  0.000  0.000  0.000  0.000  0.000  0.000  0.000               4605503               8690385           0           0       0.000       0.000     106.298         607092927   1380      0     33          46   1380
     GPU 0  0.004  0.000  0.000  0.000  0.000  0.000  0.000  0.000               4605503               8690385           0           0       0.000       0.000     106.298         607092927   1380      0     33          46   1380
     GPU 0  0.000  0.000  0.000  0.000  0.000  0.000  0.000  0.000               7478563               5795121           0           0       0.000       0.000     106.298         607092927   1380      0     33          46   1380
     GPU 0  0.000  0.000  0.000  0.000  0.000  0.000  0.000  0.000               7478563               5795121           0           0       0.000       0.000     106.298         607092927   1380      0     32          46   1380
     GPU 0  0.000  0.000  0.000  0.000  0.000  0.000  0.000  0.000               7478563               5795121           0           0       0.000       0.000     106.298         607092927   1380      0     32          46   1380
     GPU 0  0.000  0.000  0.000  0.000  0.000  0.000  0.000  0.000               7478563               5795121           0           0       0.000       0.000     106.298         607092927   1380      0     32          46   1380
     GPU 0  0.000  0.000  0.000  0.000  0.000  0.000  0.000  0.000              12519166              14668921           6           0       0.000       0.000     106.298         607103979   1380      0     32          46   1380
     GPU 0  0.000  0.000  0.000  0.000  0.000  0.000  0.000  0.000              12519166              14668921           6           0       0.000       0.000     106.298         607103979   1380      0     32          46   1380
     GPU 0  0.000  0.000  0.000  0.000  0.000  0.000  0.000  0.000              11254873               9059936           6           0       0.000       0.000     106.298         607103979   1380      0     32          46   1380
     GPU 0  0.000  0.000  0.000  0.000  0.000  0.000  0.000  0.000               2080537               4410739           6           0       0.000       0.000     106.298         607114788   1380      0     32          46   1380
     GPU 0  0.000  0.000  0.000  0.000  0.000  0.000  0.000  0.000               2080537               4410739           6           0       0.000       0.000     106.298         607114788   1380      0     32          46   1380
     GPU 0  0.000  0.000  0.000  0.000  0.000  0.000  0.000  0.000              10839432               8820314           6           0       0.000       0.000     106.298         607114788   1380      0     32          46   1380
     GPU 0  0.000  0.000  0.000  0.000  0.000  0.000  0.000  0.000              11489746               7337823           6           0       0.000       0.000     106.298         607114788   1380      0     32          46   1380

# Entity  GRACT  SMACT  SMOCC  TENSO  DRAMA  FP64A  FP32A  FP16A                 PCITX                 PCIRX       GPUTL       MCUTL       MUSAM       GUSAM       POWER             TOTEC  SACLK  PSTAT  TMPTR       MMTMP  SMCLK
      Id                                                                                                                                                               W                mJ                    C           C       
     GPU 0  0.000  0.000  0.000  0.000  0.000  0.000  0.000  0.000              10944588               6959652           6           0       0.000       0.000     106.298         607125338   1380      0     32          44   1380
     GPU 0  0.000  0.000  0.000  0.000  0.000  0.000  0.000  0.000              10584920               6553228           0           0       0.000       0.000     106.056         607125338   1380      0     32          46   1380
     GPU 0  0.000  0.000  0.000  0.000  0.000  0.000  0.000  0.000              12658664               7951475           0           0       0.000       0.000     106.056         607125338   1380      0     32          45   1380
     GPU 0  0.000  0.000  0.000  0.000  0.000  0.000  0.000  0.000              11867494               7491338           0           0       0.000       0.000     106.056         607125338   1380      0     32          46   1380
     GPU 0  0.000  0.000  0.000  0.000  0.000  0.000  0.000  0.000              11791034               6363482           0           0       0.000       0.000     106.056         607125338   1380      0     32          45   1380
     GPU 0  0.000  0.000  0.000  0.000  0.000  0.000  0.000  0.000               3257501                274945           0           0       0.000       0.000     106.056         607125338   1380      0     32          46   1380
     GPU 0  0.000  0.000  0.000  0.000  0.000  0.000  0.000  0.000               3257501                274945           0           0       0.000       0.000     106.056         607136074   1380      0     32          45   1380
     GPU 0  0.000  0.000  0.000  0.000  0.000  0.000  0.000  0.000                986411                 82200           0           0       0.000       0.000     106.056         607136074   1380      0     32          45   1380
     GPU 0  0.000  0.000  0.000  0.000  0.000  0.000  0.000  0.000               9168908               5484359           0           0       0.000       0.000     106.056         607136074   1380      0     32          45   1380
     GPU 0  0.000  0.000  0.000  0.000  0.000  0.000  0.000  0.000              10959513               6994481           0           0       0.000       0.000     106.056         607136074   1380      0     32          45   1380
     GPU 0  0.000  0.000  0.000  0.000  0.000  0.000  0.000  0.000               9419005               5980354           0           0       0.000       0.000     106.056         607136074   1380      0     32          45   1380
     GPU 0  0.000  0.000  0.000  0.000  0.000  0.000  0.000  0.000               8776530               4810658           0           0       0.000       0.000     106.056         607146807   1380      0     32          45   1380
     GPU 0  0.000  0.000  0.000  0.000  0.000  0.000  0.000  0.000               6372497               2364316           0           0       0.000       0.000     106.056         607146807   1380      0     31          45   1380
     GPU 0  0.000  0.000  0.000  0.000  0.000  0.000  0.000  0.000               9998493               6856607           0           0       0.000       0.000     106.056         607146807   1380      0     31          45   1380

# Entity  GRACT  SMACT  SMOCC  TENSO  DRAMA  FP64A  FP32A  FP16A                 PCITX                 PCIRX       GPUTL       MCUTL       MUSAM       GUSAM       POWER             TOTEC  SACLK  PSTAT  TMPTR       MMTMP  SMCLK
      Id                                                                                                                                                               W                mJ                    C           C       
     GPU 0  0.000  0.000  0.000  0.000  0.000  0.000  0.000  0.000               9998493               6856607           0           0       0.000       0.000     106.056         607146807   1380      0     31          45   1380
     GPU 0  0.000  0.000  0.000  0.000  0.000  0.000  0.000  0.000              10799012               7367459           0           0       0.000       0.000     105.765         607157520   1380      0     31          45   1380
     GPU 0  0.000  0.000  0.000  0.000  0.000  0.000  0.000  0.000               8202383               5117202           0           0       0.000       0.000     105.765         607157520   1380      0     31          45   1380
     GPU 0  0.000  0.000  0.000  0.000  0.000  0.000  0.000  0.000               1961568                121580           0           0       0.000       0.000     105.765         607157520   1380      0     31          45   1380
     GPU 0  0.000  0.000  0.000  0.000  0.000  0.000  0.000  0.000               3256891                274898           0           0       0.000       0.000     105.765         607157520   1380      0     31          45   1380
     GPU 0  0.000  0.000  0.000  0.000  0.000  0.000  0.000  0.000               4822420               2014234           0           0       0.000       0.000     105.765         607157520   1380      0     31          45   1380
     GPU 0  0.000  0.000  0.000  0.000  0.000  0.000  0.000  0.000               6710371               3551546           0           0       0.000       0.000     105.765         607157520   1380      0     31          45   1380
     GPU 0  0.000  0.000  0.000  0.000  0.000  0.000  0.000  0.000              14814125               8784255           0           0       0.000       0.000     105.765         607168307   1380      0     31          45   1380
     GPU 0  0.000  0.000  0.000  0.000  0.000  0.000  0.000  0.000              14814125               8784255           0           0       0.000       0.000     105.765         607168307   1380      0     31          45   1380
     GPU 0  0.000  0.000  0.000  0.000  0.000  0.000  0.000  0.000               8683248               4853241           0           0       0.000       0.000     105.765         607168307   1380      0     31          45   1380
     GPU 0  0.000  0.000  0.000  0.000  0.000  0.000  0.000  0.000               8688943               4625692           0           0       0.000       0.000     105.765         607168307   1380      0     31          45   1380
     GPU 0  0.000  0.000  0.000  0.000  0.000  0.000  0.000  0.000               8877928               5625110           0           0       0.000       0.000     105.765         607178917   1380      0     31          45   1380
     GPU 0  0.000  0.000  0.000  0.000  0.000  0.000  0.000  0.000               9657966               6531425           0           0       0.000       0.000     105.765         607178917   1380      0     31          45   1380
     GPU 0  0.000  0.000  0.000  0.000  0.000  0.000  0.000  0.000              10710366               6482860           0           0       0.000       0.000     105.765         607178917   1380      0     31          45   1380

# Entity  GRACT  SMACT  SMOCC  TENSO  DRAMA  FP64A  FP32A  FP16A                 PCITX                 PCIRX       GPUTL       MCUTL       MUSAM       GUSAM       POWER             TOTEC  SACLK  PSTAT  TMPTR       MMTMP  SMCLK
      Id                                                                                                                                                               W                mJ                    C           C       
     GPU 0  0.000  0.000  0.000  0.000  0.000  0.000  0.000  0.000              10279428               6696285           0           0       0.000       0.000     105.765         607178917   1380      0     31          45   1380
     GPU 0  0.000  0.000  0.000  0.000  0.000  0.000  0.000  0.000              10279428               6696285           0           0       0.000       0.000     105.765         607178917   1380      0     31          45   1380
     GPU 0  0.000  0.000  0.000  0.000  0.000  0.000  0.000  0.000               7491982               5231548           0           0       0.000       0.000     105.765         607178917   1380      0     31          45   1380
     GPU 0  0.000  0.000  0.000  0.000  0.000  0.000  0.000  0.000               8465447               5053439           0           0       0.000       0.000     105.765         607189721   1380      0     31          45   1380
     GPU 0  0.000  0.000  0.000  0.000  0.000  0.000  0.000  0.000               8465447               5053439           0           0       0.000       0.000     105.765         607189721   1380      0     31          45   1380
     GPU 0  0.000  0.000  0.000  0.000  0.000  0.000  0.000  0.000               6876429               4628856           0           0       0.000       0.000     105.765         607189721   1380      0     31          45   1380
     GPU 0  0.000  0.000  0.000  0.000  0.000  0.000  0.000  0.000               9095587               5728458           0           0       0.000       0.000     105.765         607189721   1380      0     31          45   1380
     GPU 0  0.000  0.000  0.000  0.000  0.000  0.000  0.000  0.000               9712816               6511037           0           0       0.000       0.000     105.765         607189721   1380      0     31          45   1380
     GPU 0  0.000  0.000  0.000  0.000  0.000  0.000  0.000  0.000              10608853               6576984           0           0       0.000       0.000     105.765         607200325   1380      0     31          45   1380
     GPU 0  0.000  0.000  0.000  0.000  0.000  0.000  0.000  0.000              10608853               6576984           0           0       0.000       0.000     105.765         607200325   1380      0     31          45   1380
     GPU 0  0.000  0.000  0.000  0.000  0.000  0.000  0.000  0.000               7953486               4929187           0           0       0.000       0.000     105.765         607200325   1380      0     31          45   1380
     GPU 0  0.000  0.000  0.000  0.000  0.000  0.000  0.000  0.000               9800125               6139384           0           0       0.000       0.000     105.765         607200325   1380      0     31          45   1380
     GPU 0  0.000  0.000  0.000  0.000  0.000  0.000  0.000  0.000              10896106               7166013           0           0       0.000       0.000     105.765         607211081   1380      0     31          45   1380
     GPU 0  0.000  0.000  0.000  0.000  0.000  0.000  0.000  0.000              10896106               7166013           0           0       0.000       0.000     105.765         607211081   1380      0     31          45   1380

# Entity  GRACT  SMACT  SMOCC  TENSO  DRAMA  FP64A  FP32A  FP16A                 PCITX                 PCIRX       GPUTL       MCUTL       MUSAM       GUSAM       POWER             TOTEC  SACLK  PSTAT  TMPTR       MMTMP  SMCLK
      Id                                                                                                                                                               W                mJ                    C           C       
     GPU 0  0.000  0.000  0.000  0.000  0.000  0.000  0.000  0.000              10158208               6140358           0           0       0.000       0.000     105.765         607211081   1380      0     31          45   1380
     GPU 0  0.000  0.000  0.000  0.000  0.000  0.000  0.000  0.000               9391408               6133207           0           0       0.000       0.000     105.765         607211081   1380      0     31          45   1380
     GPU 0  0.000  0.000  0.000  0.000  0.000  0.000  0.000  0.000              10436611               7250537           0           0       0.000       0.000     105.765         607211081   1380      0     31          45   1380
     GPU 0  0.000  0.000  0.000  0.000  0.000  0.000  0.000  0.000               9860423               6494580           0           0       0.000       0.000     105.765         607211081   1380      0     31          45   1380
     GPU 0  0.000  0.000  0.000  0.000  0.000  0.000  0.000  0.000                920675                     0           0           0       0.000       0.000     105.765         607221772   1380      0     31          45   1380
     GPU 0  0.000  0.000  0.000  0.000  0.000  0.000  0.000  0.000                920675                     0           0           0       0.000       0.000     105.765         607221772   1380      0     31          45   1380
     GPU 0  0.000  0.000  0.000  0.000  0.000  0.000  0.000  0.000               5431680               4041040           0           0       0.000       0.000     105.765         607221772   1380      0     31          45   1380
     GPU 0  0.000  0.000  0.000  0.000  0.000  0.000  0.000  0.000               6022427               3290258           0           0       0.000       0.000     105.765         607221772   1380      0     31          45   1380
     GPU 0  0.000  0.000  0.000  0.000  0.000  0.000  0.000  0.000               7942169               4489045           0           0       0.000       0.000     105.523         607232491   1380      0     31          45   1380
     GPU 0  0.000  0.000  0.000  0.000  0.000  0.000  0.000  0.000               7942169               4489045           0           0       0.000       0.000     105.523         607232491   1380      0     31          45   1380
     GPU 0  0.000  0.000  0.000  0.000  0.000  0.000  0.000  0.000               3588694               2460225           0           0       0.000       0.000     105.523         607232491   1380      0     31          45   1380
     GPU 0  0.000  0.000  0.000  0.000  0.000  0.000  0.000  0.000               7546452               5241090           0           0       0.000       0.000     105.523         607232491   1380      0     31          45   1380
     GPU 0  0.000  0.000  0.000  0.000  0.000  0.000  0.000  0.000               1003375                 83614           0           0       0.000       0.000     105.523         607232491   1380      0     31          45   1380
     GPU 0  0.000  0.000  0.000  0.000  0.000  0.000  0.000  0.000               4755172               2376660           0           0       0.000       0.000     105.523         607232491   1380      0     31          45    330
