# Entity  GRACT  SMACT  SMOCC  TENSO  DRAMA  FP64A  FP32A  FP16A                 PCITX                 PCIRX       GPUTL       MCUTL       MUSAM       GUSAM       POWER             TOTEC  SACLK  PSTAT  TMPTR       MMTMP  SMCLK
      Id                                                                                                                                                               W                mJ                    C           C       
     GPU 0  0.000  0.000  0.000  0.000  0.000  0.000  0.000  0.000             127574750              10631229           0           0       0.000       0.000      77.559        6446223728    960      0     26          43    210
     GPU 0  0.000  0.000  0.000  0.000  0.000  0.000  0.000  0.000               9613103               4841940           0           0       0.000       0.000      77.559        6446223728    960      0     26          43    210
     GPU 0  0.000  0.000  0.000  0.000  0.000  0.000  0.000  0.000               9613103               4841940           0           0       0.000       0.000      77.559        6446223728    960      0     26          43    210
     GPU 0  0.000  0.000  0.000  0.000  0.000  0.000  0.000  0.000               9139508               5743624           0           0       0.000       0.000      77.559        6446223728    960      0     26          43    210
     GPU 0  0.000  0.000  0.000  0.000  0.000  0.000  0.000  0.000               4740555               2777175           0           0       0.000       0.000      77.559        6446223728    960      0     26          43    210
     GPU 0  0.000  0.000  0.000  0.000  0.000  0.000  0.000  0.000               4740555               2777175           0           0       0.000       0.000      78.632        6446231708    960      0     26          43    210
     GPU 0  0.000  0.000  0.000  0.000  0.000  0.000  0.000  0.000               9500664               5542052           0           0       0.000       0.000      78.632        6446231708    960      0     26          43    210
     GPU 0  0.000  0.000  0.000  0.000  0.000  0.000  0.000  0.000               3024250                274931           0           0       0.000       0.000      78.632        6446231708    960      0     26          43    210
     GPU 0  0.000  0.000  0.000  0.000  0.000  0.000  0.000  0.000               3144471                 41880           0           0       0.000       0.000      78.632        6446231708    960      0     26          43    210
     GPU 0  0.000  0.000  0.000  0.000  0.000  0.000  0.000  0.000               4169325               1487983           0           0       0.000       0.000      78.632        6446239604    960      0     26          43    210
     GPU 0  0.000  0.000  0.000  0.000  0.000  0.000  0.000  0.000               6090544               3320521           0           0       0.000       0.000      78.632        6446239604    960      0     26          43    210
     GPU 0  0.000  0.000  0.000  0.000  0.000  0.000  0.000  0.000               6090544               3320521           0           0       0.000       0.000      78.632        6446239604    960      0     26          43    210
     GPU 0  0.000  0.000  0.000  0.000  0.000  0.000  0.000  0.000               7877726               4860929           0           0       0.000       0.000      78.632        6446239604    960      0     26          43    210
     GPU 0  0.000  0.000  0.000  0.000  0.000  0.000  0.000  0.000               5109638               3559776           0           0       0.000       0.000      78.632        6446239604    960      0     26          43    210
     GPU 0  0.000  0.000  0.000  0.000  0.000  0.000  0.000  0.000               5396183               4401635           0           0       0.000       0.000      78.632        6446239604    960      0     26          43    210

# Entity  GRACT  SMACT  SMOCC  TENSO  DRAMA  FP64A  FP32A  FP16A                 PCITX                 PCIRX       GPUTL       MCUTL       MUSAM       GUSAM       POWER             TOTEC  SACLK  PSTAT  TMPTR       MMTMP  SMCLK
      Id                                                                                                                                                               W                mJ                    C           C       
     GPU 0  0.000  0.000  0.000  0.000  0.000  0.000  0.000  0.000               5396183               4401635           0           0       0.000       0.000      78.632        6446247582    960      0     26          43    210
     GPU 0  0.000  0.000  0.000  0.000  0.000  0.000  0.000  0.000               1005609                 83800           0           0       0.000       0.000      78.632        6446247582    960      0     26          43    210
     GPU 0  0.000  0.000  0.000  0.000  0.000  0.000  0.000  0.000               4359670               3547826           0           0       0.000       0.000      78.632        6446247582    960      0     26          43    210
     GPU 0  0.000  0.000  0.000  0.000  0.000  0.000  0.000  0.000               3377655                274482           0           0       0.000       0.000      78.632        6446247582    960      0     26          43    210
     GPU 0  0.000  0.000  0.000  0.000  0.000  0.000  0.000  0.000               3148523                274809           0           0       0.000       0.000      78.632        6446255519    960      0     26          43    210
     GPU 0  0.000  0.000  0.000  0.000  0.000  0.000  0.000  0.000               3722603               1514186           0           0       0.000       0.000      78.632        6446255519    960      0     26          43    210
     GPU 0  0.000  0.000  0.000  0.000  0.000  0.000  0.000  0.000               5888641               3301531           0           0       0.000       0.000      78.632        6446255519    960      0     26          43    210
     GPU 0  0.000  0.000  0.000  0.000  0.000  0.000  0.000  0.000               5888641               3301531           0           0       0.000       0.000      78.632        6446255519    960      0     26          43    210
     GPU 0  0.000  0.000  0.000  0.000  0.000  0.000  0.000  0.000              10672993               9616048           0           0       0.000       0.000      78.632        6446255519    960      0     26          43    210
     GPU 0  0.000  0.000  0.000  0.000  0.000  0.000  0.000  0.000              10672993               9616048           0           0       0.000       0.000      78.632        6446255519    960      0     26          43    210
     GPU 0  0.000  0.000  0.000  0.000  0.000  0.000  0.000  0.000               1999729               4249424           0           0       0.000       0.000      78.632        6446263506    960      0     26          43    210
     GPU 0  0.000  0.000  0.000  0.000  0.000  0.000  0.000  0.000               2895727               3033619           0           0       0.000       0.000      78.632        6446263506    960      0     26          43    210
     GPU 0  0.000  0.000  0.000  0.000  0.000  0.000  0.000  0.000               9282820              23532764           0           0       0.000       0.000      78.632        6446263506    960      0     26          43    210
     GPU 0  0.000  0.000  0.000  0.000  0.000  0.000  0.000  0.000               2654642               8120083           0           0       0.000       0.000      78.632        6446263506    960      0     26          43    210

# Entity  GRACT  SMACT  SMOCC  TENSO  DRAMA  FP64A  FP32A  FP16A                 PCITX                 PCIRX       GPUTL       MCUTL       MUSAM       GUSAM       POWER             TOTEC  SACLK  PSTAT  TMPTR       MMTMP  SMCLK
      Id                                                                                                                                                               W                mJ                    C           C       
     GPU 0  0.000  0.000  0.000  0.000  0.000  0.000  0.000  0.000               1430053               2303975           0           0       0.000       0.000      78.632        6446263506    960      0     26          43    210
     GPU 0  0.000  0.000  0.000  0.000  0.000  0.000  0.000  0.000               1430053               2303975           0           0       0.000       0.000      78.632        6446271386    960      0     26          43    210
     GPU 0  0.000  0.000  0.000  0.000  0.000  0.000  0.000  0.000               6328108               4253318           0           0       0.000       0.000      78.632        6446271386    960      0     26          43    210
     GPU 0  0.000  0.000  0.000  0.000  0.000  0.000  0.000  0.000               9863679               5710551           0           0       0.000       0.000      78.632        6446271386    960      0     26          43    210
     GPU 0  0.000  0.000  0.000  0.000  0.000  0.000  0.000  0.000               9863679               5710551           0           0       0.000       0.000      78.632        6446271386    960      0     26          43    210
     GPU 0  0.000  0.000  0.000  0.000  0.000  0.000  0.000  0.000               7013923               5065685           0           0       0.000       0.000      78.632        6446271386    960      0     26          43    210
     GPU 0  0.000  0.000  0.000  0.000  0.000  0.000  0.000  0.000               5160790               3440527           0           0       0.000       0.000      78.632        6446279328    960      0     26          43    210
     GPU 0  0.000  0.000  0.000  0.000  0.000  0.000  0.000  0.000                930070                715438           0           0       0.000       0.000      78.632        6446279328    960      0     26          43    210
     GPU 0  0.000  0.000  0.000  0.000  0.000  0.000  0.000  0.000               1625884               2601414           0           0       0.000       0.000      78.632        6446279328    960      0     26          43    210
     GPU 0  0.000  0.000  0.000  0.000  0.000  0.000  0.000  0.000               1625884               2601414           0           0       0.000       0.000      78.632        6446279328    960      0     26          43    210
     GPU 0  0.000  0.000  0.000  0.000  0.000  0.000  0.000  0.000               1625884               2601414           0           0       0.000       0.000      78.632        6446279328    960      0     27          43    210
     GPU 0  0.000  0.000  0.000  0.000  0.000  0.000  0.000  0.000               8619719               5210427           0           0       0.000       0.000      78.632        6446279328    960      0     27          43    210
     GPU 0  0.000  0.000  0.000  0.000  0.000  0.000  0.000  0.000               1326614               4371798           0           0       0.000       0.000      78.632        6446287283    960      0     26          43    210
     GPU 0  0.000  0.000  0.000  0.000  0.000  0.000  0.000  0.000               1326614               4371798           0           0       0.000       0.000      78.632        6446287283    960      0     26          43    210

# Entity  GRACT  SMACT  SMOCC  TENSO  DRAMA  FP64A  FP32A  FP16A                 PCITX                 PCIRX       GPUTL       MCUTL       MUSAM       GUSAM       POWER             TOTEC  SACLK  PSTAT  TMPTR       MMTMP  SMCLK
      Id                                                                                                                                                               W                mJ                    C           C       
     GPU 0  0.000  0.000  0.000  0.000  0.000  0.000  0.000  0.000               7332757             332212514           0           0       0.000       0.000      78.632        6446287283    960      0     27          43    210
     GPU 0  0.000  0.000  0.000  0.000  0.000  0.000  0.000  0.000              10422357              15241297           0           0       0.000       0.000      78.632        6446287283    960      0     27          43    210
     GPU 0  0.000  0.000  0.000  0.000  0.000  0.000  0.000  0.000               5570133              18871944           0           0       0.000       0.000      78.632        6446295215    960      0     27          43    960
     GPU 0  0.237  0.000  0.000  0.000  0.000  0.000  0.000  0.000              23543251              82496244           0           0       0.000       0.000      78.632        6446295215    960      0     27          43    960
     GPU 0  0.035  0.000  0.000  0.000  0.000  0.000  0.000  0.000             121223931            1016434545           3           0       0.000       3.000      78.632        6446295215    960      0     27          43    960
     GPU 0  0.501  0.000  0.000  0.000  0.002  0.000  0.000  0.000             360935141            3176691441           3           0       0.000       3.000      78.632        6446295215    960      0     27          43    960
     GPU 0  1.000  0.948  0.757  0.000  0.001  0.000  0.613  0.000               9270827               6824813           3           0       0.000       3.000      78.632        6446295215    960      0     28          43    960
     GPU 0  1.000  0.948  0.757  0.000  0.001  0.000  0.613  0.000               9270827               6824813           3           0       0.000       3.000     155.520        6446305445    960      0     29          43    960
     GPU 0  1.000  0.000  0.000  0.000  0.001  0.000  0.000  0.000               8654486               6495584           3           0       0.000       3.000     155.520        6446305445    960      0     29          43    960
     GPU 0  1.000  0.945  0.750  0.000  0.001  0.000  0.606  0.000               9123558               6939817           3           0       0.000       3.000     155.520        6446305445    960      0     30          43    960
     GPU 0  1.000  0.944  0.760  0.000  0.001  0.000  0.623  0.000              12150887               8134413           3           0       0.000       3.000     155.520        6446305445    960      0     30          43    960
     GPU 0  1.000  0.000  0.000  0.000  0.001  0.000  0.000  0.000              10460303               7768204           3           0       0.000       3.000     155.520        6446305445    960      0     30          43    960
     GPU 0  1.000  0.945  0.757  0.000  0.001  0.000  0.626  0.000               4666392               3126454           3           0       0.000       3.000     161.990        6446321917    960      0     30          43    960
     GPU 0  1.000  0.941  0.766  0.000  0.001  0.000  0.623  0.000               5629710               4212010           3           0       0.000       3.000     161.990        6446321917    960      0     30          43    960

# Entity  GRACT  SMACT  SMOCC  TENSO  DRAMA  FP64A  FP32A  FP16A                 PCITX                 PCIRX       GPUTL       MCUTL       MUSAM       GUSAM       POWER             TOTEC  SACLK  PSTAT  TMPTR       MMTMP  SMCLK
      Id                                                                                                                                                               W                mJ                    C           C       
     GPU 0  1.000  0.000  0.000  0.000  0.001  0.000  0.000  0.000               8125235               5725834          88           0       0.000      87.000     161.990        6446321917    960      0     30          43    960
     GPU 0  1.000  0.939  0.757  0.000  0.001  0.000  0.624  0.000               9498061               6831817          88           0       0.000      87.000     161.990        6446321917    960      0     30          43    960
     GPU 0  1.000  0.939  0.757  0.000  0.001  0.000  0.624  0.000               9498061               6831817          88           0       0.000      87.000     161.990        6446321917    960      0     31          43    960
     GPU 0  1.000  0.946  0.773  0.000  0.001  0.000  0.630  0.000               9268818               6946367          88           0       0.000      87.000     162.529        6446338254    960      0     31          43    960
     GPU 0  1.000  0.000  0.000  0.000  0.001  0.000  0.000  0.000               7873972               6575655          88           0       0.000      87.000     162.529        6446338254    960      0     31          43    960
     GPU 0  1.000  0.949  0.754  0.000  0.001  0.000  0.628  0.000              10092804               7513641          88           0       0.000      87.000     162.529        6446338254    960      0     31          43    960
     GPU 0  1.000  0.941  0.743  0.000  0.001  0.000  0.620  0.000               9874046               6983765          88           0       0.000      87.000     162.529        6446338254    960      0     31          43    960
     GPU 0  1.000  0.941  0.743  0.000  0.001  0.000  0.620  0.000               9874046               6983765          88           0       0.000      87.000     163.351        6446338254    960      0     31          43    960
     GPU 0  1.000  0.000  0.000  0.000  0.001  0.000  0.000  0.000               3437703               3185978          88           0       0.000      87.000     163.351        6446354657    960      0     31          44    960
     GPU 0  1.000  0.940  0.762  0.000  0.001  0.000  0.621  0.000              10448742               7846951          88           0       0.000      87.000     163.351        6446354657    960      0     31          44    960
     GPU 0  1.000  0.943  0.754  0.000  0.001  0.000  0.624  0.000              10151543               7743023         100           0       0.000      99.000     163.351        6446354657    960      0     31          44    960
     GPU 0  1.000  0.000  0.000  0.000  0.001  0.000  0.000  0.000               9499072               6666303         100           0       0.000      99.000     163.351        6446354657    960      0     31          44    960
     GPU 0  1.000  0.945  0.747  0.000  0.001  0.000  0.625  0.000               9331023               6651792         100           0       0.000      99.000     163.351        6446354657    960      0     32          44    960
     GPU 0  1.000  0.940  0.753  0.000  0.001  0.000  0.621  0.000               9377781               7235272         100           0       0.000      99.000     162.529        6446371084    960      0     32          44    960

# Entity  GRACT  SMACT  SMOCC  TENSO  DRAMA  FP64A  FP32A  FP16A                 PCITX                 PCIRX       GPUTL       MCUTL       MUSAM       GUSAM       POWER             TOTEC  SACLK  PSTAT  TMPTR       MMTMP  SMCLK
      Id                                                                                                                                                               W                mJ                    C           C       
     GPU 0  1.000  0.000  0.000  0.000  0.001  0.000  0.000  0.000              11776359               8312018         100           0       0.000      99.000     162.529        6446371084    960      0     32          44    960
     GPU 0  1.000  0.938  0.751  0.000  0.001  0.000  0.618  0.000              10557996               7519335         100           0       0.000      99.000     162.529        6446371084    960      0     32          44    960
     GPU 0  1.000  0.938  0.751  0.000  0.001  0.000  0.618  0.000              10557996               7519335         100           0       0.000      99.000     162.529        6446371084    960      0     32          44    960
     GPU 0  1.000  0.944  0.811  0.000  0.001  0.000  0.630  0.000               3384624               1160147         100           0       0.000      99.000     162.529        6446371084    960      0     32          44    960
     GPU 0  1.000  0.000  0.000  0.000  0.001  0.000  0.000  0.000               3417594               1557886         100           0       0.000      99.000     163.649        6446387608    960      0     32          44    960
     GPU 0  1.000  0.943  0.750  0.000  0.001  0.000  0.608  0.000               5856718               3409694         100           0       0.000      99.000     163.649        6446387608    960      0     32          44    960
     GPU 0  1.000  0.932  0.709  0.000  0.001  0.000  0.609  0.000               4560598               2997303         100           0       0.000      99.000     163.649        6446387608    960      0     32          44    960
     GPU 0  1.000  0.000  0.000  0.000  0.001  0.000  0.000  0.000               4902340               3150287         100           0       0.000      99.000     163.649        6446387608    960      0     32          44    960
     GPU 0  1.000  0.000  0.000  0.000  0.001  0.000  0.000  0.000               4902340               3150287         100           0       0.000      99.000     163.649        6446387608    960      0     32          44    960
     GPU 0  1.000  0.950  0.766  0.000  0.001  0.000  0.630  0.000               7160583               4730735         100           0       0.000      99.000     163.109        6446404047    960      0     32          44    960
     GPU 0  1.000  0.945  0.768  0.000  0.001  0.000  0.627  0.000               7646517               6528992         100           0       0.000      99.000     163.109        6446404047    960      0     32          44    960
     GPU 0  1.000  0.000  0.000  0.000  0.001  0.000  0.000  0.000               5283793               3922315         100           0       0.000      99.000     163.109        6446404047    960      0     32          44    960
     GPU 0  1.000  0.000  0.000  0.000  0.001  0.000  0.000  0.000               5283793               3922315         100           0       0.000      99.000     163.109        6446404047    960      0     32          44    960
     GPU 0  1.000  0.940  0.740  0.000  0.001  0.000  0.619  0.000              11860095               7642061         100           0       0.000      99.000     163.649        6446404047    960      0     32          44    960

# Entity  GRACT  SMACT  SMOCC  TENSO  DRAMA  FP64A  FP32A  FP16A                 PCITX                 PCIRX       GPUTL       MCUTL       MUSAM       GUSAM       POWER             TOTEC  SACLK  PSTAT  TMPTR       MMTMP  SMCLK
      Id                                                                                                                                                               W                mJ                    C           C       
     GPU 0  1.000  0.943  0.751  0.000  0.001  0.000  0.605  0.000               8697029               6574846         100           0       0.000      99.000     163.649        6446420607    960      0     32          44    960
     GPU 0  1.000  0.000  0.000  0.000  0.001  0.000  0.000  0.000              10126523               7596834         100           0       0.000      99.000     163.649        6446420607    960      0     32          44    960
     GPU 0  1.000  0.945  0.744  0.000  0.001  0.000  0.601  0.000               8719168               6857092         100           0       0.000      99.000     163.649        6446420607    960      0     32          44    960
     GPU 0  1.000  0.948  0.763  0.000  0.001  0.000  0.619  0.000               8936379               6805445         100           0       0.000      99.000     163.649        6446420607    960      0     32          44    960
     GPU 0  1.000  0.000  0.000  0.000  0.001  0.000  0.000  0.000               8727189               6507464         100           0       0.000      99.000     163.649        6446420607    960      0     32          44    960
     GPU 0  1.000  0.938  0.743  0.000  0.001  0.000  0.618  0.000               9308636               6657462         100           0       0.000      99.000     162.819        6446436997    960      0     32          44    960
     GPU 0  1.000  0.935  0.759  0.000  0.001  0.000  0.618  0.000              12591932               8913965         100           0       0.000      99.000     162.819        6446436997    960      0     32          44    960
     GPU 0  1.000  0.000  0.000  0.000  0.001  0.000  0.000  0.000              10571608               7414597         100           0       0.000      99.000     162.819        6446436997    960      0     33          44    960
     GPU 0  1.000  0.000  0.000  0.000  0.001  0.000  0.000  0.000              10571608               7414597         100           0       0.000      99.000     162.819        6446436997    960      0     33          44    960
     GPU 0  1.000  0.939  0.745  0.000  0.001  0.000  0.620  0.000              11574889               8014586         100           0       0.000      99.000     162.819        6446436997    960      0     33          44    960
     GPU 0  1.000  0.935  0.745  0.000  0.001  0.000  0.617  0.000               9252638               6489397         100           0       0.000      99.000     163.649        6446453751    960      0     33          44    960
     GPU 0  1.000  0.000  0.000  0.000  0.001  0.000  0.000  0.000              10347424               7877805         100           0       0.000      99.000     163.649        6446453751    960      0     33          44    960
     GPU 0  1.000  0.940  0.738  0.000  0.001  0.000  0.619  0.000               9605378               7123103         100           0       0.000      99.000     163.649        6446453751    960      0     33          44    960
     GPU 0  1.000  0.943  0.743  0.000  0.001  0.000  0.622  0.000               9424163               6850423         100           0       0.000      99.000     163.649        6446453751    960      0     33          44    960

# Entity  GRACT  SMACT  SMOCC  TENSO  DRAMA  FP64A  FP32A  FP16A                 PCITX                 PCIRX       GPUTL       MCUTL       MUSAM       GUSAM       POWER             TOTEC  SACLK  PSTAT  TMPTR       MMTMP  SMCLK
      Id                                                                                                                                                               W                mJ                    C           C       
     GPU 0  1.000  0.000  0.000  0.000  0.001  0.000  0.000  0.000               9634350               7060351         100           0       0.000      99.000     163.649        6446453751    960      0     33          44    960
     GPU 0  1.000  0.937  0.736  0.000  0.001  0.000  0.618  0.000               9211633               7146384         100           0       0.000      99.000     163.890        6446469966    960      0     33          44    960
     GPU 0  1.000  0.941  0.749  0.000  0.001  0.000  0.621  0.000              11674188               8422795         100           0       0.000      99.000     163.890        6446469966    960      0     33          44    960
     GPU 0  1.000  0.000  0.000  0.000  0.001  0.000  0.000  0.000              10499625               7381776         100           0       0.000      99.000     163.890        6446469966    960      0     33          44    960
     GPU 0  1.000  0.000  0.000  0.000  0.001  0.000  0.000  0.000              10499625               7381776         100           0       0.000      99.000     163.890        6446469966    960      0     33          44    960
     GPU 0  1.000  0.941  0.764  0.000  0.001  0.000  0.599  0.000               5731835               3727726         100           0       0.000      99.000     163.890        6446469966    960      0     33          44    960
     GPU 0  1.000  0.933  0.728  0.000  0.001  0.000  0.611  0.000               3332306               1389971         100           0       0.000      99.000     162.529        6446486504    960      0     33          44    960
     GPU 0  1.000  0.000  0.000  0.000  0.001  0.000  0.000  0.000               5677257               3369651         100           0       0.000      99.000     162.529        6446486504    960      0     33          44    960
     GPU 0  1.000  0.942  0.752  0.000  0.001  0.000  0.623  0.000               4641419               3294110         100           0       0.000      99.000     162.529        6446486504    960      0     33          44    960
     GPU 0  1.000  0.947  0.773  0.000  0.001  0.000  0.630  0.000               7587405               5319594         100           0       0.000      99.000     162.529        6446486504    960      0     33          44    960
     GPU 0  1.000  0.947  0.773  0.000  0.001  0.000  0.630  0.000               7587405               5319594         100           0       0.000      99.000     162.529        6446486504    960      0     33          44    960
     GPU 0  1.000  0.000  0.000  0.000  0.001  0.000  0.000  0.000               9509487               7358765         100           0       0.000      99.000     163.109        6446502949    960      0     33          44    960
     GPU 0  1.000  0.940  0.739  0.000  0.001  0.000  0.620  0.000               7143694               6141392         100           0       0.000      99.000     163.109        6446502949    960      0     33          44    960
     GPU 0  1.000  0.943  0.755  0.000  0.001  0.000  0.604  0.000               7216157               4990383         100           0       0.000      99.000     163.109        6446502949    960      0     33          44    960

# Entity  GRACT  SMACT  SMOCC  TENSO  DRAMA  FP64A  FP32A  FP16A                 PCITX                 PCIRX       GPUTL       MCUTL       MUSAM       GUSAM       POWER             TOTEC  SACLK  PSTAT  TMPTR       MMTMP  SMCLK
      Id                                                                                                                                                               W                mJ                    C           C       
     GPU 0  1.000  0.943  0.755  0.000  0.001  0.000  0.604  0.000               7216157               4990383         100           0       0.000      99.000     163.109        6446502949    960      0     33          44    960
     GPU 0  1.000  0.000  0.000  0.000  0.001  0.000  0.000  0.000               3417873               1832001         100           0       0.000      99.000     163.109        6446502949    960      0     33          44    960
     GPU 0  1.000  0.929  0.760  0.000  0.001  0.000  0.617  0.000               1256301               1172547         100           0       0.000      99.000     161.748        6446519338    960      0     33          44    960
     GPU 0  1.000  0.000  0.000  0.000  0.001  0.000  0.000  0.000              10675777               7640098         100           0       0.000      99.000     161.748        6446519338    960      0     33          44    960
     GPU 0  1.000  0.956  0.765  0.000  0.001  0.000  0.636  0.000               9530070               7386148         100           0       0.000      99.000     161.748        6446519338    960      0     33          44    960
     GPU 0  1.000  0.934  0.741  0.000  0.001  0.000  0.617  0.000               9622757               7287744         100           0       0.000      99.000     161.748        6446519338    960      0     33          44    960
     GPU 0  1.000  0.000  0.000  0.000  0.001  0.000  0.000  0.000               9508933               7211203         100           0       0.000      99.000     161.748        6446519338    960      0     33          44    960
     GPU 0  1.000  0.936  0.750  0.000  0.001  0.000  0.606  0.000               7281167               6109477         100           0       0.000      99.000     161.748        6446535573    960      0     33          44    960
     GPU 0  1.000  0.921  0.798  0.000  0.001  0.000  0.613  0.000               3152930               1520039         100           0       0.000      99.000     161.748        6446535573    960      0     33          44    960
     GPU 0  1.000  0.921  0.798  0.000  0.001  0.000  0.613  0.000               3152930               1520039         100           0       0.000      99.000     161.748        6446535573    960      0     33          44    960
     GPU 0  1.000  0.000  0.000  0.000  0.002  0.000  0.000  0.000               3574429               1859118         100           0       0.000      99.000     161.748        6446535573    960      0     33          44    960
     GPU 0  1.000  0.943  0.760  0.000  0.001  0.000  0.625  0.000               4995122               2786480         100           0       0.000      99.000     161.748        6446535573    960      0     33          44    960
     GPU 0  1.000  0.948  0.787  0.000  0.001  0.000  0.632  0.000               8651901               5338489         100           0       0.000      99.000     162.287        6446551912    960      0     33          44    960
     GPU 0  1.000  0.000  0.000  0.000  0.001  0.000  0.000  0.000               7861060               5052560         100           0       0.000      99.000     162.287        6446551912    960      0     33          44    960

# Entity  GRACT  SMACT  SMOCC  TENSO  DRAMA  FP64A  FP32A  FP16A                 PCITX                 PCIRX       GPUTL       MCUTL       MUSAM       GUSAM       POWER             TOTEC  SACLK  PSTAT  TMPTR       MMTMP  SMCLK
      Id                                                                                                                                                               W                mJ                    C           C       
     GPU 0  1.000  0.927  0.741  0.000  0.001  0.000  0.613  0.000               9071045               6832031         100           0       0.000      99.000     162.287        6446551912    960      0     33          44    960
     GPU 0  1.000  0.928  0.726  0.000  0.001  0.000  0.611  0.000               9601258               7311521         100           0       0.000      99.000     162.287        6446551912    960      0     33          44    960
     GPU 0  1.000  0.928  0.726  0.000  0.001  0.000  0.611  0.000               9601258               7311521         100           0       0.000      99.000     162.287        6446551912    960      0     33          44    960
     GPU 0  1.000  0.000  0.000  0.000  0.001  0.000  0.000  0.000               9473519               7262944         100           0       0.000      99.000     161.748        6446568186    960      0     33          44    960
     GPU 0  1.000  0.952  0.758  0.000  0.001  0.000  0.631  0.000               9847916               7438012         100           0       0.000      99.000     161.748        6446568186    960      0     33          44    960
     GPU 0  1.000  0.946  0.757  0.000  0.001  0.000  0.621  0.000               9723315               7427596         100           0       0.000      99.000     161.748        6446568186    960      0     33          44    960
     GPU 0  1.000  0.000  0.000  0.000  0.001  0.000  0.000  0.000              10168037               7537686         100           0       0.000      99.000     161.748        6446568186    960      0     33          44    960
     GPU 0  1.000  0.000  0.000  0.000  0.001  0.000  0.000  0.000              10168037               7537686         100           0       0.000      99.000     161.748        6446568186    960      0     33          44    960
     GPU 0  1.000  0.951  0.759  0.000  0.001  0.000  0.629  0.000               7396935               5560625         100           0       0.000      99.000     161.748        6446584519    960      0     33          44    960
     GPU 0  1.000  0.915  0.734  0.000  0.001  0.000  0.598  0.000               3550312               3063287         100           0       0.000      99.000     161.748        6446584519    960      0     33          44    960
     GPU 0  1.000  0.000  0.000  0.000  0.001  0.000  0.000  0.000               2211976               1357176         100           0       0.000      99.000     161.748        6446584519    960      0     33          44    960
     GPU 0  1.000  0.953  0.775  0.000  0.001  0.000  0.635  0.000               3274106                693594         100           0       0.000      99.000     161.748        6446584519    960      0     33          44    960
     GPU 0  1.000  0.953  0.760  0.000  0.001  0.000  0.601  0.000               4466724               2917406         100           0       0.000      99.000     161.748        6446584519    960      0     33          44    960
     GPU 0  1.000  0.953  0.760  0.000  0.001  0.000  0.601  0.000               4466724               2917406         100           0       0.000      99.000     160.918        6446600746    960      0     33          44    960

# Entity  GRACT  SMACT  SMOCC  TENSO  DRAMA  FP64A  FP32A  FP16A                 PCITX                 PCIRX       GPUTL       MCUTL       MUSAM       GUSAM       POWER             TOTEC  SACLK  PSTAT  TMPTR       MMTMP  SMCLK
      Id                                                                                                                                                               W                mJ                    C           C       
     GPU 0  1.000  0.000  0.000  0.000  0.001  0.000  0.000  0.000               6646181               4565195         100           0       0.000      99.000     160.918        6446600746    960      0     33          44    960
     GPU 0  1.000  0.945  0.745  0.000  0.001  0.000  0.602  0.000               8791418               6593813         100           0       0.000      99.000     160.918        6446600746    960      0     33          44    960
     GPU 0  1.000  0.939  0.759  0.000  0.001  0.000  0.620  0.000              10978856               7857847         100           0       0.000      99.000     160.918        6446600746    960      0     33          44    960
     GPU 0  1.000  0.939  0.759  0.000  0.001  0.000  0.620  0.000              10978856               7857847         100           0       0.000      99.000     160.918        6446600746    960      0     33          44    960
     GPU 0  1.000  0.000  0.000  0.000  0.001  0.000  0.000  0.000               6736021               4658092         100           0       0.000      99.000     161.215        6446617151    960      0     33          44    960
     GPU 0  1.000  0.932  0.758  0.000  0.001  0.000  0.617  0.000               3877626               3753514         100           0       0.000      99.000     161.215        6446617151    960      0     33          44    960
     GPU 0  1.000  0.935  0.746  0.000  0.002  0.000  0.562  0.000               2292113               1516812         100           0       0.000      99.000     161.215        6446617151    960      0     33          44    960
     GPU 0  1.000  0.000  0.000  0.000  0.001  0.000  0.000  0.000               2171321               1031035         100           0       0.000      99.000     161.215        6446617151    960      0     33          44    960
     GPU 0  1.000  0.000  0.000  0.000  0.001  0.000  0.000  0.000               2171321               1031035         100           0       0.000      99.000     161.215        6446617151    960      0     33          44    960
     GPU 0  1.000  0.944  0.755  0.000  0.001  0.000  0.606  0.000               4947714               3241224         100           0       0.000      99.000     160.918        6446633374    960      0     33          44    960
     GPU 0  1.000  0.938  0.748  0.000  0.001  0.000  0.620  0.000               7077008               4857650         100           0       0.000      99.000     160.918        6446633374    960      0     33          44    960
     GPU 0  1.000  0.000  0.000  0.000  0.001  0.000  0.000  0.000               9219414               7256421         100           0       0.000      99.000     160.918        6446633374    960      0     33          44    960
     GPU 0  1.000  0.936  0.748  0.000  0.001  0.000  0.619  0.000               9497406               6971168         100           0       0.000      99.000     160.918        6446633374    960      0     33          44    960
     GPU 0  1.000  0.936  0.748  0.000  0.001  0.000  0.619  0.000               9497406               6971168         100           0       0.000      99.000     160.918        6446633374    960      0     33          44    960

# Entity  GRACT  SMACT  SMOCC  TENSO  DRAMA  FP64A  FP32A  FP16A                 PCITX                 PCIRX       GPUTL       MCUTL       MUSAM       GUSAM       POWER             TOTEC  SACLK  PSTAT  TMPTR       MMTMP  SMCLK
      Id                                                                                                                                                               W                mJ                    C           C       
     GPU 0  1.000  0.940  0.740  0.000  0.001  0.000  0.618  0.000               5399327               3802537         100           0       0.000      99.000     161.990        6446633374    960      0     33          44    960
     GPU 0  1.000  0.000  0.000  0.000  0.001  0.000  0.000  0.000               9042642               6572666         100           0       0.000      99.000     161.990        6446650048    960      0     33          44    960
     GPU 0  1.000  0.939  0.766  0.000  0.001  0.000  0.612  0.000               6340891               4942757         100           0       0.000      99.000     161.990        6446650048    960      0     33          44    960
     GPU 0  1.000  0.920  0.699  0.000  0.001  0.000  0.603  0.000               3428185               1328692         100           0       0.000      99.000     161.990        6446650048    960      0     33          44    960
     GPU 0  1.000  0.920  0.699  0.000  0.001  0.000  0.603  0.000               3428185               1328692         100           0       0.000      99.000     161.990        6446650048    960      0     34          44    960
     GPU 0  1.000  0.000  0.000  0.000  0.001  0.000  0.000  0.000               5887668               2853407         100           0       0.000      99.000     161.457        6446666076    960      0     34          44    960
     GPU 0  1.000  0.941  0.751  0.000  0.001  0.000  0.623  0.000               6453572               4382055         100           0       0.000      99.000     161.457        6446666076    960      0     34          44    960
     GPU 0  1.000  0.000  0.000  0.000  0.001  0.000  0.000  0.000              11700733               8736073         100           0       0.000      99.000     161.457        6446666076    960      0     34          44    960
     GPU 0  1.000  0.942  0.758  0.000  0.001  0.000  0.603  0.000               9510793               6471074         100           0       0.000      99.000     161.457        6446666076    960      0     34          44    960
     GPU 0  1.000  0.942  0.758  0.000  0.001  0.000  0.603  0.000               9510793               6471074         100           0       0.000      99.000     161.457        6446666076    960      0     34          44    960
     GPU 0  1.000  0.939  0.754  0.000  0.001  0.000  0.622  0.000               5620215               4846897         100           0       0.000      99.000     161.457        6446666076    960      0     34          44    960
     GPU 0  1.000  0.000  0.000  0.000  0.001  0.000  0.000  0.000               3315307               1368142         100           0       0.000      99.000     161.457        6446682425    960      0     34          44    960
     GPU 0  1.000  0.937  0.744  0.000  0.001  0.000  0.617  0.000               4849311               2804478         100           0       0.000      99.000     161.457        6446682425    960      0     34          44    960
     GPU 0  1.000  0.937  0.744  0.000  0.001  0.000  0.617  0.000               4849311               2804478         100           0       0.000      99.000     161.457        6446682425    960      0     34          44    960

# Entity  GRACT  SMACT  SMOCC  TENSO  DRAMA  FP64A  FP32A  FP16A                 PCITX                 PCIRX       GPUTL       MCUTL       MUSAM       GUSAM       POWER             TOTEC  SACLK  PSTAT  TMPTR       MMTMP  SMCLK
      Id                                                                                                                                                               W                mJ                    C           C       
     GPU 0  1.000  0.931  0.728  0.000  0.001  0.000  0.602  0.000               5045217               3255470         100           0       0.000      99.000     161.457        6446682425    960      0     34          44    960
     GPU 0  1.000  0.000  0.000  0.000  0.001  0.000  0.000  0.000               8897021               5924607         100           0       0.000      99.000     161.748        6446698916    960      0     34          44    960
     GPU 0  1.000  0.939  0.738  0.000  0.001  0.000  0.601  0.000               6513178               5304744         100           0       0.000      99.000     161.748        6446698916    960      0     34          44    960
     GPU 0  1.000  0.936  0.748  0.000  0.001  0.000  0.619  0.000               8537375               6348139         100           0       0.000      99.000     161.748        6446698916    960      0     34          44    960
     GPU 0  1.000  0.936  0.748  0.000  0.001  0.000  0.619  0.000               8537375               6348139         100           0       0.000      99.000     161.748        6446698916    960      0     34          44    960
     GPU 0  1.000  0.000  0.000  0.000  0.001  0.000  0.000  0.000               8184526               5748606         100           0       0.000      99.000     161.748        6446698916    960      0     34          44    960
     GPU 0  1.000  0.936  0.761  0.000  0.001  0.000  0.620  0.000               5669638               4010047         100           0       0.000      99.000     161.748        6446715150    960      0     34          44    960
     GPU 0  1.000  0.958  0.796  0.000  0.001  0.000  0.619  0.000               3742683               1693790         100           0       0.000      99.000     161.748        6446715150    960      0     34          44    960
     GPU 0  1.000  0.000  0.000  0.000  0.001  0.000  0.000  0.000               4400649               2710348         100           0       0.000      99.000     161.748        6446715150    960      0     34          44    960
     GPU 0  1.000  0.000  0.000  0.000  0.001  0.000  0.000  0.000               4400649               2710348         100           0       0.000      99.000     161.748        6446715150    960      0     34          44    960
     GPU 0  1.000  0.951  0.759  0.000  0.001  0.000  0.621  0.000               9438743               6729133         100           0       0.000      99.000     161.748        6446715150    960      0     34          44    960
     GPU 0  1.000  0.931  0.732  0.000  0.001  0.000  0.614  0.000               6481021               5321924         100           0       0.000      99.000     161.990        6446731446    960      0     34          44    960
     GPU 0  1.000  0.931  0.732  0.000  0.001  0.000  0.614  0.000               6481021               5321924         100           0       0.000      99.000     161.990        6446731446    960      0     34          44    960
     GPU 0  1.000  0.000  0.000  0.000  0.001  0.000  0.000  0.000               7831315               5509690         100           0       0.000      99.000     161.990        6446731446    960      0     34          44    960

# Entity  GRACT  SMACT  SMOCC  TENSO  DRAMA  FP64A  FP32A  FP16A                 PCITX                 PCIRX       GPUTL       MCUTL       MUSAM       GUSAM       POWER             TOTEC  SACLK  PSTAT  TMPTR       MMTMP  SMCLK
      Id                                                                                                                                                               W                mJ                    C           C       
     GPU 0  1.000  0.944  0.743  0.000  0.001  0.000  0.623  0.000               3381999               1350485         100           0       0.000      99.000     161.990        6446731446    960      0     34          44    960
     GPU 0  1.000  0.914  0.705  0.000  0.001  0.000  0.598  0.000               3328051               1114553         100           0       0.000      99.000     161.990        6446731446    960      0     34          44    960
     GPU 0  1.000  0.000  0.000  0.000  0.001  0.000  0.000  0.000               5716658               3567045         100           0       0.000      99.000     161.748        6446747868    960      0     34          44    960
     GPU 0  1.000  0.940  0.743  0.000  0.001  0.000  0.619  0.000               7307407               4556444         100           0       0.000      99.000     161.748        6446747868    960      0     34          44    960
     GPU 0  1.000  0.940  0.743  0.000  0.001  0.000  0.619  0.000               7307407               4556444         100           0       0.000      99.000     161.748        6446747868    960      0     34          44    960
     GPU 0  1.000  0.939  0.740  0.000  0.001  0.000  0.620  0.000               6628653               5333703         100           0       0.000      99.000     161.748        6446747868    960      0     34          44    960
     GPU 0  1.000  0.000  0.000  0.000  0.001  0.000  0.000  0.000               6455822               5240108         100           0       0.000      99.000     161.748        6446747868    960      0     34          44    960
     GPU 0  1.000  0.949  0.763  0.000  0.001  0.000  0.632  0.000               6704159               5370804         100           0       0.000      99.000     161.457        6446764199    960      0     34          44    960
     GPU 0  1.000  0.939  0.738  0.000  0.001  0.000  0.596  0.000               7379169               5786261         100           0       0.000      99.000     161.457        6446764199    960      0     34          44    960
     GPU 0  1.000  0.939  0.738  0.000  0.001  0.000  0.596  0.000               7379169               5786261         100           0       0.000      99.000     161.457        6446764199    960      0     34          45    960
     GPU 0  1.000  0.000  0.000  0.000  0.001  0.000  0.000  0.000               3380283                777353         100           0       0.000      99.000     161.457        6446764199    960      0     34          45    960
     GPU 0  1.000  0.934  0.747  0.000  0.001  0.000  0.613  0.000               3425587               1327746         100           0       0.000      99.000     161.457        6446764199    960      0     34          44    960
     GPU 0  1.000  0.935  0.715  0.000  0.001  0.000  0.612  0.000               8525746               4231855         100           0       0.000      99.000     161.457        6446780705    960      0     34          45    960
     GPU 0  1.000  0.000  0.000  0.000  0.001  0.000  0.000  0.000               5167312               3176950         100           0       0.000      99.000     161.457        6446780705    960      0     34          44    960

# Entity  GRACT  SMACT  SMOCC  TENSO  DRAMA  FP64A  FP32A  FP16A                 PCITX                 PCIRX       GPUTL       MCUTL       MUSAM       GUSAM       POWER             TOTEC  SACLK  PSTAT  TMPTR       MMTMP  SMCLK
      Id                                                                                                                                                               W                mJ                    C           C       
     GPU 0  1.000  0.000  0.000  0.000  0.001  0.000  0.000  0.000               5167312               3176950         100           0       0.000      99.000     161.457        6446780705    960      0     34          44    960
     GPU 0  1.000  0.940  0.755  0.000  0.001  0.000  0.621  0.000               6756453               5483449         100           0       0.000      99.000     161.457        6446780705    960      0     34          44    960
     GPU 0  1.000  0.944  0.744  0.000  0.001  0.000  0.624  0.000               9782190               7221357         100           0       0.000      99.000     161.457        6446780705    960      0     34          45    960
     GPU 0  1.000  0.000  0.000  0.000  0.001  0.000  0.000  0.000               4231486               3896471         100           0       0.000      99.000     161.990        6446796933    960      0     34          44    960
     GPU 0  1.000  0.946  0.770  0.000  0.001  0.000  0.623  0.000               9700886               7317067         100           0       0.000      99.000     161.990        6446796933    960      0     34          45    960
     GPU 0  1.000  0.946  0.770  0.000  0.001  0.000  0.623  0.000               9700886               7317067         100           0       0.000      99.000     161.990        6446796933    960      0     34          44    960
     GPU 0  1.000  0.934  0.731  0.000  0.001  0.000  0.614  0.000              11834482               8341087         100           0       0.000      99.000     161.990        6446796933    960      0     34          44    960
     GPU 0  1.000  0.000  0.000  0.000  0.001  0.000  0.000  0.000               1088344                837187         100           0       0.000      99.000     161.990        6446796933    960      0     34          45    960
     GPU 0  1.000  0.929  0.742  0.000  0.001  0.000  0.613  0.000               7920196               5199801         100           0       0.000      99.000     161.748        6446796933    960      0     34          45    960
     GPU 0  1.000  0.000  0.000  0.000  0.001  0.000  0.000  0.000               3149002               1117745         100           0       0.000      99.000     161.748        6446813324    960      0     34          45    960
     GPU 0  1.000  0.941  0.736  0.000  0.001  0.000  0.597  0.000               2375214               1319557         100           0       0.000      99.000     161.748        6446813324    960      0     34          44    960
     GPU 0  1.000  0.941  0.736  0.000  0.001  0.000  0.597  0.000               2375214               1319557         100           0       0.000      99.000     161.748        6446813324    960      0     34          45    960
     GPU 0  1.000  0.918  0.712  0.000  0.001  0.000  0.599  0.000               4528649               2812979         100           0       0.000      99.000     161.748        6446813324    960      0     34          45    960
     GPU 0  1.000  0.000  0.000  0.000  0.001  0.000  0.000  0.000               6944401               4928969         100           0       0.000      99.000     161.990        6446829626    960      0     34          45    960

# Entity  GRACT  SMACT  SMOCC  TENSO  DRAMA  FP64A  FP32A  FP16A                 PCITX                 PCIRX       GPUTL       MCUTL       MUSAM       GUSAM       POWER             TOTEC  SACLK  PSTAT  TMPTR       MMTMP  SMCLK
      Id                                                                                                                                                               W                mJ                    C           C       
     GPU 0  1.000  0.942  0.765  0.000  0.001  0.000  0.623  0.000               7794092               6201815         100           0       0.000      99.000     161.990        6446829626    960      0     34          45    960
     GPU 0  1.000  0.942  0.765  0.000  0.001  0.000  0.623  0.000               7794092               6201815         100           0       0.000      99.000     161.990        6446829626    960      0     34          45    960
     GPU 0  1.000  0.943  0.757  0.000  0.001  0.000  0.624  0.000               8615795               5860568         100           0       0.000      99.000     161.990        6446829626    960      0     34          45    960
     GPU 0  1.000  0.000  0.000  0.000  0.001  0.000  0.000  0.000               3425285               1201856         100           0       0.000      99.000     161.990        6446829626    960      0     34          45    960
     GPU 0  1.000  0.943  0.759  0.000  0.001  0.000  0.610  0.000               6305111               3110148         100           0       0.000      99.000     161.990        6446829626    960      0     34          45    960
     GPU 0  1.000  0.969  0.812  0.000  0.001  0.000  0.654  0.000               7690480               4117452         100           0       0.000      99.000     163.109        6446846275    960      0     34          45    960
     GPU 0  1.000  0.969  0.812  0.000  0.001  0.000  0.654  0.000               7690480               4117452         100           0       0.000      99.000     163.109        6446846275    960      0     34          45    960
     GPU 0  1.000  0.000  0.000  0.000  0.001  0.000  0.000  0.000               6625815               4276890         100           0       0.000      99.000     163.109        6446846275    960      0     34          45    960
     GPU 0  1.000  0.938  0.755  0.000  0.001  0.000  0.621  0.000               8123753               5698876         100           0       0.000      99.000     163.109        6446846275    960      0     34          45    960
     GPU 0  1.000  0.937  0.736  0.000  0.001  0.000  0.618  0.000               7027070               5939739         100           0       0.000      99.000     163.890        6446862644    960      0     34          45    960
     GPU 0  1.000  0.937  0.736  0.000  0.001  0.000  0.618  0.000               7027070               5939739         100           0       0.000      99.000     163.890        6446862644    960      0     34          45    960
     GPU 0  1.000  0.000  0.000  0.000  0.001  0.000  0.000  0.000               8767319               5849366         100           0       0.000      99.000     163.890        6446862644    960      0     34          45    960
     GPU 0  1.000  0.948  0.761  0.000  0.001  0.000  0.609  0.000               3384867               1361778         100           0       0.000      99.000     163.890        6446862644    960      0     34          45    960
     GPU 0  1.000  0.997  0.802  0.000  0.001  0.000  0.673  0.000               3139077                734485         100           0       0.000      99.000     163.890        6446862644    960      0     34          45    960

# Entity  GRACT  SMACT  SMOCC  TENSO  DRAMA  FP64A  FP32A  FP16A                 PCITX                 PCIRX       GPUTL       MCUTL       MUSAM       GUSAM       POWER             TOTEC  SACLK  PSTAT  TMPTR       MMTMP  SMCLK
      Id                                                                                                                                                               W                mJ                    C           C       
     GPU 0  1.000  0.000  0.000  0.000  0.001  0.000  0.000  0.000               7495141               4833131         100           0       0.000      99.000     163.890        6446862644    960      0     34          45    960
     GPU 0  1.000  0.000  0.000  0.000  0.001  0.000  0.000  0.000               7495141               4833131         100           0       0.000      99.000     163.890        6446879324    960      0     34          45    960
     GPU 0  1.000  0.941  0.747  0.000  0.001  0.000  0.624  0.000               9070270               5692968         100           0       0.000      99.000     163.890        6446879324    960      0     34          45    960
     GPU 0  1.000  0.938  0.751  0.000  0.001  0.000  0.619  0.000               8163294               5682640         100           0       0.000      99.000     163.890        6446879324    960      0     34          45    960
     GPU 0  1.000  0.000  0.000  0.000  0.001  0.000  0.000  0.000               7330790               6032208         100           0       0.000      99.000     163.890        6446879324    960      0     34          45    960
     GPU 0  1.000  0.951  0.751  0.000  0.001  0.000  0.607  0.000               6309554               4674736         100           0       0.000      99.000     163.109        6446895783    960      0     34          45    960
     GPU 0  1.000  0.951  0.751  0.000  0.001  0.000  0.607  0.000               6309554               4674736         100           0       0.000      99.000     163.109        6446895783    960      0     34          45    960
     GPU 0  1.000  0.939  0.749  0.000  0.001  0.000  0.621  0.000               7607873               5960856         100           0       0.000      99.000     163.109        6446895783    960      0     34          45    960
     GPU 0  1.000  0.000  0.000  0.000  0.001  0.000  0.000  0.000               3383177               1201515         100           0       0.000      99.000     163.109        6446895783    960      0     34          45    960
     GPU 0  1.000  0.934  0.739  0.000  0.001  0.000  0.614  0.000               5705719               2803963         100           0       0.000      99.000     163.109        6446895783    960      0     34          45    960
     GPU 0  1.000  0.942  0.781  0.000  0.001  0.000  0.625  0.000               6957807               4167158         100           0       0.000      99.000     163.109        6446895783    960      0     34          45    960
     GPU 0  1.000  0.000  0.000  0.000  0.001  0.000  0.000  0.000               7496241               4622513         100           0       0.000      99.000     163.649        6446912492    960      0     34          45    960
     GPU 0  1.000  0.000  0.000  0.000  0.001  0.000  0.000  0.000               7496241               4622513         100           0       0.000      99.000     163.649        6446912492    960      0     34          45    960
     GPU 0  1.000  0.950  0.748  0.000  0.001  0.000  0.626  0.000               7597109               5022658         100           0       0.000      99.000     163.649        6446912492    960      0     34          45    960

# Entity  GRACT  SMACT  SMOCC  TENSO  DRAMA  FP64A  FP32A  FP16A                 PCITX                 PCIRX       GPUTL       MCUTL       MUSAM       GUSAM       POWER             TOTEC  SACLK  PSTAT  TMPTR       MMTMP  SMCLK
      Id                                                                                                                                                               W                mJ                    C           C       
     GPU 0  0.757  0.478  0.366  0.000  0.001  0.000  0.300  0.000             643520540               6638723         100           0       0.000      99.000     163.649        6446912492    960      0     34          45    960
     GPU 0  0.000  0.000  0.000  0.000  0.000  0.000  0.000  0.000               2261405               1423169         100           0       0.000      99.000     100.354        6446927723    960      0     33          45    960
     GPU 0  0.000  0.000  0.000  0.000  0.000  0.000  0.000  0.000               2261405               1423169         100           0       0.000      99.000     100.354        6446927723    960      0     32          45    960
     GPU 0  0.000  0.000  0.000  0.000  0.000  0.000  0.000  0.000               7704132               4319077         100           0       0.000      99.000     100.354        6446927723    960      0     32          45    960
     GPU 0  0.000  0.000  0.000  0.000  0.000  0.000  0.000  0.000               9431946               5438060         100           0       0.000      99.000     100.354        6446927723    960      0     32          45    960
     GPU 0  0.000  0.000  0.000  0.000  0.000  0.000  0.000  0.000              11951645               6667977         100           0       0.000      99.000     100.354        6446927723    960      0     31          45    960
     GPU 0  0.000  0.000  0.000  0.000  0.000  0.000  0.000  0.000               2900865                651899         100           0       0.000      99.000     100.354        6446927723    960      0     31          45    960
     GPU 0  0.000  0.000  0.000  0.000  0.000  0.000  0.000  0.000               5820758               3304443         100           0       0.000      99.000      86.763        6446936733    960      0     31          45    960
     GPU 0  0.000  0.000  0.000  0.000  0.000  0.000  0.000  0.000              10145442               6732962          26           0       0.000      25.000      86.763        6446936733    960      0     31          45    960
     GPU 0  0.000  0.000  0.000  0.000  0.000  0.000  0.000  0.000               9698708               6398612          26           0       0.000      25.000      86.763        6446936733    960      0     30          45    960
     GPU 0  0.000  0.000  0.000  0.000  0.000  0.000  0.000  0.000               9609258               6351961          26           0       0.000      25.000      86.763        6446936733    960      0     30          45    960
     GPU 0  0.000  0.000  0.000  0.000  0.000  0.000  0.000  0.000               9609258               6351961          26           0       0.000      25.000      86.521        6446945404    960      0     30          44    960
     GPU 0  0.000  0.000  0.000  0.000  0.000  0.000  0.000  0.000               9390999               5904599          26           0       0.000      25.000      86.521        6446945404    960      0     30          45    960
     GPU 0  0.000  0.000  0.000  0.000  0.000  0.000  0.000  0.000              10904962               7029499          26           0       0.000      25.000      86.521        6446945404    960      0     30          45    960

# Entity  GRACT  SMACT  SMOCC  TENSO  DRAMA  FP64A  FP32A  FP16A                 PCITX                 PCIRX       GPUTL       MCUTL       MUSAM       GUSAM       POWER             TOTEC  SACLK  PSTAT  TMPTR       MMTMP  SMCLK
      Id                                                                                                                                                               W                mJ                    C           C       
     GPU 0  0.000  0.000  0.000  0.000  0.000  0.000  0.000  0.000               7093653               3946204          26           0       0.000      25.000      86.521        6446945404    960      0     30          45    960
     GPU 0  0.000  0.000  0.000  0.000  0.000  0.000  0.000  0.000               7886019               4869945          26           0       0.000      25.000      86.521        6446945404    960      0     30          45    960
     GPU 0  0.000  0.000  0.000  0.000  0.000  0.000  0.000  0.000              11834757               7639753          26           0       0.000      25.000      86.521        6446954154    960      0     30          44    960
     GPU 0  0.000  0.000  0.000  0.000  0.000  0.000  0.000  0.000              11579929               7396661          26           0       0.000      25.000      86.521        6446954154    960      0     30          44    960
     GPU 0  0.000  0.000  0.000  0.000  0.000  0.000  0.000  0.000               8179848               4950401           0           0       0.000       0.000      86.521        6446954154    960      0     30          44    960
     GPU 0  0.000  0.000  0.000  0.000  0.000  0.000  0.000  0.000               8639312               5464469           0           0       0.000       0.000      86.521        6446954154    960      0     30          44    960
     GPU 0  0.000  0.000  0.000  0.000  0.000  0.000  0.000  0.000               8639312               5464469           0           0       0.000       0.000      86.521        6446954154    960      0     30          44    960
     GPU 0  0.000  0.000  0.000  0.000  0.000  0.000  0.000  0.000               7464564               5326778           0           0       0.000       0.000      86.521        6446962913    960      0     30          44    960
     GPU 0  0.000  0.000  0.000  0.000  0.000  0.000  0.000  0.000              10089600               5865301           0           0       0.000       0.000      86.521        6446962913    960      0     30          44    960
     GPU 0  0.000  0.000  0.000  0.000  0.000  0.000  0.000  0.000               5086246               2216170           0           0       0.000       0.000      86.521        6446962913    960      0     30          44    960
     GPU 0  0.000  0.000  0.000  0.000  0.000  0.000  0.000  0.000               7838952               4085221           0           0       0.000       0.000      86.521        6446962913    960      0     30          44    960
     GPU 0  0.000  0.000  0.000  0.000  0.000  0.000  0.000  0.000              10496393               6744300           0           0       0.000       0.000      86.521        6446962913    960      0     29          45    960
     GPU 0  0.000  0.000  0.000  0.000  0.000  0.000  0.000  0.000              10496393               6744300           0           0       0.000       0.000      86.230        6446962913    960      0     29          44    960
     GPU 0  0.000  0.000  0.000  0.000  0.000  0.000  0.000  0.000              10008817               5792236           0           0       0.000       0.000      86.230        6446971701    960      0     29          44    960

# Entity  GRACT  SMACT  SMOCC  TENSO  DRAMA  FP64A  FP32A  FP16A                 PCITX                 PCIRX       GPUTL       MCUTL       MUSAM       GUSAM       POWER             TOTEC  SACLK  PSTAT  TMPTR       MMTMP  SMCLK
      Id                                                                                                                                                               W                mJ                    C           C       
     GPU 0  0.000  0.000  0.000  0.000  0.000  0.000  0.000  0.000              10008817               5792236           0           0       0.000       0.000      86.230        6446971701    960      0     29          44    960
     GPU 0  0.005  0.000  0.000  0.000  0.000  0.000  0.000  0.000               6151291               9488694           0           0       0.000       0.000      86.230        6446971701    960      0     29          44    960
     GPU 0  0.005  0.000  0.000  0.000  0.000  0.000  0.000  0.000               6151291               9488694           0           0       0.000       0.000      86.230        6446971701    960      0     29          44    960
     GPU 0  0.000  0.000  0.000  0.000  0.000  0.000  0.000  0.000               1735479               4389742           0           0       0.000       0.000      87.061        6446980403    960      0     29          44    960
     GPU 0  0.000  0.000  0.000  0.000  0.000  0.000  0.000  0.000               1735479               4389742           0           0       0.000       0.000      87.061        6446980403    960      0     29          44    960
     GPU 0  0.000  0.000  0.000  0.000  0.000  0.000  0.000  0.000               8203192              18802007           0           0       0.000       0.000      87.061        6446980403    960      0     29          44    960
     GPU 0  0.000  0.000  0.000  0.000  0.000  0.000  0.000  0.000               8203192              18802007           0           0       0.000       0.000      87.061        6446980403    960      0     29          44    960
     GPU 0  0.000  0.000  0.000  0.000  0.000  0.000  0.000  0.000               2503337               5006675           0           0       0.000       0.000      87.061        6446980403    960      0     29          44    960
     GPU 0  0.000  0.000  0.000  0.000  0.000  0.000  0.000  0.000               2028259               4524578           0           0       0.000       0.000      87.061        6446980403    960      0     29          44    960
     GPU 0  0.000  0.000  0.000  0.000  0.000  0.000  0.000  0.000               1985890               4368958           0           0       0.000       0.000      86.230        6446989227    960      0     29          44    960
     GPU 0  0.000  0.000  0.000  0.000  0.000  0.000  0.000  0.000               3139894               2175732           8           0       0.000       0.000      86.230        6446989227    960      0     29          44    960
     GPU 0  0.000  0.000  0.000  0.000  0.000  0.000  0.000  0.000              10871691               6621617           8           0       0.000       0.000      86.230        6446989227    960      0     29          44    960
     GPU 0  0.000  0.000  0.000  0.000  0.000  0.000  0.000  0.000              10871691               6621617           8           0       0.000       0.000      86.230        6446989227    960      0     29          44    960
     GPU 0  0.000  0.000  0.000  0.000  0.000  0.000  0.000  0.000               3020245                274567           8           0       0.000       0.000      86.230        6446997854    960      0     29          44    960

# Entity  GRACT  SMACT  SMOCC  TENSO  DRAMA  FP64A  FP32A  FP16A                 PCITX                 PCIRX       GPUTL       MCUTL       MUSAM       GUSAM       POWER             TOTEC  SACLK  PSTAT  TMPTR       MMTMP  SMCLK
      Id                                                                                                                                                               W                mJ                    C           C       
     GPU 0  0.000  0.000  0.000  0.000  0.000  0.000  0.000  0.000                920247                 83658           8           0       0.000       0.000      86.230        6446997854    960      0     29          44    960
     GPU 0  0.000  0.000  0.000  0.000  0.000  0.000  0.000  0.000               3595423                209113           8           0       0.000       0.000      86.230        6446997854    960      0     29          44    960
     GPU 0  0.000  0.000  0.000  0.000  0.000  0.000  0.000  0.000               5515076               1765423           8           0       0.000       0.000      86.230        6446997854    960      0     29          44    960
     GPU 0  0.000  0.000  0.000  0.000  0.000  0.000  0.000  0.000               6691157               2881669           8           0       0.000       0.000      86.230        6446997854    960      0     29          44    960
     GPU 0  0.000  0.000  0.000  0.000  0.000  0.000  0.000  0.000               6691157               2881669           8           0       0.000       0.000      86.230        6446997854    960      0     29          44    960
     GPU 0  0.000  0.000  0.000  0.000  0.000  0.000  0.000  0.000               4753887               2160724           8           0       0.000       0.000      86.230        6447006628    960      0     29          44    960
     GPU 0  0.000  0.000  0.000  0.000  0.000  0.000  0.000  0.000               7436597               3600110           0           0       0.000       0.000      86.230        6447006628    960      0     29          44    960
     GPU 0  0.000  0.000  0.000  0.000  0.000  0.000  0.000  0.000               6729202               3773330           0           0       0.000       0.000      86.230        6447006628    960      0     29          44    960
     GPU 0  0.000  0.000  0.000  0.000  0.000  0.000  0.000  0.000               9131112               5835004           0           0       0.000       0.000      86.230        6447006628    960      0     29          44    960
     GPU 0  0.000  0.000  0.000  0.000  0.000  0.000  0.000  0.000               8594467               5873282           0           0       0.000       0.000      86.230        6447015327    960      0     29          44    960
     GPU 0  0.000  0.000  0.000  0.000  0.000  0.000  0.000  0.000              11546965               7811732           0           0       0.000       0.000      86.230        6447015327    960      0     29          44    960
     GPU 0  0.000  0.000  0.000  0.000  0.000  0.000  0.000  0.000              10966707               7172545           0           0       0.000       0.000      86.230        6447015327    960      0     29          44    960
     GPU 0  0.000  0.000  0.000  0.000  0.000  0.000  0.000  0.000               7254825               3446973           0           0       0.000       0.000      86.230        6447015327    960      0     29          44    960
     GPU 0  0.000  0.000  0.000  0.000  0.000  0.000  0.000  0.000               7254825               3446973           0           0       0.000       0.000      86.230        6447015327    960      0     29          44    960

# Entity  GRACT  SMACT  SMOCC  TENSO  DRAMA  FP64A  FP32A  FP16A                 PCITX                 PCIRX       GPUTL       MCUTL       MUSAM       GUSAM       POWER             TOTEC  SACLK  PSTAT  TMPTR       MMTMP  SMCLK
      Id                                                                                                                                                               W                mJ                    C           C       
     GPU 0  0.000  0.000  0.000  0.000  0.000  0.000  0.000  0.000               5560233               3478724           0           0       0.000       0.000      86.230        6447024071    960      0     29          44    960
     GPU 0  0.000  0.000  0.000  0.000  0.000  0.000  0.000  0.000               7490209               4814966           0           0       0.000       0.000      86.230        6447024071    960      0     29          44    960
     GPU 0  0.000  0.000  0.000  0.000  0.000  0.000  0.000  0.000               8459061               5387701           0           0       0.000       0.000      86.230        6447024071    960      0     29          44    960
     GPU 0  0.000  0.000  0.000  0.000  0.000  0.000  0.000  0.000               8305001               5325024           0           0       0.000       0.000      86.230        6447024071    960      0     29          44    960
     GPU 0  0.000  0.000  0.000  0.000  0.000  0.000  0.000  0.000               8305001               5325024           0           0       0.000       0.000      86.230        6447024071    960      0     29          44    960
     GPU 0  0.000  0.000  0.000  0.000  0.000  0.000  0.000  0.000               7119400               5150490           0           0       0.000       0.000      86.230        6447032790    960      0     29          44    960
     GPU 0  0.000  0.000  0.000  0.000  0.000  0.000  0.000  0.000               6459061               3834471           0           0       0.000       0.000      86.230        6447032790    960      0     29          44    960
     GPU 0  0.000  0.000  0.000  0.000  0.000  0.000  0.000  0.000               7050592               5048865           0           0       0.000       0.000      86.230        6447032790    960      0     29          44    960
     GPU 0  0.000  0.000  0.000  0.000  0.000  0.000  0.000  0.000               7050592               5048865           0           0       0.000       0.000      86.230        6447032790    960      0     29          44    960
     GPU 0  0.000  0.000  0.000  0.000  0.000  0.000  0.000  0.000               8183434               5044966           0           0       0.000       0.000      86.230        6447032790    960      0     29          44    960
     GPU 0  0.000  0.000  0.000  0.000  0.000  0.000  0.000  0.000               5353937               3360425           0           0       0.000       0.000      86.230        6447032790    960      0     29          44    960
     GPU 0  0.000  0.000  0.000  0.000  0.000  0.000  0.000  0.000               1005651                 83804           0           0       0.000       0.000      86.230        6447041568    960      0     29          44    960
     GPU 0  0.000  0.000  0.000  0.000  0.000  0.000  0.000  0.000               1005651                 83804           0           0       0.000       0.000      86.230        6447041568    960      0     29          44    960
     GPU 0  0.000  0.000  0.000  0.000  0.000  0.000  0.000  0.000               6846641               3991991           0           0       0.000       0.000      86.230        6447041568    960      0     29          44    960

# Entity  GRACT  SMACT  SMOCC  TENSO  DRAMA  FP64A  FP32A  FP16A                 PCITX                 PCIRX       GPUTL       MCUTL       MUSAM       GUSAM       POWER             TOTEC  SACLK  PSTAT  TMPTR       MMTMP  SMCLK
      Id                                                                                                                                                               W                mJ                    C           C       
     GPU 0  0.000  0.000  0.000  0.000  0.000  0.000  0.000  0.000               9199418               6064029           0           0       0.000       0.000      86.230        6447041568    960      0     28          44    960
     GPU 0  0.000  0.000  0.000  0.000  0.000  0.000  0.000  0.000               7204490               5194248           0           0       0.000       0.000      86.230        6447050238    960      0     28          44    960
     GPU 0  0.000  0.000  0.000  0.000  0.000  0.000  0.000  0.000                920612                 83692           0           0       0.000       0.000      86.230        6447050238    960      0     28          44    960
     GPU 0  0.000  0.000  0.000  0.000  0.000  0.000  0.000  0.000               9799216               6127890           0           0       0.000       0.000      86.230        6447050238    960      0     28          44    960
     GPU 0  0.000  0.000  0.000  0.000  0.000  0.000  0.000  0.000               5319043               3928403           0           0       0.000       0.000      86.230        6447050238    960      0     28          44    960
     GPU 0  0.000  0.000  0.000  0.000  0.000  0.000  0.000  0.000               3025592                275053           0           0       0.000       0.000      86.230        6447050238    960      0     28          44    960
     GPU 0  0.000  0.000  0.000  0.000  0.000  0.000  0.000  0.000               3025592                275053           0           0       0.000       0.000      86.230        6447050238    960      0     28          44    960
     GPU 0  0.000  0.000  0.000  0.000  0.000  0.000  0.000  0.000               3152255                275140           0           0       0.000       0.000      86.230        6447059041    960      0     28          44    960
     GPU 0  0.000  0.000  0.000  0.000  0.000  0.000  0.000  0.000               5887670               2410502           0           0       0.000       0.000      86.230        6447059041    960      0     28          44    960
     GPU 0  0.000  0.000  0.000  0.000  0.000  0.000  0.000  0.000               4616827               2183382           0           0       0.000       0.000      86.230        6447059041    960      0     28          44    960
     GPU 0  0.000  0.000  0.000  0.000  0.000  0.000  0.000  0.000               7226492               4064946           0           0       0.000       0.000      86.230        6447059041    960      0     28          44    960
     GPU 0  0.000  0.000  0.000  0.000  0.000  0.000  0.000  0.000               7226492               4064946           0           0       0.000       0.000      86.230        6447067708    960      0     28          44    960
     GPU 0  0.000  0.000  0.000  0.000  0.000  0.000  0.000  0.000               9066775               6158127           0           0       0.000       0.000      86.230        6447067708    960      0     28          44    960
     GPU 0  0.000  0.000  0.000  0.000  0.000  0.000  0.000  0.000               3889209               2759488           0           0       0.000       0.000      86.230        6447067708    960      0     28          44    960

# Entity  GRACT  SMACT  SMOCC  TENSO  DRAMA  FP64A  FP32A  FP16A                 PCITX                 PCIRX       GPUTL       MCUTL       MUSAM       GUSAM       POWER             TOTEC  SACLK  PSTAT  TMPTR       MMTMP  SMCLK
      Id                                                                                                                                                               W                mJ                    C           C       
     GPU 0  0.000  0.000  0.000  0.000  0.000  0.000  0.000  0.000               6030678               3291156           0           0       0.000       0.000      86.230        6447067708    960      0     28          44    960
     GPU 0  0.000  0.000  0.000  0.000  0.000  0.000  0.000  0.000               1003926                     0           0           0       0.000       0.000      86.230        6447067708    960      0     28          44    960
     GPU 0  0.000  0.000  0.000  0.000  0.000  0.000  0.000  0.000               9199764               5129219           0           0       0.000       0.000      86.230        6447067708    960      0     28          44    960
     GPU 0  0.000  0.000  0.000  0.000  0.000  0.000  0.000  0.000               9199764               5129219           0           0       0.000       0.000      86.230        6447076505    960      0     28          44    960
     GPU 0  0.000  0.000  0.000  0.000  0.000  0.000  0.000  0.000               3068175                 83688           0           0       0.000       0.000      86.230        6447076505    960      0     28          44    960
     GPU 0  0.000  0.000  0.000  0.000  0.000  0.000  0.000  0.000               2044576                     0           0           0       0.000       0.000      86.230        6447076505    960      0     28          44    960
     GPU 0  0.000  0.000  0.000  0.000  0.000  0.000  0.000  0.000               3816388               1785810           0           0       0.000       0.000      86.230        6447076505    960      0     28          44    960
     GPU 0  0.000  0.000  0.000  0.000  0.000  0.000  0.000  0.000               6423291               3683329           0           0       0.000       0.000      86.230        6447085184    960      0     28          44    960
     GPU 0  0.000  0.000  0.000  0.000  0.000  0.000  0.000  0.000               6423291               3683329           0           0       0.000       0.000      86.230        6447085184    960      0     28          44    960
     GPU 0  0.000  0.000  0.000  0.000  0.000  0.000  0.000  0.000               9392165               6303660           0           0       0.000       0.000      86.230        6447085184    960      0     28          44    960
     GPU 0  0.000  0.000  0.000  0.000  0.000  0.000  0.000  0.000               5558779               3516807           0           0       0.000       0.000      86.230        6447085184    960      0     28          44    960
