# Entity  GRACT  SMACT  SMOCC  TENSO  DRAMA  FP64A  FP32A  FP16A                 PCITX                 PCIRX       GPUTL       MCUTL       MUSAM       GUSAM       POWER             TOTEC  SACLK  PSTAT  TMPTR       MMTMP  SMCLK
      Id                                                                                                                                                               W                mJ                    C           C       
     GPU 0  0.000  0.000  0.000  0.000  0.000  0.000  0.000  0.000             100946372               8412197           0           0       0.000       0.000      77.269        2136692435   1275      0     27          43    210
     GPU 0  0.000  0.000  0.000  0.000  0.000  0.000  0.000  0.000               8341014               4735253           0           0       0.000       0.000      77.269        2136692435   1275      0     27          43    210
     GPU 0  0.000  0.000  0.000  0.000  0.000  0.000  0.000  0.000               8341014               4735253           0           0       0.000       0.000      77.269        2136692435   1275      0     27          43    210
     GPU 0  0.000  0.000  0.000  0.000  0.000  0.000  0.000  0.000               9636264               6495273           0           0       0.000       0.000      78.632        2136692435   1275      0     27          43    210
     GPU 0  0.000  0.000  0.000  0.000  0.000  0.000  0.000  0.000               7041539               3864807           0           0       0.000       0.000      78.632        2136700331   1275      0     27          43    210
     GPU 0  0.000  0.000  0.000  0.000  0.000  0.000  0.000  0.000               8427325               4504524           0           0       0.000       0.000      78.632        2136700331   1275      0     27          44    210
     GPU 0  0.000  0.000  0.000  0.000  0.000  0.000  0.000  0.000               8983602               6104064           0           0       0.000       0.000      78.632        2136700331   1275      0     27          43    210
     GPU 0  0.000  0.000  0.000  0.000  0.000  0.000  0.000  0.000               8983602               6104064           0           0       0.000       0.000      78.632        2136700331   1275      0     27          43    210
     GPU 0  0.000  0.000  0.000  0.000  0.000  0.000  0.000  0.000               6572852               4856240           0           0       0.000       0.000      78.632        2136708271   1275      0     27          43    210
     GPU 0  0.000  0.000  0.000  0.000  0.000  0.000  0.000  0.000               6506250               3783388           0           0       0.000       0.000      78.632        2136708271   1275      0     27          43    210
     GPU 0  0.000  0.000  0.000  0.000  0.000  0.000  0.000  0.000               5354523               3455416           0           0       0.000       0.000      78.632        2136708271   1275      0     27          43    210
     GPU 0  0.000  0.000  0.000  0.000  0.000  0.000  0.000  0.000                919660                 83605           0           0       0.000       0.000      78.632        2136708271   1275      0     27          43    210
     GPU 0  0.000  0.000  0.000  0.000  0.000  0.000  0.000  0.000               5374788               4101526           0           0       0.000       0.000      78.632        2136708271   1275      0     27          43    210
     GPU 0  0.000  0.000  0.000  0.000  0.000  0.000  0.000  0.000               4699157               3532366           0           0       0.000       0.000      78.632        2136708271   1275      0     27          43    210
     GPU 0  0.000  0.000  0.000  0.000  0.000  0.000  0.000  0.000               4699157               3532366           0           0       0.000       0.000      78.632        2136716331   1275      0     27          43    210

# Entity  GRACT  SMACT  SMOCC  TENSO  DRAMA  FP64A  FP32A  FP16A                 PCITX                 PCIRX       GPUTL       MCUTL       MUSAM       GUSAM       POWER             TOTEC  SACLK  PSTAT  TMPTR       MMTMP  SMCLK
      Id                                                                                                                                                               W                mJ                    C           C       
     GPU 0  0.000  0.000  0.000  0.000  0.000  0.000  0.000  0.000               3147698                274727           0           0       0.000       0.000      78.632        2136716331   1275      0     27          43    210
     GPU 0  0.000  0.000  0.000  0.000  0.000  0.000  0.000  0.000               3141680                274194           0           0       0.000       0.000      78.632        2136716331   1275      0     27          43    210
     GPU 0  0.000  0.000  0.000  0.000  0.000  0.000  0.000  0.000               4448946               1718688           0           0       0.000       0.000      78.632        2136716331   1275      0     27          43    210
     GPU 0  0.000  0.000  0.000  0.000  0.000  0.000  0.000  0.000               5681638               3129468           0           0       0.000       0.000      78.632        2136724153   1275      0     27          43    210
     GPU 0  0.000  0.000  0.000  0.000  0.000  0.000  0.000  0.000               5681638               3129468           0           0       0.000       0.000      78.632        2136724153   1275      0     27          43    210
     GPU 0  0.000  0.000  0.000  0.000  0.000  0.000  0.000  0.000               7770276               5139051           0           0       0.000       0.000      78.632        2136724153   1275      0     27          43    210
     GPU 0  0.000  0.000  0.000  0.000  0.000  0.000  0.000  0.000               7083359               4630266           0           0       0.000       0.000      78.632        2136724153   1275      0     27          43    210
     GPU 0  0.000  0.000  0.000  0.000  0.000  0.000  0.000  0.000               7083359               4630266           0           0       0.000       0.000      78.632        2136724153   1275      0     27          43    210
     GPU 0  0.000  0.000  0.000  0.000  0.000  0.000  0.000  0.000               6969942               5033777           0           0       0.000       0.000      78.632        2136732110   1275      0     27          43    210
     GPU 0  0.000  0.000  0.000  0.000  0.000  0.000  0.000  0.000               4495073               3386699           0           0       0.000       0.000      78.923        2136732110   1275      0     27          43    210
     GPU 0  0.000  0.000  0.000  0.000  0.000  0.000  0.000  0.000               3584603              26390095           0           0       0.000       0.000      78.923        2136732110   1275      0     27          43    210
     GPU 0  0.000  0.000  0.000  0.000  0.000  0.000  0.000  0.000              10538785              19525346           0           0       0.000       0.000      78.923        2136732110   1275      0     27          43    210
     GPU 0  0.000  0.000  0.000  0.000  0.000  0.000  0.000  0.000              10538785              19525346           0           0       0.000       0.000      78.923        2136732110   1275      0     27          43    210
     GPU 0  0.000  0.000  0.000  0.000  0.000  0.000  0.000  0.000               6193887              12595561           0           0       0.000       0.000      78.632        2136732110   1275      0     27          43    210

# Entity  GRACT  SMACT  SMOCC  TENSO  DRAMA  FP64A  FP32A  FP16A                 PCITX                 PCIRX       GPUTL       MCUTL       MUSAM       GUSAM       POWER             TOTEC  SACLK  PSTAT  TMPTR       MMTMP  SMCLK
      Id                                                                                                                                                               W                mJ                    C           C       
     GPU 0  0.000  0.000  0.000  0.000  0.000  0.000  0.000  0.000               6193887              12595561           0           0       0.000       0.000      78.632        2136740136   1275      0     27          43    210
     GPU 0  0.000  0.000  0.000  0.000  0.000  0.000  0.000  0.000               9578836               6548509           0           0       0.000       0.000      78.632        2136740136   1275      0     27          43    210
     GPU 0  0.000  0.000  0.000  0.000  0.000  0.000  0.000  0.000               7060605               4725602           0           0       0.000       0.000      78.632        2136740136   1275      0     27          43    210
     GPU 0  0.000  0.000  0.000  0.000  0.000  0.000  0.000  0.000               1034301                636492           0           0       0.000       0.000      78.632        2136740136   1275      0     27          43    210
     GPU 0  0.000  0.000  0.000  0.000  0.000  0.000  0.000  0.000               1582014               2414654           0           0       0.000       0.000      78.632        2136740136   1275      0     27          43    210
     GPU 0  0.000  0.000  0.000  0.000  0.000  0.000  0.000  0.000               1582014               2414654           0           0       0.000       0.000      78.923        2136748028   1275      0     27          43    210
     GPU 0  0.000  0.000  0.000  0.000  0.000  0.000  0.000  0.000               7543528               4891506           0           0       0.000       0.000      78.923        2136748028   1275      0     27          43    210
     GPU 0  0.000  0.000  0.000  0.000  0.000  0.000  0.000  0.000               1158921               1086489           0           0       0.000       0.000      78.923        2136748028   1275      0     27          43    210
     GPU 0  0.000  0.000  0.000  0.000  0.000  0.000  0.000  0.000               1158921               1086489           0           0       0.000       0.000      78.923        2136748028   1275      0     27          43    210
     GPU 0  0.000  0.000  0.000  0.000  0.000  0.000  0.000  0.000               1158921               1086489           0           0       0.000       0.000      78.632        2136748028   1275      0     27          43    210
     GPU 0  0.000  0.000  0.000  0.000  0.000  0.000  0.000  0.000               1158921               1086489           0           0       0.000       0.000      78.632        2136755978   1275      0     27          43    210
     GPU 0  0.000  0.000  0.000  0.000  0.000  0.000  0.000  0.000               6020106               5312701           0           0       0.000       0.000      78.632        2136755978   1275      0     27          43    210
     GPU 0  0.000  0.000  0.000  0.000  0.000  0.000  0.000  0.000               6020106               5312701           0           0       0.000       0.000      78.632        2136755978   1275      0     27          43    210
     GPU 0  0.000  0.000  0.000  0.000  0.000  0.000  0.000  0.000              10433085              13313384           0           0       0.000       0.000      78.632        2136755978   1275      0     27          43    210

# Entity  GRACT  SMACT  SMOCC  TENSO  DRAMA  FP64A  FP32A  FP16A                 PCITX                 PCIRX       GPUTL       MCUTL       MUSAM       GUSAM       POWER             TOTEC  SACLK  PSTAT  TMPTR       MMTMP  SMCLK
      Id                                                                                                                                                               W                mJ                    C           C       
     GPU 0  0.000  0.000  0.000  0.000  0.000  0.000  0.000  0.000               6242651              21557957           0           0       0.000       0.000      78.632        2136755978   1275      0     27          43    210
     GPU 0  0.000  0.000  0.000  0.000  0.000  0.000  0.000  0.000              12101940              14650587           0           0       0.000       0.000      78.632        2136763916   1275      0     27          43    210
     GPU 0  0.000  0.000  0.000  0.000  0.000  0.000  0.000  0.000              12101940              14650587           0           0       0.000       0.000      78.632        2136763916   1275      0     27          43   1275
     GPU 0  0.209  0.000  0.000  0.000  0.000  0.000  0.000  0.000               6399967              17148630           0           0       0.000       0.000      78.632        2136763916   1275      0     27          43   1275
     GPU 0  0.051  0.000  0.000  0.000  0.000  0.000  0.000  0.000               7743682              24150623           0           0       0.000       0.000      78.632        2136763916   1275      0     27          43   1275
     GPU 0  0.009  0.000  0.000  0.000  0.002  0.000  0.000  0.000             434436757            3889224724           0           0       0.000       0.000      96.022        2136763916   1275      0     27          44   1275
     GPU 0  0.772  0.947  0.765  0.000  0.003  0.000  0.628  0.000             361190237            3200787433           0           0       0.000       0.000      96.022        2136772789   1275      0     29          43   1275
     GPU 0  1.000  0.000  0.000  0.000  0.002  0.000  0.000  0.000               6248978               4990489           0           0       0.000       0.000      96.022        2136772789   1275      0     29          43   1275
     GPU 0  1.000  0.000  0.000  0.000  0.002  0.000  0.000  0.000               6248978               4990489           0           0       0.000       0.000      96.022        2136772789   1275      0     31          43   1275
     GPU 0  1.000  0.951  0.760  0.000  0.002  0.000  0.620  0.000              10208136               7200874           0           0       0.000       0.000      96.022        2136772789   1275      0     32          44   1275
     GPU 0  1.000  0.946  0.766  0.000  0.002  0.000  0.627  0.000               5339859               3603091           0           0       0.000       0.000      96.022        2136772789   1275      0     32          44   1275
     GPU 0  1.000  0.946  0.766  0.000  0.002  0.000  0.627  0.000               5339859               3603091           0           0       0.000       0.000     224.069        2136772789   1275      0     33          44   1275
     GPU 0  1.000  0.946  0.766  0.000  0.002  0.000  0.627  0.000               5339859               3603091           0           0       0.000       0.000     224.069        2136772789   1275      0     33          44   1275
     GPU 0  1.000  0.000  0.000  0.000  0.002  0.000  0.000  0.000              20645430              11648568          50           0       0.000      49.000     224.069        2136798719   1275      0     33          44   1275

# Entity  GRACT  SMACT  SMOCC  TENSO  DRAMA  FP64A  FP32A  FP16A                 PCITX                 PCIRX       GPUTL       MCUTL       MUSAM       GUSAM       POWER             TOTEC  SACLK  PSTAT  TMPTR       MMTMP  SMCLK
      Id                                                                                                                                                               W                mJ                    C           C       
     GPU 0  1.000  0.945  0.758  0.000  0.002  0.000  0.600  0.000               7360600               5696075          50           0       0.000      49.000     224.069        2136798719   1275      0     33          44   1275
     GPU 0  1.000  0.945  0.758  0.000  0.002  0.000  0.600  0.000               7360600               5696075          50           0       0.000      49.000     224.069        2136816694   1275      0     33          44   1275
     GPU 0  1.000  0.000  0.000  0.000  0.002  0.000  0.000  0.000               6700115               5527162          50           0       0.000      49.000     221.639        2136816694   1275      0     34          44   1275
     GPU 0  1.000  0.952  0.747  0.000  0.002  0.000  0.630  0.000              13148132               9389670          50           0       0.000      49.000     221.639        2136816694   1275      0     34          44   1275
     GPU 0  1.000  0.951  0.752  0.000  0.002  0.000  0.612  0.000              11141383               8678457          50           0       0.000      49.000     221.639        2136816694   1275      0     34          44   1275
     GPU 0  1.000  0.000  0.000  0.000  0.001  0.000  0.000  0.000               8479421               6797990          50           0       0.000      49.000     221.639        2136816694   1275      0     34          44   1275
     GPU 0  1.000  0.944  0.739  0.000  0.001  0.000  0.623  0.000               3427691               1328504         100           0       0.000      99.000     221.639        2136816694   1275      0     34          44   1275
     GPU 0  1.000  0.944  0.739  0.000  0.001  0.000  0.623  0.000               3427691               1328504         100           0       0.000      99.000     222.461        2136839303   1275      0     35          44   1275
     GPU 0  1.000  0.956  0.787  0.000  0.001  0.000  0.636  0.000               7945573               3973549         100           0       0.000      99.000     222.461        2136839303   1275      0     35          44   1275
     GPU 0  1.000  0.000  0.000  0.000  0.001  0.000  0.000  0.000               4880707               3491273         100           0       0.000      99.000     222.461        2136839303   1275      0     35          44   1275
     GPU 0  1.000  0.950  0.756  0.000  0.001  0.000  0.629  0.000               7964569               5548323         100           0       0.000      99.000     222.461        2136839303   1275      0     35          44   1275
     GPU 0  1.000  0.942  0.742  0.000  0.001  0.000  0.620  0.000              10524746               7955741         100           0       0.000      99.000     221.342        2136861660   1275      0     35          44   1275
     GPU 0  1.000  0.000  0.000  0.000  0.002  0.000  0.000  0.000              11188180               8330642         100           0       0.000      99.000     221.342        2136861660   1275      0     35          44   1275
     GPU 0  1.000  0.946  0.736  0.000  0.002  0.000  0.622  0.000              11196447               8503963         100           0       0.000      99.000     221.342        2136861660   1275      0     35          44   1275

# Entity  GRACT  SMACT  SMOCC  TENSO  DRAMA  FP64A  FP32A  FP16A                 PCITX                 PCIRX       GPUTL       MCUTL       MUSAM       GUSAM       POWER             TOTEC  SACLK  PSTAT  TMPTR       MMTMP  SMCLK
      Id                                                                                                                                                               W                mJ                    C           C       
     GPU 0  1.000  0.950  0.756  0.000  0.002  0.000  0.612  0.000              10474893               8083446         100           0       0.000      99.000     221.342        2136861660   1275      0     35          44   1275
     GPU 0  1.000  0.950  0.756  0.000  0.002  0.000  0.612  0.000              10474893               8083446         100           0       0.000      99.000     221.342        2136861660   1275      0     35          44   1275
     GPU 0  1.000  0.000  0.000  0.000  0.002  0.000  0.000  0.000              10299798               7664139         100           0       0.000      99.000     221.342        2136861660   1275      0     35          44   1275
     GPU 0  1.000  0.948  0.737  0.000  0.001  0.000  0.624  0.000               7794952               6075278         100           0       0.000      99.000     222.461        2136884137   1275      0     36          44   1275
     GPU 0  1.000  0.948  0.737  0.000  0.001  0.000  0.624  0.000               7794952               6075278         100           0       0.000      99.000     222.461        2136884137   1275      0     36          44   1275
     GPU 0  1.000  0.961  0.779  0.000  0.002  0.000  0.638  0.000               3466224               1536229         100           0       0.000      99.000     222.461        2136884137   1275      0     36          44   1275
     GPU 0  1.000  0.000  0.000  0.000  0.002  0.000  0.000  0.000               2338957               1401907         100           0       0.000      99.000     222.461        2136884137   1275      0     36          44   1275
     GPU 0  1.000  0.950  0.753  0.000  0.002  0.000  0.626  0.000               5699351               4512637         100           0       0.000      99.000     222.461        2136906551   1275      0     36          44   1275
     GPU 0  1.000  0.954  0.766  0.000  0.002  0.000  0.619  0.000               9306765               6317084         100           0       0.000      99.000     221.639        2136906551   1275      0     36          44   1275
     GPU 0  1.000  0.000  0.000  0.000  0.002  0.000  0.000  0.000              11597365               9168944         100           0       0.000      99.000     221.639        2136906551   1275      0     36          44   1275
     GPU 0  1.000  0.952  0.765  0.000  0.001  0.000  0.633  0.000              10541326               7997420         100           0       0.000      99.000     221.639        2136906551   1275      0     36          44   1275
     GPU 0  1.000  0.952  0.765  0.000  0.001  0.000  0.633  0.000              10541326               7997420         100           0       0.000      99.000     221.639        2136906551   1275      0     36          44   1275
     GPU 0  1.000  0.946  0.732  0.000  0.001  0.000  0.623  0.000               6531081               5146313         100           0       0.000      99.000     221.639        2136906551   1275      0     36          44   1275
     GPU 0  1.000  0.000  0.000  0.000  0.002  0.000  0.000  0.000               6756686               5358974         100           0       0.000      99.000     225.429        2136929355   1275      0     36          44   1275

# Entity  GRACT  SMACT  SMOCC  TENSO  DRAMA  FP64A  FP32A  FP16A                 PCITX                 PCIRX       GPUTL       MCUTL       MUSAM       GUSAM       POWER             TOTEC  SACLK  PSTAT  TMPTR       MMTMP  SMCLK
      Id                                                                                                                                                               W                mJ                    C           C       
     GPU 0  1.000  0.948  0.756  0.000  0.002  0.000  0.627  0.000              11566911               7487690         100           0       0.000      99.000     225.429        2136929355   1275      0     37          44   1275
     GPU 0  1.000  0.948  0.756  0.000  0.002  0.000  0.627  0.000              11566911               7487690         100           0       0.000      99.000     225.429        2136929355   1275      0     37          44   1275
     GPU 0  1.000  0.952  0.762  0.000  0.001  0.000  0.631  0.000               8977518               6915298         100           0       0.000      99.000     225.429        2136929355   1275      0     37          44   1275
     GPU 0  1.000  0.000  0.000  0.000  0.001  0.000  0.000  0.000               9425739               7160501         100           0       0.000      99.000     226.500        2136952281   1275      0     37          44   1275
     GPU 0  1.000  0.938  0.740  0.000  0.001  0.000  0.617  0.000               8901160               7104505         100           0       0.000      99.000     226.500        2136952281   1275      0     37          44   1275
     GPU 0  1.000  0.950  0.769  0.000  0.001  0.000  0.630  0.000               4383547               4224406         100           0       0.000      99.000     226.500        2136952281   1275      0     37          44   1275
     GPU 0  1.000  0.000  0.000  0.000  0.001  0.000  0.000  0.000               2571971               1482355         100           0       0.000      99.000     226.500        2136952281   1275      0     37          44   1275
     GPU 0  1.000  0.939  0.747  0.000  0.002  0.000  0.608  0.000               4532064               3103908         100           0       0.000      99.000     226.500        2136952281   1275      0     37          44   1275
     GPU 0  1.000  0.939  0.747  0.000  0.002  0.000  0.608  0.000               4532064               3103908         100           0       0.000      99.000     226.500        2136952281   1275      0     37          44   1275
     GPU 0  1.000  0.939  0.747  0.000  0.002  0.000  0.608  0.000               4532064               3103908         100           0       0.000      99.000     226.500        2136952281   1275      0     37          44   1275
     GPU 0  1.000  0.939  0.747  0.000  0.002  0.000  0.608  0.000               4532064               3103908         100           0       0.000      99.000     226.500        2136952281   1275      0     37          44   1275
     GPU 0  1.000  0.000  0.000  0.000  0.002  0.000  0.000  0.000              14662677               8938744         100           0       0.000      99.000     221.342        2136980317   1275      0     37          44   1275
     GPU 0  1.000  0.000  0.000  0.000  0.002  0.000  0.000  0.000              14662677               8938744         100           0       0.000      99.000     221.342        2136980317   1275      0     37          44   1275
     GPU 0  1.000  0.944  0.737  0.000  0.002  0.000  0.621  0.000               9817965               7173572         100           0       0.000      99.000     221.639        2136980317   1275      0     37          44   1275

# Entity  GRACT  SMACT  SMOCC  TENSO  DRAMA  FP64A  FP32A  FP16A                 PCITX                 PCIRX       GPUTL       MCUTL       MUSAM       GUSAM       POWER             TOTEC  SACLK  PSTAT  TMPTR       MMTMP  SMCLK
      Id                                                                                                                                                               W                mJ                    C           C       
     GPU 0  1.000  0.941  0.746  0.000  0.002  0.000  0.606  0.000              10886940               8098516         100           0       0.000      99.000     221.639        2136998000   1275      0     37          44   1275
     GPU 0  1.000  0.000  0.000  0.000  0.002  0.000  0.000  0.000              11174282               8468052         100           0       0.000      99.000     221.639        2136998000   1275      0     37          44   1275
     GPU 0  1.000  0.950  0.766  0.000  0.001  0.000  0.630  0.000               8592587               6568631         100           0       0.000      99.000     221.639        2136998000   1275      0     37          44   1275
     GPU 0  1.000  0.943  0.740  0.000  0.001  0.000  0.621  0.000              10578790               8067639         100           0       0.000      99.000     221.639        2136998000   1275      0     37          44   1275
     GPU 0  1.000  0.000  0.000  0.000  0.001  0.000  0.000  0.000              10566701               7898633         100           0       0.000      99.000     221.639        2136998000   1275      0     37          45   1275
     GPU 0  1.000  0.954  0.765  0.000  0.002  0.000  0.633  0.000               9050182               7202952         100           0       0.000      99.000     220.272        2137020097   1275      0     37          45   1275
     GPU 0  1.000  0.954  0.765  0.000  0.002  0.000  0.633  0.000               9050182               7202952         100           0       0.000      99.000     220.272        2137020097   1275      0     37          45   1275
     GPU 0  1.000  0.945  0.772  0.000  0.002  0.000  0.605  0.000               3461306               1958074         100           0       0.000      99.000     220.272        2137020097   1275      0     37          45   1275
     GPU 0  1.000  0.000  0.000  0.000  0.002  0.000  0.000  0.000               3465956               1494209         100           0       0.000      99.000     220.272        2137020097   1275      0     37          45   1275
     GPU 0  1.000  0.939  0.740  0.000  0.002  0.000  0.619  0.000               5562301               3842584         100           0       0.000      99.000     220.272        2137020097   1275      0     37          45   1275
     GPU 0  1.000  0.956  0.749  0.000  0.002  0.000  0.629  0.000               7410108               5203038         100           0       0.000      99.000     220.811        2137042811   1275      0     37          45   1275
     GPU 0  1.000  0.000  0.000  0.000  0.002  0.000  0.000  0.000              10682195               8285887         100           0       0.000      99.000     220.811        2137042811   1275      0     37          45   1275
     GPU 0  1.000  0.000  0.000  0.000  0.002  0.000  0.000  0.000              10682195               8285887         100           0       0.000      99.000     220.811        2137042811   1275      0     37          45   1275
     GPU 0  1.000  0.950  0.768  0.000  0.002  0.000  0.630  0.000               7921684               6706183         100           0       0.000      99.000     220.811        2137042811   1275      0     37          45   1275

# Entity  GRACT  SMACT  SMOCC  TENSO  DRAMA  FP64A  FP32A  FP16A                 PCITX                 PCIRX       GPUTL       MCUTL       MUSAM       GUSAM       POWER             TOTEC  SACLK  PSTAT  TMPTR       MMTMP  SMCLK
      Id                                                                                                                                                               W                mJ                    C           C       
     GPU 0  1.000  0.947  0.755  0.000  0.002  0.000  0.626  0.000               4410078               3775403         100           0       0.000      99.000     220.811        2137042811   1275      0     37          45   1275
     GPU 0  1.000  0.000  0.000  0.000  0.002  0.000  0.000  0.000               4952809               4850234         100           0       0.000      99.000     221.639        2137064861   1275      0     38          45   1275
     GPU 0  1.000  0.000  0.000  0.000  0.002  0.000  0.000  0.000               4952809               4850234         100           0       0.000      99.000     221.639        2137064861   1275      0     38          45   1275
     GPU 0  1.000  0.950  0.764  0.000  0.002  0.000  0.612  0.000               3460882               1809850         100           0       0.000      99.000     221.639        2137064861   1275      0     38          45   1275
     GPU 0  1.000  0.934  0.754  0.000  0.002  0.000  0.619  0.000               6282973               3428302         100           0       0.000      99.000     221.639        2137064861   1275      0     38          45   1275
     GPU 0  1.000  0.000  0.000  0.000  0.002  0.000  0.000  0.000               8149208               5127667         100           0       0.000      99.000     221.639        2137064861   1275      0     38          45   1275
     GPU 0  1.000  0.951  0.759  0.000  0.002  0.000  0.629  0.000               8925552               5968191         100           0       0.000      99.000     220.272        2137087330   1275      0     38          45   1275
     GPU 0  1.000  0.948  0.748  0.000  0.002  0.000  0.621  0.000              11046450               8173654         100           0       0.000      99.000     220.272        2137087330   1275      0     38          45   1275
     GPU 0  1.000  0.948  0.748  0.000  0.002  0.000  0.621  0.000              11046450               8173654         100           0       0.000      99.000     220.272        2137087330   1275      0     38          45   1275
     GPU 0  1.000  0.000  0.000  0.000  0.002  0.000  0.000  0.000               9493205               7259662         100           0       0.000      99.000     220.272        2137087330   1275      0     38          45   1275
     GPU 0  1.000  0.000  0.000  0.000  0.002  0.000  0.000  0.000               9493205               7259662         100           0       0.000      99.000     220.272        2137087330   1275      0     38          45   1275
     GPU 0  1.000  0.000  0.000  0.000  0.002  0.000  0.000  0.000               9493205               7259662         100           0       0.000      99.000     220.272        2137087330   1275      0     38          45   1275
     GPU 0  1.000  0.000  0.000  0.000  0.002  0.000  0.000  0.000               9493205               7259662         100           0       0.000      99.000     220.272        2137087330   1275      0     38          45   1275
     GPU 0  1.000  0.000  0.000  0.000  0.002  0.000  0.000  0.000               9493205               7259662         100           0       0.000      99.000     221.881        2137114923   1275      0     38          45   1275

# Entity  GRACT  SMACT  SMOCC  TENSO  DRAMA  FP64A  FP32A  FP16A                 PCITX                 PCIRX       GPUTL       MCUTL       MUSAM       GUSAM       POWER             TOTEC  SACLK  PSTAT  TMPTR       MMTMP  SMCLK
      Id                                                                                                                                                               W                mJ                    C           C       
     GPU 0  1.000  0.944  0.738  0.000  0.002  0.000  0.621  0.000               1838280               2097724         100           0       0.000      99.000     221.881        2137114923   1275      0     38          45   1275
     GPU 0  1.000  0.946  0.750  0.000  0.001  0.000  0.623  0.000               9782838               7256216         100           0       0.000      99.000     221.881        2137114923   1275      0     38          45   1275
     GPU 0  1.000  0.000  0.000  0.000  0.002  0.000  0.000  0.000              10950815               7942967         100           0       0.000      99.000     221.101        2137114923   1275      0     38          45   1275
     GPU 0  1.000  0.942  0.747  0.000  0.002  0.000  0.618  0.000              11058470               8335378         100           0       0.000      99.000     221.101        2137132446   1275      0     38          45   1275
     GPU 0  1.000  0.937  0.731  0.000  0.002  0.000  0.615  0.000               4115543               4053281         100           0       0.000      99.000     221.101        2137132446   1275      0     38          45   1275
     GPU 0  1.000  0.000  0.000  0.000  0.002  0.000  0.000  0.000               3508292               1661542         100           0       0.000      99.000     221.101        2137132446   1275      0     38          45   1275
     GPU 0  1.000  0.000  0.000  0.000  0.002  0.000  0.000  0.000               3508292               1661542         100           0       0.000      99.000     221.101        2137132446   1275      0     38          45   1275
     GPU 0  1.000  0.946  0.748  0.000  0.002  0.000  0.609  0.000               5005540               3323153         100           0       0.000      99.000     222.702        2137154554   1275      0     38          45   1275
     GPU 0  1.000  0.954  0.757  0.000  0.002  0.000  0.634  0.000               7317309               4907490         100           0       0.000      99.000     222.702        2137154554   1275      0     38          45   1275
     GPU 0  1.000  0.000  0.000  0.000  0.002  0.000  0.000  0.000               9178255               6742946         100           0       0.000      99.000     222.702        2137154554   1275      0     38          45   1275
     GPU 0  1.000  0.000  0.000  0.000  0.002  0.000  0.000  0.000               9178255               6742946         100           0       0.000      99.000     222.702        2137154554   1275      0     38          45   1275
     GPU 0  1.000  0.953  0.759  0.000  0.002  0.000  0.632  0.000               8824378               6345519         100           0       0.000      99.000     222.702        2137154554   1275      0     38          45   1275
     GPU 0  1.000  0.950  0.771  0.000  0.001  0.000  0.630  0.000               6346991               6015892         100           0       0.000      99.000     221.101        2137176955   1275      0     38          45   1275
     GPU 0  1.000  0.000  0.000  0.000  0.001  0.000  0.000  0.000               3544746               1367161         100           0       0.000      99.000     221.101        2137176955   1275      0     38          45   1275

# Entity  GRACT  SMACT  SMOCC  TENSO  DRAMA  FP64A  FP32A  FP16A                 PCITX                 PCIRX       GPUTL       MCUTL       MUSAM       GUSAM       POWER             TOTEC  SACLK  PSTAT  TMPTR       MMTMP  SMCLK
      Id                                                                                                                                                               W                mJ                    C           C       
     GPU 0  1.000  0.940  0.744  0.000  0.001  0.000  0.618  0.000               2210856               1481761         100           0       0.000      99.000     221.101        2137176955   1275      0     38          45   1275
     GPU 0  1.000  0.940  0.744  0.000  0.001  0.000  0.618  0.000               2210856               1481761         100           0       0.000      99.000     221.101        2137176955   1275      0     38          45   1275
     GPU 0  1.000  0.945  0.732  0.000  0.001  0.000  0.620  0.000               4930580               3427565         100           0       0.000      99.000     221.101        2137176955   1275      0     38          45   1275
     GPU 0  1.000  0.000  0.000  0.000  0.002  0.000  0.000  0.000               8991335               6229733         100           0       0.000      99.000     222.702        2137199299   1275      0     38          45   1275
     GPU 0  1.000  0.949  0.762  0.000  0.002  0.000  0.625  0.000              10902747               6939388         100           0       0.000      99.000     222.702        2137199299   1275      0     38          45   1275
     GPU 0  1.000  0.949  0.762  0.000  0.002  0.000  0.625  0.000              10902747               6939388         100           0       0.000      99.000     222.702        2137199299   1275      0     38          45   1275
     GPU 0  1.000  0.931  0.760  0.000  0.001  0.000  0.614  0.000               3419876               1833229         100           0       0.000      99.000     222.702        2137199299   1275      0     38          45   1275
     GPU 0  1.000  0.000  0.000  0.000  0.001  0.000  0.000  0.000               5002803               3337373         100           0       0.000      99.000     222.702        2137199299   1275      0     38          45   1275
     GPU 0  1.000  0.945  0.761  0.000  0.001  0.000  0.625  0.000               8726440               6662055         100           0       0.000      99.000     222.171        2137221683   1275      0     38          45   1275
     GPU 0  1.000  0.945  0.761  0.000  0.001  0.000  0.625  0.000               8726440               6662055         100           0       0.000      99.000     222.171        2137221683   1275      0     38          45   1275
     GPU 0  1.000  0.947  0.764  0.000  0.002  0.000  0.628  0.000               5758179               4333479         100           0       0.000      99.000     222.171        2137221683   1275      0     38          45   1275
     GPU 0  1.000  0.000  0.000  0.000  0.002  0.000  0.000  0.000               8063131               5937522         100           0       0.000      99.000     222.171        2137221683   1275      0     38          45   1275
     GPU 0  1.000  0.000  0.000  0.000  0.002  0.000  0.000  0.000               8063131               5937522         100           0       0.000      99.000     222.171        2137221683   1275      0     38          45   1275
     GPU 0  1.000  0.945  0.746  0.000  0.002  0.000  0.621  0.000               7127200               5235199         100           0       0.000      99.000     222.702        2137244084   1275      0     38          45   1275

# Entity  GRACT  SMACT  SMOCC  TENSO  DRAMA  FP64A  FP32A  FP16A                 PCITX                 PCIRX       GPUTL       MCUTL       MUSAM       GUSAM       POWER             TOTEC  SACLK  PSTAT  TMPTR       MMTMP  SMCLK
      Id                                                                                                                                                               W                mJ                    C           C       
     GPU 0  1.000  0.000  0.000  0.000  0.001  0.000  0.000  0.000               1338870               1422549         100           0       0.000      99.000     222.702        2137244084   1275      0     38          45   1275
     GPU 0  1.000  0.946  0.767  0.000  0.001  0.000  0.627  0.000               5805289               5431981         100           0       0.000      99.000     222.702        2137244084   1275      0     38          45   1275
     GPU 0  1.000  0.948  0.768  0.000  0.001  0.000  0.631  0.000               3550116               1559950         100           0       0.000      99.000     222.702        2137244084   1275      0     38          45   1275
     GPU 0  1.000  0.000  0.000  0.000  0.001  0.000  0.000  0.000               4723320               2868881         100           0       0.000      99.000     222.702        2137244084   1275      0     38          45   1275
     GPU 0  1.000  0.000  0.000  0.000  0.001  0.000  0.000  0.000               4723320               2868881         100           0       0.000      99.000     221.342        2137266850   1275      0     38          45   1275
     GPU 0  1.000  0.950  0.755  0.000  0.001  0.000  0.627  0.000               6913323               4670829         100           0       0.000      99.000     221.342        2137266850   1275      0     39          45   1275
     GPU 0  1.000  0.952  0.761  0.000  0.002  0.000  0.632  0.000              10812118               8327387         100           0       0.000      99.000     221.342        2137266850   1275      0     39          45   1275
     GPU 0  1.000  0.000  0.000  0.000  0.001  0.000  0.000  0.000               9818824               7504066         100           0       0.000      99.000     221.342        2137266850   1275      0     39          45   1275
     GPU 0  1.000  0.956  0.774  0.000  0.001  0.000  0.634  0.000               5993222               4778045         100           0       0.000      99.000     221.342        2137266850   1275      0     39          45   1275
     GPU 0  1.000  0.956  0.774  0.000  0.001  0.000  0.634  0.000               5993222               4778045         100           0       0.000      99.000     221.342        2137288958   1275      0     39          45   1275
     GPU 0  1.000  0.956  0.761  0.000  0.002  0.000  0.634  0.000               5227369               4056443         100           0       0.000      99.000     221.881        2137288958   1275      0     39          45   1275
     GPU 0  1.000  0.000  0.000  0.000  0.002  0.000  0.000  0.000               7871520               5945220         100           0       0.000      99.000     221.881        2137288958   1275      0     39          45   1275
     GPU 0  1.000  0.952  0.769  0.000  0.001  0.000  0.631  0.000               3503577               1558397         100           0       0.000      99.000     221.881        2137288958   1275      0     39          45   1275
     GPU 0  1.000  0.950  0.781  0.000  0.001  0.000  0.631  0.000               4157262               1367376         100           0       0.000      99.000     221.881        2137288958   1275      0     39          45   1275

# Entity  GRACT  SMACT  SMOCC  TENSO  DRAMA  FP64A  FP32A  FP16A                 PCITX                 PCIRX       GPUTL       MCUTL       MUSAM       GUSAM       POWER             TOTEC  SACLK  PSTAT  TMPTR       MMTMP  SMCLK
      Id                                                                                                                                                               W                mJ                    C           C       
     GPU 0  1.000  0.950  0.781  0.000  0.001  0.000  0.631  0.000               4157262               1367376         100           0       0.000      99.000     222.702        2137311193   1275      0     39          45   1275
     GPU 0  1.000  0.000  0.000  0.000  0.002  0.000  0.000  0.000               5200116               2893178         100           0       0.000      99.000     222.702        2137311193   1275      0     39          45   1275
     GPU 0  1.000  0.949  0.742  0.000  0.001  0.000  0.625  0.000               4840818               3017113         100           0       0.000      99.000     222.702        2137311193   1275      0     39          45   1275
     GPU 0  1.000  0.953  0.732  0.000  0.001  0.000  0.626  0.000               7152333               4794969         100           0       0.000      99.000     222.702        2137311193   1275      0     39          45   1275
     GPU 0  1.000  0.953  0.732  0.000  0.001  0.000  0.626  0.000               7152333               4794969         100           0       0.000      99.000     222.702        2137311193   1275      0     39          45   1275
     GPU 0  1.000  0.000  0.000  0.000  0.001  0.000  0.000  0.000               9791312               6246444         100           0       0.000      99.000     222.702        2137333733   1275      0     39          45   1275
     GPU 0  1.000  0.949  0.772  0.000  0.002  0.000  0.618  0.000               8785788               6246440         100           0       0.000      99.000     222.171        2137333733   1275      0     39          45   1275
     GPU 0  1.000  0.946  0.737  0.000  0.002  0.000  0.619  0.000               4548724               4548724         100           0       0.000      99.000     222.171        2137333733   1275      0     39          45   1275
     GPU 0  1.000  0.000  0.000  0.000  0.002  0.000  0.000  0.000               3543686               1748390         100           0       0.000      99.000     222.171        2137333733   1275      0     39          45   1275
     GPU 0  1.000  0.952  0.762  0.000  0.002  0.000  0.631  0.000               4307160               1981984         100           0       0.000      99.000     222.171        2137333733   1275      0     39          45   1275
     GPU 0  1.000  0.952  0.762  0.000  0.002  0.000  0.631  0.000               4307160               1981984         100           0       0.000      99.000     224.069        2137356104   1275      0     39          45   1275
     GPU 0  1.000  0.940  0.728  0.000  0.002  0.000  0.576  0.000               5997048               4151801         100           0       0.000      99.000     224.069        2137356104   1275      0     39          45   1275
     GPU 0  1.000  0.000  0.000  0.000  0.002  0.000  0.000  0.000               6946042               5172423         100           0       0.000      99.000     224.069        2137356104   1275      0     39          46   1275
     GPU 0  1.000  0.947  0.768  0.000  0.002  0.000  0.627  0.000               9101671               6669600         100           0       0.000      99.000     224.069        2137356104   1275      0     39          46   1275

# Entity  GRACT  SMACT  SMOCC  TENSO  DRAMA  FP64A  FP32A  FP16A                 PCITX                 PCIRX       GPUTL       MCUTL       MUSAM       GUSAM       POWER             TOTEC  SACLK  PSTAT  TMPTR       MMTMP  SMCLK
      Id                                                                                                                                                               W                mJ                    C           C       
     GPU 0  1.000  0.947  0.768  0.000  0.002  0.000  0.627  0.000               9101671               6669600         100           0       0.000      99.000     224.069        2137356104   1275      0     39          46   1275
     GPU 0  1.000  0.955  0.768  0.000  0.001  0.000  0.634  0.000               6145311               5316134         100           0       0.000      99.000     224.069        2137378874   1275      0     39          46   1275
     GPU 0  1.000  0.000  0.000  0.000  0.002  0.000  0.000  0.000               1338198               1589110         100           0       0.000      99.000     222.461        2137378874   1275      0     39          45   1275
     GPU 0  1.000  0.953  0.773  0.000  0.002  0.000  0.633  0.000               9847556               7887529         100           0       0.000      99.000     222.461        2137378874   1275      0     39          46   1275
     GPU 0  1.000  0.000  0.000  0.000  0.002  0.000  0.000  0.000               5495991               5195920         100           0       0.000      99.000     222.461        2137378874   1275      0     39          45   1275
     GPU 0  1.000  0.947  0.766  0.000  0.002  0.000  0.610  0.000               3821175               1492955         100           0       0.000      99.000     222.461        2137378874   1275      0     39          45   1275
     GPU 0  1.000  0.947  0.766  0.000  0.002  0.000  0.610  0.000               3821175               1492955         100           0       0.000      99.000     222.171        2137401005   1275      0     39          45   1275
     GPU 0  1.000  0.955  0.723  0.000  0.002  0.000  0.634  0.000               3674573               1790573         100           0       0.000      99.000     222.171        2137401005   1275      0     39          45   1275
     GPU 0  1.000  0.000  0.000  0.000  0.002  0.000  0.000  0.000               4805845               2889229         100           0       0.000      99.000     222.171        2137401005   1275      0     39          45   1275
     GPU 0  0.042  0.076  0.056  0.000  0.001  0.000  0.042  0.000            1268901915               1356881         100           0       0.000      99.000     222.171        2137401005   1275      0     37          45   1275
     GPU 0  0.000  0.000  0.000  0.000  0.000  0.000  0.000  0.000               7907667               3885947          83           0       0.000      83.000     222.171        2137401005   1275      0     37          45   1275
     GPU 0  0.000  0.000  0.000  0.000  0.000  0.000  0.000  0.000               7018190               3228718          83           0       0.000      83.000      99.240        2137417504   1275      0     36          45   1275
     GPU 0  0.000  0.000  0.000  0.000  0.000  0.000  0.000  0.000              11116028               4581833          83           0       0.000      83.000      99.240        2137417504   1275      0     35          45   1275
     GPU 0  0.000  0.000  0.000  0.000  0.000  0.000  0.000  0.000              11116028               4581833          83           0       0.000      83.000      99.240        2137417504   1275      0     35          45   1275

# Entity  GRACT  SMACT  SMOCC  TENSO  DRAMA  FP64A  FP32A  FP16A                 PCITX                 PCIRX       GPUTL       MCUTL       MUSAM       GUSAM       POWER             TOTEC  SACLK  PSTAT  TMPTR       MMTMP  SMCLK
      Id                                                                                                                                                               W                mJ                    C           C       
     GPU 0  0.000  0.000  0.000  0.000  0.000  0.000  0.000  0.000               7208427               4752051          83           0       0.000      83.000      99.240        2137417504   1275      0     34          45   1275
     GPU 0  0.000  0.000  0.000  0.000  0.000  0.000  0.000  0.000               5654767               3899920          83           0       0.000      83.000      99.240        2137417504   1275      0     33          45   1275
     GPU 0  0.000  0.000  0.000  0.000  0.000  0.000  0.000  0.000               6287954               3627704          83           0       0.000      83.000      99.240        2137427331   1275      0     33          45   1275
     GPU 0  0.000  0.000  0.000  0.000  0.000  0.000  0.000  0.000               9944106               3951457          83           0       0.000      83.000      96.804        2137427331   1275      0     33          45   1275
     GPU 0  0.000  0.000  0.000  0.000  0.000  0.000  0.000  0.000               4283016               1868470          83           0       0.000      83.000      96.804        2137427331   1275      0     33          45   1275
     GPU 0  0.000  0.000  0.000  0.000  0.000  0.000  0.000  0.000               4283016               1868470          83           0       0.000      83.000      96.804        2137427331   1275      0     33          45   1275
     GPU 0  0.000  0.000  0.000  0.000  0.000  0.000  0.000  0.000               6714807               3651104           0           0       0.000       0.000      96.804        2137427331   1275      0     33          45   1275
     GPU 0  0.000  0.000  0.000  0.000  0.000  0.000  0.000  0.000               8785353               5228633           0           0       0.000       0.000      96.555        2137437113   1275      0     32          45   1275
     GPU 0  0.000  0.000  0.000  0.000  0.000  0.000  0.000  0.000              10906551               7086529           0           0       0.000       0.000      96.555        2137437113   1275      0     32          45   1275
     GPU 0  0.000  0.000  0.000  0.000  0.000  0.000  0.000  0.000              11023762               7415468           0           0       0.000       0.000      96.555        2137437113   1275      0     32          45   1275
     GPU 0  0.000  0.000  0.000  0.000  0.000  0.000  0.000  0.000              11023762               7415468           0           0       0.000       0.000      96.555        2137437113   1275      0     32          45   1275
     GPU 0  0.000  0.000  0.000  0.000  0.000  0.000  0.000  0.000               8826124               5520594           0           0       0.000       0.000      96.555        2137437113   1275      0     32          45   1275
     GPU 0  0.000  0.000  0.000  0.000  0.000  0.000  0.000  0.000               9010185               4924804           0           0       0.000       0.000      96.555        2137437113   1275      0     32          45   1275
     GPU 0  0.000  0.000  0.000  0.000  0.000  0.000  0.000  0.000               9239535               6038596           0           0       0.000       0.000      96.555        2137446877   1275      0     32          45   1275

# Entity  GRACT  SMACT  SMOCC  TENSO  DRAMA  FP64A  FP32A  FP16A                 PCITX                 PCIRX       GPUTL       MCUTL       MUSAM       GUSAM       POWER             TOTEC  SACLK  PSTAT  TMPTR       MMTMP  SMCLK
      Id                                                                                                                                                               W                mJ                    C           C       
     GPU 0  0.000  0.000  0.000  0.000  0.000  0.000  0.000  0.000               8790773               5148892           0           0       0.000       0.000      96.555        2137446877   1275      0     32          45   1275
     GPU 0  0.000  0.000  0.000  0.000  0.000  0.000  0.000  0.000              11237376               7494317           0           0       0.000       0.000      96.555        2137446877   1275      0     32          45   1275
     GPU 0  0.000  0.000  0.000  0.000  0.000  0.000  0.000  0.000              11237376               7494317           0           0       0.000       0.000      96.555        2137446877   1275      0     32          45   1275
     GPU 0  0.000  0.000  0.000  0.000  0.000  0.000  0.000  0.000              11237376               7494317           0           0       0.000       0.000      96.555        2137446877   1275      0     32          45   1275
     GPU 0  0.000  0.000  0.000  0.000  0.000  0.000  0.000  0.000              11237376               7494317           0           0       0.000       0.000      96.555        2137446877   1275      0     32          45   1275
     GPU 0  0.000  0.000  0.000  0.000  0.000  0.000  0.000  0.000              11237376               7494317           0           0       0.000       0.000      96.555        2137446877   1275      0     32          45   1275
     GPU 0  0.000  0.000  0.000  0.000  0.000  0.000  0.000  0.000              12299243               7274181           0           0       0.000       0.000      96.264        2137458921   1275      0     31          45   1275
     GPU 0  0.000  0.000  0.000  0.000  0.000  0.000  0.000  0.000               8330844               5107422           0           0       0.000       0.000      96.264        2137458921   1275      0     31          45   1275
     GPU 0  0.000  0.000  0.000  0.000  0.000  0.000  0.000  0.000               8330844               5107422           0           0       0.000       0.000      97.337        2137466532   1275      0     31          45   1275
     GPU 0  0.005  0.000  0.000  0.000  0.000  0.000  0.000  0.000               4643386               8651780           0           0       0.000       0.000      97.337        2137466532   1275      0     31          45   1275
     GPU 0  0.000  0.000  0.000  0.000  0.000  0.000  0.000  0.000              11035892              10899646           0           0       0.000       0.000      97.337        2137466532   1275      0     31          45   1275
     GPU 0  0.000  0.000  0.000  0.000  0.000  0.000  0.000  0.000              11035892              10899646           0           0       0.000       0.000      97.337        2137466532   1275      0     31          45   1275
     GPU 0  0.000  0.000  0.000  0.000  0.014  0.000  0.000  0.000              12325985               9146490           0           0       0.000       0.000      97.337        2137466532   1275      0     31          45   1275
     GPU 0  0.000  0.000  0.000  0.000  0.014  0.000  0.000  0.000              12325985               9146490           0           0       0.000       0.000      97.337        2137466532   1275      0     31          45   1275

# Entity  GRACT  SMACT  SMOCC  TENSO  DRAMA  FP64A  FP32A  FP16A                 PCITX                 PCIRX       GPUTL       MCUTL       MUSAM       GUSAM       POWER             TOTEC  SACLK  PSTAT  TMPTR       MMTMP  SMCLK
      Id                                                                                                                                                               W                mJ                    C           C       
     GPU 0  0.000  0.000  0.000  0.000  0.014  0.000  0.000  0.000              12325985               9146490           0           0       0.000       0.000      97.337        2137466532   1275      0     31          45   1275
     GPU 0  0.000  0.000  0.000  0.000  0.014  0.000  0.000  0.000              12325985               9146490           6           0       0.000       0.000      97.337        2137466532   1275      0     31          45   1275
     GPU 0  0.000  0.000  0.000  0.000  0.014  0.000  0.000  0.000              12325985               9146490           6           0       0.000       0.000      97.337        2137478614   1275      0     31          45   1275
     GPU 0  0.000  0.000  0.000  0.000  0.000  0.000  0.000  0.000               7591042              25692760           6           0       0.000       0.000      97.337        2137478614   1275      0     31          45   1275
     GPU 0  0.000  0.000  0.000  0.000  0.000  0.000  0.000  0.000               2170872               4675725           6           0       0.000       0.000      97.095        2137486305   1275      0     31          45   1275
     GPU 0  0.000  0.000  0.000  0.000  0.000  0.000  0.000  0.000               2170872               4675725           6           0       0.000       0.000      97.095        2137486305   1275      0     31          45   1275
     GPU 0  0.000  0.000  0.000  0.000  0.000  0.000  0.000  0.000               9587175               7535685           6           0       0.000       0.000      97.095        2137486305   1275      0     31          45   1275
     GPU 0  0.000  0.000  0.000  0.000  0.000  0.000  0.000  0.000               7433191               4777162           6           0       0.000       0.000      97.095        2137486305   1275      0     31          45   1275
     GPU 0  0.000  0.000  0.000  0.000  0.000  0.000  0.000  0.000               7433191               4777162           0           0       0.000       0.000      97.095        2137486305   1275      0     31          45   1275
     GPU 0  0.000  0.000  0.000  0.000  0.000  0.000  0.000  0.000               6507339               3909124           0           0       0.000       0.000      97.095        2137486305   1275      0     31          45   1275
     GPU 0  0.000  0.000  0.000  0.000  0.000  0.000  0.000  0.000                920844                 83713           0           0       0.000       0.000      97.095        2137496111   1275      0     31          45   1275
     GPU 0  0.000  0.000  0.000  0.000  0.000  0.000  0.000  0.000               6840438               3872765           0           0       0.000       0.000      97.095        2137496111   1275      0     30          45   1275
     GPU 0  0.000  0.000  0.000  0.000  0.000  0.000  0.000  0.000              10238496               6635440           0           0       0.000       0.000      97.095        2137496111   1275      0     30          45   1275
     GPU 0  0.000  0.000  0.000  0.000  0.000  0.000  0.000  0.000               9873260               6068134           0           0       0.000       0.000      97.095        2137496111   1275      0     30          45   1275

# Entity  GRACT  SMACT  SMOCC  TENSO  DRAMA  FP64A  FP32A  FP16A                 PCITX                 PCIRX       GPUTL       MCUTL       MUSAM       GUSAM       POWER             TOTEC  SACLK  PSTAT  TMPTR       MMTMP  SMCLK
      Id                                                                                                                                                               W                mJ                    C           C       
     GPU 0  0.000  0.000  0.000  0.000  0.000  0.000  0.000  0.000               9873260               6068134           0           0       0.000       0.000      97.095        2137505928   1275      0     30          45   1275
     GPU 0  0.000  0.000  0.000  0.000  0.000  0.000  0.000  0.000              10472571               6828404           0           0       0.000       0.000      97.095        2137505928   1275      0     30          45   1275
     GPU 0  0.000  0.000  0.000  0.000  0.000  0.000  0.000  0.000              10453273               6717184           0           0       0.000       0.000      97.095        2137505928   1275      0     30          45   1275
     GPU 0  0.000  0.000  0.000  0.000  0.000  0.000  0.000  0.000              11089549               6812758           0           0       0.000       0.000      97.095        2137505928   1275      0     30          45   1275
     GPU 0  0.000  0.000  0.000  0.000  0.000  0.000  0.000  0.000              11569387               7065712           0           0       0.000       0.000      97.095        2137505928   1275      0     30          45   1275
     GPU 0  0.000  0.000  0.000  0.000  0.000  0.000  0.000  0.000              11655782               6597031           0           0       0.000       0.000      97.095        2137505928   1275      0     30          45   1275
     GPU 0  0.000  0.000  0.000  0.000  0.000  0.000  0.000  0.000               1005562                     0           0           0       0.000       0.000      97.095        2137515797   1275      0     30          45   1275
     GPU 0  0.000  0.000  0.000  0.000  0.000  0.000  0.000  0.000               7006883               3997703           0           0       0.000       0.000      97.095        2137515797   1275      0     30          45   1275
     GPU 0  0.000  0.000  0.000  0.000  0.000  0.000  0.000  0.000              10272384               6734504           0           0       0.000       0.000      97.095        2137515797   1275      0     30          45   1275
     GPU 0  0.000  0.000  0.000  0.000  0.000  0.000  0.000  0.000              10272384               6734504           0           0       0.000       0.000      97.095        2137515797   1275      0     30          45   1275
     GPU 0  0.000  0.000  0.000  0.000  0.000  0.000  0.000  0.000               4893383               3706022           0           0       0.000       0.000      96.804        2137525567   1275      0     30          45   1275
     GPU 0  0.000  0.000  0.000  0.000  0.000  0.000  0.000  0.000               5970042               4253412           0           0       0.000       0.000      96.804        2137525567   1275      0     30          45   1275
     GPU 0  0.000  0.000  0.000  0.000  0.000  0.000  0.000  0.000               4922872               2425030           0           0       0.000       0.000      96.804        2137525567   1275      0     30          45   1275
     GPU 0  0.000  0.000  0.000  0.000  0.000  0.000  0.000  0.000               5268999               2562010           0           0       0.000       0.000      96.804        2137525567   1275      0     30          45   1275

# Entity  GRACT  SMACT  SMOCC  TENSO  DRAMA  FP64A  FP32A  FP16A                 PCITX                 PCIRX       GPUTL       MCUTL       MUSAM       GUSAM       POWER             TOTEC  SACLK  PSTAT  TMPTR       MMTMP  SMCLK
      Id                                                                                                                                                               W                mJ                    C           C       
     GPU 0  0.000  0.000  0.000  0.000  0.000  0.000  0.000  0.000               5268999               2562010           0           0       0.000       0.000      96.804        2137525567   1275      0     30          45   1275
     GPU 0  0.000  0.000  0.000  0.000  0.000  0.000  0.000  0.000               7458849               3808770           0           0       0.000       0.000      96.804        2137525567   1275      0     30          45   1275
     GPU 0  0.000  0.000  0.000  0.000  0.000  0.000  0.000  0.000               7346998               4802042           0           0       0.000       0.000      96.804        2137535442   1275      0     30          45   1275
     GPU 0  0.000  0.000  0.000  0.000  0.000  0.000  0.000  0.000              10304475               6742677           0           0       0.000       0.000      96.804        2137535442   1275      0     30          45   1275
     GPU 0  0.000  0.000  0.000  0.000  0.000  0.000  0.000  0.000               8868664               5612787           0           0       0.000       0.000      96.804        2137535442   1275      0     30          45   1275
     GPU 0  0.000  0.000  0.000  0.000  0.000  0.000  0.000  0.000               7477785               5147389           0           0       0.000       0.000      96.804        2137535442   1275      0     30          45   1275
     GPU 0  0.000  0.000  0.000  0.000  0.000  0.000  0.000  0.000               7477785               5147389           0           0       0.000       0.000      96.804        2137545154   1275      0     30          45   1275
     GPU 0  0.000  0.000  0.000  0.000  0.000  0.000  0.000  0.000               6462557               3585653           0           0       0.000       0.000      96.804        2137545154   1275      0     30          45   1275
     GPU 0  0.000  0.000  0.000  0.000  0.000  0.000  0.000  0.000               9483534               6042104           0           0       0.000       0.000      96.804        2137545154   1275      0     30          45   1275
     GPU 0  0.000  0.000  0.000  0.000  0.000  0.000  0.000  0.000               9690171               6334549           0           0       0.000       0.000      96.804        2137545154   1275      0     30          45   1275
     GPU 0  0.000  0.000  0.000  0.000  0.000  0.000  0.000  0.000               3302415                275201           0           0       0.000       0.000      96.804        2137545154   1275      0     30          45   1275
     GPU 0  0.000  0.000  0.000  0.000  0.000  0.000  0.000  0.000               3304434                275369           0           0       0.000       0.000      96.804        2137545154   1275      0     30          45   1275
     GPU 0  0.000  0.000  0.000  0.000  0.000  0.000  0.000  0.000               3304434                275369           0           0       0.000       0.000      96.804        2137555029   1275      0     30          45   1275
     GPU 0  0.000  0.000  0.000  0.000  0.000  0.000  0.000  0.000               7685941               2538772           0           0       0.000       0.000      96.804        2137555029   1275      0     30          45   1275

# Entity  GRACT  SMACT  SMOCC  TENSO  DRAMA  FP64A  FP32A  FP16A                 PCITX                 PCIRX       GPUTL       MCUTL       MUSAM       GUSAM       POWER             TOTEC  SACLK  PSTAT  TMPTR       MMTMP  SMCLK
      Id                                                                                                                                                               W                mJ                    C           C       
     GPU 0  0.000  0.000  0.000  0.000  0.000  0.000  0.000  0.000               4430358               1970754           0           0       0.000       0.000      96.804        2137555029   1275      0     30          45   1275
     GPU 0  0.000  0.000  0.000  0.000  0.000  0.000  0.000  0.000               6579431               3574501           0           0       0.000       0.000      96.804        2137555029   1275      0     30          45   1275
     GPU 0  0.000  0.000  0.000  0.000  0.000  0.000  0.000  0.000               8590648               5211351           0           0       0.000       0.000      96.804        2137564740   1275      0     30          45   1275
     GPU 0  0.000  0.000  0.000  0.000  0.000  0.000  0.000  0.000              10427187               6838120           0           0       0.000       0.000      96.804        2137564740   1275      0     30          45   1275
     GPU 0  0.000  0.000  0.000  0.000  0.000  0.000  0.000  0.000               9970899               6624388           0           0       0.000       0.000      96.804        2137564740   1275      0     30          45   1275
     GPU 0  0.000  0.000  0.000  0.000  0.000  0.000  0.000  0.000               9970899               6624388           0           0       0.000       0.000      96.804        2137564740   1275      0     30          45   1275
     GPU 0  0.000  0.000  0.000  0.000  0.000  0.000  0.000  0.000              11502415               7193080           0           0       0.000       0.000      96.804        2137564740   1275      0     30          45   1275
     GPU 0  0.000  0.000  0.000  0.000  0.000  0.000  0.000  0.000               9629536               6210032           0           0       0.000       0.000      96.804        2137564740   1275      0     30          45   1275
     GPU 0  0.000  0.000  0.000  0.000  0.000  0.000  0.000  0.000               1005688                 83807           0           0       0.000       0.000      96.804        2137574578   1275      0     30          45   1275
     GPU 0  0.000  0.000  0.000  0.000  0.000  0.000  0.000  0.000               1005688                 83807           0           0       0.000       0.000      96.804        2137574578   1275      0     30          45   1275
     GPU 0  0.000  0.000  0.000  0.000  0.000  0.000  0.000  0.000               8063645               4516764           0           0       0.000       0.000      96.804        2137574578   1275      0     30          45   1275
     GPU 0  0.000  0.000  0.000  0.000  0.000  0.000  0.000  0.000              10018865               6583297           0           0       0.000       0.000      96.804        2137574578   1275      0     30          45   1275
     GPU 0  0.000  0.000  0.000  0.000  0.000  0.000  0.000  0.000               9826813               6468753           0           0       0.000       0.000      96.804        2137584358   1275      0     30          45   1275
     GPU 0  0.000  0.000  0.000  0.000  0.000  0.000  0.000  0.000               9631897               6486510           0           0       0.000       0.000      96.804        2137584358   1275      0     30          45   1275

# Entity  GRACT  SMACT  SMOCC  TENSO  DRAMA  FP64A  FP32A  FP16A                 PCITX                 PCIRX       GPUTL       MCUTL       MUSAM       GUSAM       POWER             TOTEC  SACLK  PSTAT  TMPTR       MMTMP  SMCLK
      Id                                                                                                                                                               W                mJ                    C           C       
     GPU 0  0.000  0.000  0.000  0.000  0.000  0.000  0.000  0.000              10468510               6798529           0           0       0.000       0.000      96.804        2137584358   1275      0     30          45   1275
     GPU 0  0.000  0.000  0.000  0.000  0.000  0.000  0.000  0.000               9906724               6406760           0           0       0.000       0.000      96.804        2137584358   1275      0     30          45   1275
     GPU 0  0.000  0.000  0.000  0.000  0.000  0.000  0.000  0.000               3301620                233270           0           0       0.000       0.000      96.804        2137584358   1275      0     30          45   1275
     GPU 0  0.000  0.000  0.000  0.000  0.000  0.000  0.000  0.000               1674542                418635           0           0       0.000       0.000      96.804        2137584358   1275      0     30          45    315
     GPU 0  0.000  0.000  0.000  0.000  0.000  0.000  0.000  0.000                920117                     0           0           0       0.000       0.000      87.593        2137594140   1275      0     30          45    315
     GPU 0  0.000  0.000  0.000  0.000  0.000  0.000  0.000  0.000                920117                     0           0           0       0.000       0.000      87.593        2137594140   1275      0     29          45    315
     GPU 0  0.000  0.000  0.000  0.000  0.000  0.000  0.000  0.000               6520693               3719733           0           0       0.000       0.000      87.593        2137594140   1275      0     29          45    315
     GPU 0  0.000  0.000  0.000  0.000  0.000  0.000  0.000  0.000               3955578               3161521           0           0       0.000       0.000      87.593        2137594140   1275      0     29          45    315
     GPU 0  0.000  0.000  0.000  0.000  0.000  0.000  0.000  0.000               3019800                274527           0           0       0.000       0.000      87.593        2137602160   1275      0     29          45    315
     GPU 0  0.000  0.000  0.000  0.000  0.000  0.000  0.000  0.000               4440303               2664182           0           0       0.000       0.000      79.455        2137602160   1275      0     29          45    315
     GPU 0  0.000  0.000  0.000  0.000  0.000  0.000  0.000  0.000               3632757                209031           0           0       0.000       0.000      79.455        2137602160   1275      0     29          45    315
