# Entity  GRACT  SMACT  SMOCC  TENSO  DRAMA  FP64A  FP32A  FP16A                 PCITX                 PCIRX       GPUTL       MCUTL       MUSAM       GUSAM       POWER             TOTEC  SACLK  PSTAT  TMPTR       MMTMP  SMCLK
      Id                                                                                                                                                               W                mJ                    C           C       
     GPU 0  0.000  0.000  0.000  0.000  0.000  0.000  0.000  0.000              93368700                     0           0           0       0.000       0.000      76.729         456714519   1395      0     27          43    210
     GPU 0  0.000  0.000  0.000  0.000  0.000  0.000  0.000  0.000               9528013               5257962           0           0       0.000       0.000      76.729         456714519   1395      0     27          44    210
     GPU 0  0.000  0.000  0.000  0.000  0.000  0.000  0.000  0.000               9528013               5257962           0           0       0.000       0.000      76.729         456714519   1395      0     27          43    210
     GPU 0  0.000  0.000  0.000  0.000  0.000  0.000  0.000  0.000               9791186               6538329           0           0       0.000       0.000      78.383         456714519   1395      0     27          43    210
     GPU 0  0.000  0.000  0.000  0.000  0.000  0.000  0.000  0.000               9791186               6538329           0           0       0.000       0.000      78.383         456722378   1395      0     27          43    210
     GPU 0  0.000  0.000  0.000  0.000  0.000  0.000  0.000  0.000               4934573               2810619           0           0       0.000       0.000      78.383         456722378   1395      0     27          44    210
     GPU 0  0.000  0.000  0.000  0.000  0.000  0.000  0.000  0.000               6356718               3803822           0           0       0.000       0.000      78.383         456722378   1395      0     27          44    210
     GPU 0  0.000  0.000  0.000  0.000  0.000  0.000  0.000  0.000               6578007               4860569           0           0       0.000       0.000      78.383         456722378   1395      0     27          44    210
     GPU 0  0.000  0.000  0.000  0.000  0.000  0.000  0.000  0.000               3020110                 83737           0           0       0.000       0.000      78.383         456722378   1395      0     27          44    210
     GPU 0  0.000  0.000  0.000  0.000  0.000  0.000  0.000  0.000                919381                     0           0           0       0.000       0.000      78.632         456730388   1395      0     27          43    210
     GPU 0  0.000  0.000  0.000  0.000  0.000  0.000  0.000  0.000                919381                     0           0           0       0.000       0.000      78.632         456730388   1395      0     27          43    210
     GPU 0  0.000  0.000  0.000  0.000  0.000  0.000  0.000  0.000               5559976               1999892           0           0       0.000       0.000      78.632         456730388   1395      0     27          44    210
     GPU 0  0.000  0.000  0.000  0.000  0.000  0.000  0.000  0.000               5848890               2819856           0           0       0.000       0.000      78.632         456730388   1395      0     27          44    210
     GPU 0  0.000  0.000  0.000  0.000  0.000  0.000  0.000  0.000               6082719               3417542           0           0       0.000       0.000      78.632         456738296   1395      0     27          44    210
     GPU 0  0.000  0.000  0.000  0.000  0.000  0.000  0.000  0.000               8016585               5210024           0           0       0.000       0.000      78.632         456738296   1395      0     27          44    210

# Entity  GRACT  SMACT  SMOCC  TENSO  DRAMA  FP64A  FP32A  FP16A                 PCITX                 PCIRX       GPUTL       MCUTL       MUSAM       GUSAM       POWER             TOTEC  SACLK  PSTAT  TMPTR       MMTMP  SMCLK
      Id                                                                                                                                                               W                mJ                    C           C       
     GPU 0  0.000  0.000  0.000  0.000  0.000  0.000  0.000  0.000               8016585               5210024           0           0       0.000       0.000      78.632         456738296   1395      0     27          43    210
     GPU 0  0.000  0.000  0.000  0.000  0.000  0.000  0.000  0.000               9337365               5458526           0           0       0.000       0.000      78.632         456738296   1395      0     27          43    210
     GPU 0  0.000  0.000  0.000  0.000  0.000  0.000  0.000  0.000               4430143               2901882           0           0       0.000       0.000      78.632         456738296   1395      0     27          43    210
     GPU 0  0.000  0.000  0.000  0.000  0.000  0.000  0.000  0.000               3728247               1978097           0           0       0.000       0.000      78.632         456738296   1395      0     27          43    210
     GPU 0  0.000  0.000  0.000  0.000  0.000  0.000  0.000  0.000                920723                     0           0           0       0.000       0.000      78.632         456746267   1395      0     27          43    210
     GPU 0  0.000  0.000  0.000  0.000  0.000  0.000  0.000  0.000                920723                     0           0           0       0.000       0.000      78.632         456746267   1395      0     27          43    210
     GPU 0  0.000  0.000  0.000  0.000  0.000  0.000  0.000  0.000               5054347               1609621           0           0       0.000       0.000      78.632         456746267   1395      0     27          43    210
     GPU 0  0.000  0.000  0.000  0.000  0.000  0.000  0.000  0.000              10625989               7351851           0           0       0.000       0.000      78.632         456746267   1395      0     27          44    210
     GPU 0  0.000  0.000  0.000  0.000  0.000  0.000  0.000  0.000              10625989               7351851           0           0       0.000       0.000      78.632         456754155   1395      0     27          44    210
     GPU 0  0.000  0.000  0.000  0.000  0.000  0.000  0.000  0.000               9784359               7118911           0           0       0.000       0.000      78.632         456754155   1395      0     27          43    210
     GPU 0  0.000  0.000  0.000  0.000  0.000  0.000  0.000  0.000               2844567              28376298           0           0       0.000       0.000      78.632         456754155   1395      0     27          43    210
     GPU 0  0.000  0.000  0.000  0.000  0.000  0.000  0.000  0.000               2844567              28376298           0           0       0.000       0.000      78.632         456754155   1395      0     27          43    210
     GPU 0  0.000  0.000  0.000  0.000  0.000  0.000  0.000  0.000              11943512              20482227           0           0       0.000       0.000      78.632         456754155   1395      0     27          43    210
     GPU 0  0.000  0.000  0.000  0.000  0.000  0.000  0.000  0.000              10685517               8219628           0           0       0.000       0.000      78.383         456754155   1395      0     27          43    210

# Entity  GRACT  SMACT  SMOCC  TENSO  DRAMA  FP64A  FP32A  FP16A                 PCITX                 PCIRX       GPUTL       MCUTL       MUSAM       GUSAM       POWER             TOTEC  SACLK  PSTAT  TMPTR       MMTMP  SMCLK
      Id                                                                                                                                                               W                mJ                    C           C       
     GPU 0  0.000  0.000  0.000  0.000  0.000  0.000  0.000  0.000               8471098               5072381           0           0       0.000       0.000      78.383         456762146   1395      0     27          43    210
     GPU 0  0.000  0.000  0.000  0.000  0.000  0.000  0.000  0.000               8471098               5072381           0           0       0.000       0.000      78.383         456762146   1395      0     27          43    210
     GPU 0  0.000  0.000  0.000  0.000  0.000  0.000  0.000  0.000               5843897               5843897           0           0       0.000       0.000      78.383         456762146   1395      0     27          44    210
     GPU 0  0.000  0.000  0.000  0.000  0.000  0.000  0.000  0.000               1121552                897242           0           0       0.000       0.000      78.383         456762146   1395      0     27          43    210
     GPU 0  0.000  0.000  0.000  0.000  0.000  0.000  0.000  0.000               1579023               2659408           0           0       0.000       0.000      78.383         456762146   1395      0     27          44    210
     GPU 0  0.000  0.000  0.000  0.000  0.000  0.000  0.000  0.000               1579023               2659408           0           0       0.000       0.000      78.632         456770099   1395      0     27          44    210
     GPU 0  0.000  0.000  0.000  0.000  0.000  0.000  0.000  0.000               8498856               5286690           0           0       0.000       0.000      78.632         456770099   1395      0     27          43    210
     GPU 0  0.000  0.000  0.000  0.000  0.000  0.000  0.000  0.000               3499741               3499741           0           0       0.000       0.000      78.632         456770099   1395      0     27          43    210
     GPU 0  0.000  0.000  0.000  0.000  0.000  0.000  0.000  0.000               3499741               3499741           0           0       0.000       0.000      78.632         456770099   1395      0     27          43    210
     GPU 0  0.000  0.000  0.000  0.000  0.000  0.000  0.000  0.000               3499741               3499741           0           0       0.000       0.000      78.632         456778010   1395      0     27          43    210
     GPU 0  0.000  0.000  0.000  0.000  0.000  0.000  0.000  0.000               3499741               3499741           0           0       0.000       0.000      78.632         456778010   1395      0     27          44    210
     GPU 0  0.000  0.000  0.000  0.000  0.000  0.000  0.000  0.000               4065779               3197004           0           0       0.000       0.000      78.632         456778010   1395      0     27          43    210
     GPU 0  0.000  0.000  0.000  0.000  0.000  0.000  0.000  0.000               4065779               3197004           0           0       0.000       0.000      78.632         456778010   1395      0     27          43    210
     GPU 0  0.000  0.000  0.000  0.000  0.000  0.000  0.000  0.000               8037844              13731318           0           0       0.000       0.000      78.632         456778010   1395      0     27          43    210

# Entity  GRACT  SMACT  SMOCC  TENSO  DRAMA  FP64A  FP32A  FP16A                 PCITX                 PCIRX       GPUTL       MCUTL       MUSAM       GUSAM       POWER             TOTEC  SACLK  PSTAT  TMPTR       MMTMP  SMCLK
      Id                                                                                                                                                               W                mJ                    C           C       
     GPU 0  0.000  0.000  0.000  0.000  0.000  0.000  0.000  0.000               6406423              21881678           0           0       0.000       0.000      78.632         456785957   1395      0     27          44    210
     GPU 0  0.000  0.000  0.000  0.000  0.000  0.000  0.000  0.000              12590236              15496419           0           0       0.000       0.000      78.383         456785957   1395      0     27          43    210
     GPU 0  0.000  0.000  0.000  0.000  0.000  0.000  0.000  0.000               8499981              13559493           0           0       0.000       0.000      78.383         456785957   1395      0     27          43    210
     GPU 0  0.000  0.000  0.000  0.000  0.000  0.000  0.000  0.000               8499981              13559493           0           0       0.000       0.000      78.383         456785957   1395      0     27          43   1395
     GPU 0  0.042  0.000  0.000  0.000  0.000  0.000  0.000  0.000              13326461              27376302           0           0       0.000       0.000      78.383         456785957   1395      0     27          43   1395
     GPU 0  0.012  0.000  0.000  0.000  0.001  0.000  0.000  0.000             357623928            3135021327           0           0       0.000       0.000      78.383         456785957   1395      0     27          43   1395
     GPU 0  0.500  0.000  0.000  0.000  0.002  0.000  0.000  0.000             353038419            3078376710           0           0       0.000       0.000     106.298         456795586   1395      0     29          43   1395
     GPU 0  1.000  0.953  0.757  0.000  0.002  0.000  0.634  0.000              13185886               7538802           0           0       0.000       0.000     106.298         456795586   1395      0     32          43   1395
     GPU 0  1.000  0.000  0.000  0.000  0.002  0.000  0.000  0.000               4387600               3475862           0           0       0.000       0.000     106.298         456795586   1395      0     32          43   1395
     GPU 0  1.000  0.947  0.751  0.000  0.002  0.000  0.611  0.000               5932334               4359939           0           0       0.000       0.000     106.298         456795586   1395      0     34          43   1395
     GPU 0  1.000  0.950  0.759  0.000  0.002  0.000  0.629  0.000               8642084               6187319           0           0       0.000       0.000     106.298         456795586   1395      0     34          43   1395
     GPU 0  1.000  0.950  0.759  0.000  0.002  0.000  0.629  0.000               8642084               6187319           0           0       0.000       0.000     281.384         456822127   1395      0     35          43   1395
     GPU 0  1.000  0.000  0.000  0.000  0.002  0.000  0.000  0.000              11963030               8848445          68           0       0.000      68.000     281.384         456822127   1395      0     35          43   1395
     GPU 0  1.000  0.941  0.753  0.000  0.002  0.000  0.622  0.000              11379187               8656044          68           0       0.000      68.000     281.384         456822127   1395      0     35          44   1395

# Entity  GRACT  SMACT  SMOCC  TENSO  DRAMA  FP64A  FP32A  FP16A                 PCITX                 PCIRX       GPUTL       MCUTL       MUSAM       GUSAM       POWER             TOTEC  SACLK  PSTAT  TMPTR       MMTMP  SMCLK
      Id                                                                                                                                                               W                mJ                    C           C       
     GPU 0  1.000  0.945  0.747  0.000  0.002  0.000  0.607  0.000              11871552               8680514          68           0       0.000      68.000     281.384         456822127   1395      0     36          44   1395
     GPU 0  1.000  0.945  0.747  0.000  0.002  0.000  0.607  0.000              11871552               8680514          68           0       0.000      68.000     280.557         456822127   1395      0     37          44   1395
     GPU 0  1.000  0.000  0.000  0.000  0.002  0.000  0.000  0.000               8431069               6573440          68           0       0.000      68.000     280.557         456850861   1395      0     37          44   1395
     GPU 0  1.000  0.947  0.764  0.000  0.002  0.000  0.619  0.000               6011574               6138779          68           0       0.000      68.000     280.557         456850861   1395      0     37          44   1395
     GPU 0  1.000  0.945  0.742  0.000  0.002  0.000  0.624  0.000              10421936               7944332          68           0       0.000      68.000     280.557         456850861   1395      0     37          44   1395
     GPU 0  1.000  0.000  0.000  0.000  0.002  0.000  0.000  0.000               9360165               7218417          68           0       0.000      68.000     280.557         456850861   1395      0     38          44   1395
     GPU 0  1.000  0.949  0.758  0.000  0.002  0.000  0.627  0.000               6969327               5371643          68           0       0.000      68.000     281.674         456850861   1395      0     38          44   1395
     GPU 0  1.000  0.944  0.758  0.000  0.002  0.000  0.608  0.000               9927139               7265201          68           0       0.000      68.000     281.674         456879088   1395      0     38          44   1395
     GPU 0  1.000  0.944  0.758  0.000  0.002  0.000  0.608  0.000               9927139               7265201          68           0       0.000      68.000     281.674         456879088   1395      0     38          44   1395
     GPU 0  1.000  0.944  0.758  0.000  0.002  0.000  0.608  0.000               9927139               7265201          68           0       0.000      68.000     281.674         456879088   1395      0     38          44   1395
     GPU 0  1.000  0.000  0.000  0.000  0.002  0.000  0.000  0.000              19186610              11255367         100           0       0.000      99.000     281.674         456879088   1395      0     38          44   1395
     GPU 0  1.000  0.000  0.000  0.000  0.002  0.000  0.000  0.000              19186610              11255367         100           0       0.000      99.000     281.674         456907918   1395      0     38          44   1395
     GPU 0  1.000  0.958  0.751  0.000  0.002  0.000  0.637  0.000              11770922               7575652         100           0       0.000      99.000     277.067         456907918   1395      0     39          44   1395
     GPU 0  1.000  0.000  0.000  0.000  0.002  0.000  0.000  0.000               4422769               4659703         100           0       0.000      99.000     277.067         456907918   1395      0     39          44   1395

# Entity  GRACT  SMACT  SMOCC  TENSO  DRAMA  FP64A  FP32A  FP16A                 PCITX                 PCIRX       GPUTL       MCUTL       MUSAM       GUSAM       POWER             TOTEC  SACLK  PSTAT  TMPTR       MMTMP  SMCLK
      Id                                                                                                                                                               W                mJ                    C           C       
     GPU 0  1.000  0.943  0.760  0.000  0.002  0.000  0.622  0.000              11338990               8390847         100           0       0.000      99.000     277.067         456907918   1395      0     39          44   1395
     GPU 0  1.000  0.000  0.000  0.000  0.002  0.000  0.000  0.000              11692541               7837495         100           0       0.000      99.000     277.067         456907918   1395      0     39          44   1395
     GPU 0  1.000  0.946  0.764  0.000  0.002  0.000  0.626  0.000               3577391               2959179         100           0       0.000      99.000     277.067         456907918   1395      0     39          44   1395
     GPU 0  1.000  0.946  0.764  0.000  0.002  0.000  0.626  0.000               3577391               2959179         100           0       0.000      99.000     277.067         456935897   1395      0     39          44   1395
     GPU 0  1.000  0.946  0.764  0.000  0.002  0.000  0.626  0.000               3577391               2959179         100           0       0.000      99.000     277.067         456935897   1395      0     39          44   1395
     GPU 0  1.000  0.946  0.764  0.000  0.002  0.000  0.626  0.000               3577391               2959179         100           0       0.000      99.000     277.067         456935897   1395      0     39          44   1395
     GPU 0  1.000  0.946  0.764  0.000  0.002  0.000  0.626  0.000               3577391               2959179         100           0       0.000      99.000     277.067         456935897   1395      0     40          44   1395
     GPU 0  1.000  0.000  0.000  0.000  0.002  0.000  0.000  0.000               1255308               1506370         100           0       0.000      99.000     276.240         456935897   1395      0     40          44   1395
     GPU 0  1.000  0.948  0.755  0.000  0.002  0.000  0.627  0.000               6833940               5659509         100           0       0.000      99.000     276.240         456964178   1395      0     40          45   1395
     GPU 0  1.000  0.938  0.763  0.000  0.002  0.000  0.619  0.000               9172130               6243981         100           0       0.000      99.000     276.240         456964178   1395      0     40          45   1395
     GPU 0  1.000  0.000  0.000  0.000  0.002  0.000  0.000  0.000               6844427               5543844         100           0       0.000      99.000     276.240         456964178   1395      0     40          45   1395
     GPU 0  1.000  0.942  0.747  0.000  0.002  0.000  0.608  0.000              10189285               7924670         100           0       0.000      99.000     276.240         456964178   1395      0     40          45   1395
     GPU 0  1.000  0.942  0.747  0.000  0.002  0.000  0.608  0.000              10189285               7924670         100           0       0.000      99.000     277.888         456964178   1395      0     40          45   1395
     GPU 0  1.000  0.947  0.753  0.000  0.002  0.000  0.626  0.000              11022962               8146856         100           0       0.000      99.000     277.888         456992425   1395      0     40          45   1395

# Entity  GRACT  SMACT  SMOCC  TENSO  DRAMA  FP64A  FP32A  FP16A                 PCITX                 PCIRX       GPUTL       MCUTL       MUSAM       GUSAM       POWER             TOTEC  SACLK  PSTAT  TMPTR       MMTMP  SMCLK
      Id                                                                                                                                                               W                mJ                    C           C       
     GPU 0  1.000  0.000  0.000  0.000  0.002  0.000  0.000  0.000              13610334              10639961         100           0       0.000      99.000     277.888         456992425   1395      0     40          44   1395
     GPU 0  1.000  0.948  0.756  0.000  0.002  0.000  0.627  0.000              10997581               8433812         100           0       0.000      99.000     277.888         456992425   1395      0     40          45   1395
     GPU 0  1.000  0.945  0.748  0.000  0.002  0.000  0.607  0.000              11080518               8606789         100           0       0.000      99.000     277.888         456992425   1395      0     40          45   1395
     GPU 0  1.000  0.000  0.000  0.000  0.002  0.000  0.000  0.000              11534671               8871279         100           0       0.000      99.000     277.888         456992425   1395      0     40          45   1395
     GPU 0  1.000  0.948  0.760  0.000  0.002  0.000  0.627  0.000              11187659               8694006         100           0       0.000      99.000     275.702         457020235   1395      0     40          45   1395
     GPU 0  1.000  0.951  0.761  0.000  0.002  0.000  0.625  0.000              10801301               8196288         100           0       0.000      99.000     275.702         457020235   1395      0     41          45   1395
     GPU 0  1.000  0.951  0.761  0.000  0.002  0.000  0.625  0.000              10801301               8196288         100           0       0.000      99.000     275.702         457020235   1395      0     41          45   1395
     GPU 0  1.000  0.000  0.000  0.000  0.002  0.000  0.000  0.000               5741689               5498151         100           0       0.000      99.000     275.702         457020235   1395      0     41          45   1395
     GPU 0  1.000  0.947  0.752  0.000  0.002  0.000  0.626  0.000               3473129               1688098         100           0       0.000      99.000     278.957         457048304   1395      0     41          45   1395
     GPU 0  1.000  0.957  0.776  0.000  0.002  0.000  0.639  0.000               3463221               1661437         100           0       0.000      99.000     278.957         457048304   1395      0     41          45   1395
     GPU 0  1.000  0.000  0.000  0.000  0.002  0.000  0.000  0.000               3703510               2363058         100           0       0.000      99.000     278.957         457048304   1395      0     41          45   1395
     GPU 0  1.000  0.952  0.767  0.000  0.002  0.000  0.623  0.000               2381893               1813626         100           0       0.000      99.000     278.957         457048304   1395      0     41          45   1395
     GPU 0  1.000  0.941  0.747  0.000  0.002  0.000  0.586  0.000               5006353               3935721         100           0       0.000      99.000     278.957         457048304   1395      0     41          45   1395
     GPU 0  1.000  0.941  0.747  0.000  0.002  0.000  0.586  0.000               5006353               3935721         100           0       0.000      99.000     278.957         457048304   1395      0     41          45   1395

# Entity  GRACT  SMACT  SMOCC  TENSO  DRAMA  FP64A  FP32A  FP16A                 PCITX                 PCIRX       GPUTL       MCUTL       MUSAM       GUSAM       POWER             TOTEC  SACLK  PSTAT  TMPTR       MMTMP  SMCLK
      Id                                                                                                                                                               W                mJ                    C           C       
     GPU 0  1.000  0.000  0.000  0.000  0.002  0.000  0.000  0.000               7022637               5160388         100           0       0.000      99.000     279.522         457076447   1395      0     41          45   1395
     GPU 0  1.000  0.945  0.756  0.000  0.002  0.000  0.625  0.000              11274357               8585322         100           0       0.000      99.000     279.522         457076447   1395      0     41          45   1395
     GPU 0  1.000  0.948  0.754  0.000  0.002  0.000  0.626  0.000              14051637              10318456         100           0       0.000      99.000     279.522         457076447   1395      0     41          45   1395
     GPU 0  1.000  0.000  0.000  0.000  0.002  0.000  0.000  0.000              12939529               9364047         100           0       0.000      99.000     279.522         457076447   1395      0     41          45   1395
     GPU 0  1.000  0.933  0.741  0.000  0.002  0.000  0.616  0.000              11305304               8560022         100           0       0.000      99.000     279.522         457104561   1395      0     41          45   1395
     GPU 0  1.000  0.933  0.741  0.000  0.002  0.000  0.616  0.000              11305304               8560022         100           0       0.000      99.000     277.357         457104561   1395      0     41          45   1395
     GPU 0  1.000  0.949  0.751  0.000  0.002  0.000  0.627  0.000               6721073               5583872         100           0       0.000      99.000     277.357         457104561   1395      0     41          45   1395
     GPU 0  1.000  0.000  0.000  0.000  0.002  0.000  0.000  0.000               5727900               5122095         100           0       0.000      99.000     277.357         457104561   1395      0     41          45   1395
     GPU 0  1.000  0.945  0.750  0.000  0.002  0.000  0.624  0.000               9693585               7007480         100           0       0.000      99.000     277.357         457104561   1395      0     42          45   1395
     GPU 0  1.000  0.945  0.752  0.000  0.002  0.000  0.625  0.000               9943560               7635162         100           0       0.000      99.000     277.357         457104561   1395      0     42          45   1395
     GPU 0  1.000  0.945  0.752  0.000  0.002  0.000  0.625  0.000               9943560               7635162         100           0       0.000      99.000     276.530         457132678   1395      0     42          45   1395
     GPU 0  1.000  0.000  0.000  0.000  0.002  0.000  0.000  0.000              11571887               8344264         100           0       0.000      99.000     276.530         457132678   1395      0     42          45   1395
     GPU 0  1.000  0.939  0.744  0.000  0.002  0.000  0.618  0.000               6639299               4549195         100           0       0.000      99.000     276.530         457132678   1395      0     42          45   1395
     GPU 0  1.000  0.947  0.745  0.000  0.002  0.000  0.619  0.000               6575779               4807115         100           0       0.000      99.000     276.530         457132678   1395      0     42          45   1395

# Entity  GRACT  SMACT  SMOCC  TENSO  DRAMA  FP64A  FP32A  FP16A                 PCITX                 PCIRX       GPUTL       MCUTL       MUSAM       GUSAM       POWER             TOTEC  SACLK  PSTAT  TMPTR       MMTMP  SMCLK
      Id                                                                                                                                                               W                mJ                    C           C       
     GPU 0  1.000  0.000  0.000  0.000  0.002  0.000  0.000  0.000               9105021               6641547         100           0       0.000      99.000     276.530         457160854   1395      0     42          45   1395
     GPU 0  1.000  0.000  0.000  0.000  0.002  0.000  0.000  0.000               9105021               6641547         100           0       0.000      99.000     280.853         457160854   1395      0     42          45   1395
     GPU 0  1.000  0.952  0.749  0.000  0.002  0.000  0.628  0.000               8323190               6984901         100           0       0.000      99.000     280.853         457160854   1395      0     42          45   1395
     GPU 0  1.000  0.943  0.742  0.000  0.002  0.000  0.620  0.000               7973984               5737078         100           0       0.000      99.000     280.853         457160854   1395      0     42          45   1395
     GPU 0  1.000  0.000  0.000  0.000  0.002  0.000  0.000  0.000              10553794               8236046         100           0       0.000      99.000     280.853         457160854   1395      0     42          45   1395
     GPU 0  1.000  0.941  0.750  0.000  0.002  0.000  0.622  0.000              10734024               8464262         100           0       0.000      99.000     280.853         457160854   1395      0     42          46   1395
     GPU 0  1.000  0.941  0.750  0.000  0.002  0.000  0.622  0.000              10734024               8464262         100           0       0.000      99.000     278.957         457189003   1395      0     42          46   1395
     GPU 0  1.000  0.949  0.752  0.000  0.002  0.000  0.616  0.000              11334945               7445459         100           0       0.000      99.000     278.957         457189003   1395      0     42          46   1395
     GPU 0  1.000  0.000  0.000  0.000  0.002  0.000  0.000  0.000               5518099               3640472         100           0       0.000      99.000     278.957         457189003   1395      0     42          46   1395
     GPU 0  1.000  0.949  0.757  0.000  0.002  0.000  0.615  0.000               8730587               5996751         100           0       0.000      99.000     278.957         457189003   1395      0     42          46   1395
     GPU 0  1.000  0.942  0.748  0.000  0.002  0.000  0.621  0.000               7668738               5719895         100           0       0.000      99.000     278.957         457217133   1395      0     42          46   1395
     GPU 0  1.000  0.000  0.000  0.000  0.002  0.000  0.000  0.000               9742378               7494710         100           0       0.000      99.000     277.067         457217133   1395      0     42          46   1395
     GPU 0  1.000  0.000  0.000  0.000  0.002  0.000  0.000  0.000               9742378               7494710         100           0       0.000      99.000     277.067         457217133   1395      0     42          46   1395
     GPU 0  1.000  0.945  0.754  0.000  0.002  0.000  0.624  0.000              10934781               8503738         100           0       0.000      99.000     277.067         457217133   1395      0     42          46   1395

# Entity  GRACT  SMACT  SMOCC  TENSO  DRAMA  FP64A  FP32A  FP16A                 PCITX                 PCIRX       GPUTL       MCUTL       MUSAM       GUSAM       POWER             TOTEC  SACLK  PSTAT  TMPTR       MMTMP  SMCLK
      Id                                                                                                                                                               W                mJ                    C           C       
     GPU 0  1.000  0.947  0.742  0.000  0.002  0.000  0.611  0.000              11067463               8521945         100           0       0.000      99.000     277.067         457217133   1395      0     42          46   1395
     GPU 0  1.000  0.000  0.000  0.000  0.002  0.000  0.000  0.000               8024682               6939042         100           0       0.000      99.000     277.067         457217133   1395      0     42          46   1395
     GPU 0  1.000  0.000  0.000  0.000  0.002  0.000  0.000  0.000               8024682               6939042         100           0       0.000      99.000     279.785         457245322   1395      0     42          46   1395
     GPU 0  1.000  0.952  0.758  0.000  0.002  0.000  0.627  0.000               8498241               6058713         100           0       0.000      99.000     279.785         457245322   1395      0     42          46   1395
     GPU 0  1.000  0.951  0.759  0.000  0.002  0.000  0.613  0.000               9095031               7573341         100           0       0.000      99.000     279.785         457245322   1395      0     43          46   1395
     GPU 0  1.000  0.000  0.000  0.000  0.002  0.000  0.000  0.000               9003604               6039069         100           0       0.000      99.000     279.785         457245322   1395      0     43          46   1395
     GPU 0  1.000  0.949  0.763  0.000  0.002  0.000  0.630  0.000              10412423               7534644         100           0       0.000      99.000     280.557         457273479   1395      0     43          46   1395
     GPU 0  1.000  0.949  0.763  0.000  0.002  0.000  0.630  0.000              10412423               7534644         100           0       0.000      99.000     280.557         457273479   1395      0     43          46   1395
     GPU 0  1.000  0.948  0.758  0.000  0.002  0.000  0.628  0.000               7730727               6686410         100           0       0.000      99.000     280.557         457273479   1395      0     43          46   1395
     GPU 0  1.000  0.000  0.000  0.000  0.002  0.000  0.000  0.000               7549212               5521307         100           0       0.000      99.000     280.557         457273479   1395      0     43          46   1395
     GPU 0  1.000  0.949  0.756  0.000  0.002  0.000  0.628  0.000              10988089               8520439         100           0       0.000      99.000     280.557         457273479   1395      0     43          46   1395
     GPU 0  1.000  0.936  0.769  0.000  0.002  0.000  0.620  0.000               3557954               3146702         100           0       0.000      99.000     280.557         457273479   1395      0     43          46   1395
     GPU 0  1.000  0.936  0.769  0.000  0.002  0.000  0.620  0.000               3557954               3146702         100           0       0.000      99.000     277.598         457301689   1395      0     43          46   1395
     GPU 0  1.000  0.000  0.000  0.000  0.002  0.000  0.000  0.000              12254208               7980658         100           0       0.000      99.000     277.598         457301689   1395      0     43          46   1395

# Entity  GRACT  SMACT  SMOCC  TENSO  DRAMA  FP64A  FP32A  FP16A                 PCITX                 PCIRX       GPUTL       MCUTL       MUSAM       GUSAM       POWER             TOTEC  SACLK  PSTAT  TMPTR       MMTMP  SMCLK
      Id                                                                                                                                                               W                mJ                    C           C       
     GPU 0  1.000  0.949  0.757  0.000  0.002  0.000  0.627  0.000              11293320               8825272         100           0       0.000      99.000     277.598         457301689   1395      0     43          46   1395
     GPU 0  1.000  0.947  0.750  0.000  0.002  0.000  0.625  0.000               7970472               6480946         100           0       0.000      99.000     277.598         457301689   1395      0     43          46   1395
     GPU 0  1.000  0.000  0.000  0.000  0.002  0.000  0.000  0.000               2298464               1569342         100           0       0.000      99.000     277.598         457301689   1395      0     43          46   1395
     GPU 0  1.000  0.949  0.756  0.000  0.002  0.000  0.627  0.000               1948932               1826034         100           0       0.000      99.000     280.316         457329874   1395      0     43          46   1395
     GPU 0  1.000  0.949  0.756  0.000  0.002  0.000  0.627  0.000               1948932               1826034         100           0       0.000      99.000     280.316         457329874   1395      0     43          46   1395
     GPU 0  1.000  0.949  0.756  0.000  0.002  0.000  0.627  0.000               1948932               1826034         100           0       0.000      99.000     280.316         457329874   1395      0     43          46   1395
     GPU 0  1.000  0.949  0.756  0.000  0.002  0.000  0.627  0.000               1948932               1826034         100           0       0.000      99.000     280.316         457329874   1395      0     43          46   1395
     GPU 0  1.000  0.000  0.000  0.000  0.002  0.000  0.000  0.000              14115724               8530054         100           0       0.000      99.000     280.316         457329874   1395      0     43          46   1395
     GPU 0  1.000  0.953  0.759  0.000  0.002  0.000  0.614  0.000               8120870               5612616         100           0       0.000      99.000     280.316         457358585   1395      0     43          46   1395
     GPU 0  1.000  0.953  0.759  0.000  0.002  0.000  0.614  0.000               8120870               5612616         100           0       0.000      99.000     280.316         457358585   1395      0     43          46   1395
     GPU 0  1.000  0.955  0.763  0.000  0.002  0.000  0.633  0.000               7587353               5934719         100           0       0.000      99.000     280.316         457358585   1395      0     43          46   1395
     GPU 0  1.000  0.000  0.000  0.000  0.002  0.000  0.000  0.000              12122740               8765438         100           0       0.000      99.000     280.316         457358585   1395      0     43          46   1395
     GPU 0  1.000  0.948  0.757  0.000  0.002  0.000  0.626  0.000              10659793               8167302         100           0       0.000      99.000     280.316         457358585   1395      0     43          46   1395
     GPU 0  1.000  0.945  0.754  0.000  0.002  0.000  0.625  0.000               7083270               5417942         100           0       0.000      99.000     278.667         457386747   1395      0     43          46   1395

# Entity  GRACT  SMACT  SMOCC  TENSO  DRAMA  FP64A  FP32A  FP16A                 PCITX                 PCIRX       GPUTL       MCUTL       MUSAM       GUSAM       POWER             TOTEC  SACLK  PSTAT  TMPTR       MMTMP  SMCLK
      Id                                                                                                                                                               W                mJ                    C           C       
     GPU 0  1.000  0.000  0.000  0.000  0.002  0.000  0.000  0.000               2585312               1568961         100           0       0.000      99.000     278.667         457386747   1395      0     43          46   1395
     GPU 0  1.000  0.000  0.000  0.000  0.002  0.000  0.000  0.000               2585312               1568961         100           0       0.000      99.000     278.667         457386747   1395      0     43          46   1395
     GPU 0  1.000  0.948  0.761  0.000  0.002  0.000  0.612  0.000               6023935               4582154         100           0       0.000      99.000     278.667         457386747   1395      0     43          46   1395
     GPU 0  1.000  0.950  0.754  0.000  0.002  0.000  0.628  0.000               7921867               6148656         100           0       0.000      99.000     278.667         457386747   1395      0     43          46   1395
     GPU 0  1.000  0.950  0.754  0.000  0.002  0.000  0.628  0.000               7921867               6148656         100           0       0.000      99.000     278.667         457415037   1395      0     43          46   1395
     GPU 0  1.000  0.000  0.000  0.000  0.002  0.000  0.000  0.000               7451040               6195747         100           0       0.000      99.000     278.426         457415037   1395      0     43          46   1395
     GPU 0  1.000  0.951  0.758  0.000  0.002  0.000  0.612  0.000               6640694               5631559         100           0       0.000      99.000     278.426         457415037   1395      0     43          46   1395
     GPU 0  1.000  0.913  0.705  0.000  0.002  0.000  0.586  0.000               6355315               3676421         100           0       0.000      99.000     278.426         457415037   1395      0     43          46   1395
     GPU 0  1.000  0.000  0.000  0.000  0.002  0.000  0.000  0.000               7071385               4632597         100           0       0.000      99.000     278.426         457443318   1395      0     43          46   1395
     GPU 0  1.000  0.949  0.764  0.000  0.002  0.000  0.627  0.000               5889111               4035740         100           0       0.000      99.000     281.674         457443318   1395      0     43          46   1395
     GPU 0  1.000  0.949  0.764  0.000  0.002  0.000  0.627  0.000               5889111               4035740         100           0       0.000      99.000     281.674         457443318   1395      0     43          46   1395
     GPU 0  1.000  0.939  0.750  0.000  0.002  0.000  0.620  0.000               8052548               5595847         100           0       0.000      99.000     281.674         457443318   1395      0     43          46   1395
     GPU 0  1.000  0.000  0.000  0.000  0.002  0.000  0.000  0.000               9583691               7123421         100           0       0.000      99.000     281.674         457443318   1395      0     43          46   1395
     GPU 0  1.000  0.951  0.761  0.000  0.002  0.000  0.629  0.000               9924872               7396954         100           0       0.000      99.000     281.674         457443318   1395      0     44          46   1395

# Entity  GRACT  SMACT  SMOCC  TENSO  DRAMA  FP64A  FP32A  FP16A                 PCITX                 PCIRX       GPUTL       MCUTL       MUSAM       GUSAM       POWER             TOTEC  SACLK  PSTAT  TMPTR       MMTMP  SMCLK
      Id                                                                                                                                                               W                mJ                    C           C       
     GPU 0  1.000  0.950  0.758  0.000  0.002  0.000  0.628  0.000               9250867               7053583         100           0       0.000      99.000     278.667         457471530   1395      0     44          46   1395
     GPU 0  1.000  0.000  0.000  0.000  0.002  0.000  0.000  0.000               9544098               6993247         100           0       0.000      99.000     278.667         457471530   1395      0     44          46   1395
     GPU 0  1.000  0.000  0.000  0.000  0.002  0.000  0.000  0.000               9544098               6993247         100           0       0.000      99.000     278.667         457471530   1395      0     44          46   1395
     GPU 0  1.000  0.949  0.759  0.000  0.002  0.000  0.628  0.000              10053391               7470931         100           0       0.000      99.000     278.667         457471530   1395      0     44          46   1395
     GPU 0  1.000  0.946  0.713  0.000  0.002  0.000  0.629  0.000               5995943               4185008         100           0       0.000      99.000     278.667         457471530   1395      0     44          46   1395
     GPU 0  1.000  0.000  0.000  0.000  0.002  0.000  0.000  0.000               5311613               4114629         100           0       0.000      99.000     277.067         457471530   1395      0     44          46   1395
     GPU 0  1.000  0.000  0.000  0.000  0.002  0.000  0.000  0.000               1255611               1423025         100           0       0.000      99.000     277.067         457500014   1395      0     44          46   1395
     GPU 0  1.000  0.939  0.745  0.000  0.002  0.000  0.620  0.000               7715022               5482938         100           0       0.000      99.000     277.067         457500014   1395      0     44          46   1395
     GPU 0  1.000  0.948  0.754  0.000  0.002  0.000  0.628  0.000              10906672               8207630         100           0       0.000      99.000     277.067         457500014   1395      0     44          46   1395
     GPU 0  1.000  0.000  0.000  0.000  0.002  0.000  0.000  0.000               3716752               3116815         100           0       0.000      99.000     277.067         457500014   1395      0     44          46   1395
     GPU 0  1.000  0.000  0.000  0.000  0.002  0.000  0.000  0.000               3716752               3116815         100           0       0.000      99.000     279.495         457528047   1395      0     44          46   1395
     GPU 0  0.126  0.236  0.177  0.000  0.001  0.000  0.146  0.000            1085544515               1094945         100           0       0.000      99.000     279.495         457528047   1395      0     41          46   1395
     GPU 0  0.000  0.000  0.000  0.000  0.000  0.000  0.000  0.000              13378275               8605419         100           0       0.000      99.000     279.495         457528047   1395      0     39          46   1395
     GPU 0  0.000  0.000  0.000  0.000  0.000  0.000  0.000  0.000              12072701               6632495         100           0       0.000      99.000     279.495         457528047   1395      0     39          46   1395

# Entity  GRACT  SMACT  SMOCC  TENSO  DRAMA  FP64A  FP32A  FP16A                 PCITX                 PCIRX       GPUTL       MCUTL       MUSAM       GUSAM       POWER             TOTEC  SACLK  PSTAT  TMPTR       MMTMP  SMCLK
      Id                                                                                                                                                               W                mJ                    C           C       
     GPU 0  0.000  0.000  0.000  0.000  0.000  0.000  0.000  0.000               7571035               4935242         100           0       0.000      99.000     279.495         457528047   1395      0     38          46   1395
     GPU 0  0.000  0.000  0.000  0.000  0.000  0.000  0.000  0.000               7483977               4505682         100           0       0.000      99.000     108.492         457541416   1395      0     38          46   1395
     GPU 0  0.000  0.000  0.000  0.000  0.000  0.000  0.000  0.000               7483977               4505682         100           0       0.000      99.000     108.492         457541416   1395      0     37          46   1395
     GPU 0  0.000  0.000  0.000  0.000  0.000  0.000  0.000  0.000               7483977               4505682         100           0       0.000      99.000     108.492         457541416   1395      0     37          46   1395
     GPU 0  0.000  0.000  0.000  0.000  0.000  0.000  0.000  0.000               7483977               4505682         100           0       0.000      99.000     108.492         457541416   1395      0     37          46   1395
     GPU 0  0.000  0.000  0.000  0.000  0.000  0.000  0.000  0.000              10851913               5344247          47           0       0.000      46.000     108.492         457541416   1395      0     36          46   1395
     GPU 0  0.000  0.000  0.000  0.000  0.000  0.000  0.000  0.000               6627485               3791664          47           0       0.000      46.000     107.661         457552487   1395      0     35          46   1395
     GPU 0  0.000  0.000  0.000  0.000  0.000  0.000  0.000  0.000               6627485               3791664          47           0       0.000      46.000     107.661         457552487   1395      0     35          46   1395
     GPU 0  0.000  0.000  0.000  0.000  0.000  0.000  0.000  0.000               7807777               4629998          47           0       0.000      46.000     107.661         457552487   1395      0     35          46   1395
     GPU 0  0.000  0.000  0.000  0.000  0.000  0.000  0.000  0.000               9804150               6301908          47           0       0.000      46.000     107.661         457552487   1395      0     35          46   1395
     GPU 0  0.000  0.000  0.000  0.000  0.000  0.000  0.000  0.000              11094910               6698297          47           0       0.000      46.000     107.661         457552487   1395      0     34          46   1395
     GPU 0  0.000  0.000  0.000  0.000  0.000  0.000  0.000  0.000               7520528               4653570          47           0       0.000      46.000     107.129         457563325   1395      0     34          46   1395
     GPU 0  0.000  0.000  0.000  0.000  0.000  0.000  0.000  0.000               2092058                 41928           0           0       0.000       0.000     107.129         457563325   1395      0     34          46   1395
     GPU 0  0.000  0.000  0.000  0.000  0.000  0.000  0.000  0.000               2092058                 41928           0           0       0.000       0.000     107.129         457563325   1395      0     34          46   1395

# Entity  GRACT  SMACT  SMOCC  TENSO  DRAMA  FP64A  FP32A  FP16A                 PCITX                 PCIRX       GPUTL       MCUTL       MUSAM       GUSAM       POWER             TOTEC  SACLK  PSTAT  TMPTR       MMTMP  SMCLK
      Id                                                                                                                                                               W                mJ                    C           C       
     GPU 0  0.000  0.000  0.000  0.000  0.000  0.000  0.000  0.000               4062027               1823479           0           0       0.000       0.000     107.129         457563325   1395      0     34          46   1395
     GPU 0  0.000  0.000  0.000  0.000  0.000  0.000  0.000  0.000               5820466               3183890           0           0       0.000       0.000     107.129         457563325   1395      0     34          46   1395
     GPU 0  0.000  0.000  0.000  0.000  0.000  0.000  0.000  0.000               8015637               4993529           0           0       0.000       0.000     107.129         457574145   1395      0     34          46   1395
     GPU 0  0.000  0.000  0.000  0.000  0.000  0.000  0.000  0.000              11703303               6027096           0           0       0.000       0.000     107.129         457574145   1395      0     34          46   1395
     GPU 0  0.000  0.000  0.000  0.000  0.000  0.000  0.000  0.000              11703303               6027096           0           0       0.000       0.000     107.129         457574145   1395      0     33          46   1395
     GPU 0  0.000  0.000  0.000  0.000  0.000  0.000  0.000  0.000               6421596               3928725           0           0       0.000       0.000     107.129         457574145   1395      0     33          46   1395
     GPU 0  0.000  0.000  0.000  0.000  0.000  0.000  0.000  0.000              12027601               6744405           0           0       0.000       0.000     107.129         457574145   1395      0     33          46   1395
     GPU 0  0.000  0.000  0.000  0.000  0.000  0.000  0.000  0.000               5805343               3295062           0           0       0.000       0.000     106.838         457574145   1395      0     33          46   1395
     GPU 0  0.000  0.000  0.000  0.000  0.000  0.000  0.000  0.000               3300223                275018           0           0       0.000       0.000     106.838         457585046   1395      0     33          46   1395
     GPU 0  0.000  0.000  0.000  0.000  0.000  0.000  0.000  0.000               3300223                275018           0           0       0.000       0.000     106.838         457585046   1395      0     33          46   1395
     GPU 0  0.000  0.000  0.000  0.000  0.000  0.000  0.000  0.000               3300223                275018           0           0       0.000       0.000     106.838         457585046   1395      0     33          46   1395
     GPU 0  0.002  0.000  0.000  0.000  0.000  0.000  0.000  0.000               3039879               4634448           0           0       0.000       0.000     106.838         457585046   1395      0     33          46   1395
     GPU 0  0.002  0.000  0.000  0.000  0.000  0.000  0.000  0.000               3039879               4634448           0           0       0.000       0.000     106.838         457585046   1395      0     33          46   1395
     GPU 0  0.000  0.000  0.000  0.000  0.000  0.000  0.000  0.000               1849006               4622517           0           0       0.000       0.000     106.838         457595894   1395      0     33          46   1395

# Entity  GRACT  SMACT  SMOCC  TENSO  DRAMA  FP64A  FP32A  FP16A                 PCITX                 PCIRX       GPUTL       MCUTL       MUSAM       GUSAM       POWER             TOTEC  SACLK  PSTAT  TMPTR       MMTMP  SMCLK
      Id                                                                                                                                                               W                mJ                    C           C       
     GPU 0  0.000  0.000  0.000  0.000  0.000  0.000  0.000  0.000               1849006               4622517           0           0       0.000       0.000     106.838         457595894   1395      0     33          46   1395
     GPU 0  0.000  0.000  0.000  0.000  0.000  0.000  0.000  0.000               8754633              20348607           0           0       0.000       0.000     106.838         457595894   1395      0     33          46   1395
     GPU 0  0.000  0.000  0.000  0.000  0.000  0.000  0.000  0.000               8754633              20348607           0           0       0.000       0.000     106.838         457595894   1395      0     33          46   1395
     GPU 0  0.000  0.000  0.000  0.000  0.000  0.000  0.000  0.000               8862867               6226319           0           0       0.000       0.000     106.838         457606602   1395      0     32          46   1395
     GPU 0  0.000  0.000  0.000  0.000  0.000  0.000  0.000  0.000              20992311              11284404           6           0       0.000       0.000     106.596         457606602   1395      0     32          46   1395
     GPU 0  0.000  0.000  0.000  0.000  0.000  0.000  0.000  0.000              20992311              11284404           6           0       0.000       0.000     106.596         457606602   1395      0     32          46   1395
     GPU 0  0.000  0.000  0.000  0.000  0.000  0.000  0.000  0.000               9696299               7639534           6           0       0.000       0.000     106.596         457606602   1395      0     32          46   1395
     GPU 0  0.000  0.000  0.000  0.000  0.000  0.000  0.000  0.000               6379813               4711905           6           0       0.000       0.000     106.596         457606602   1395      0     32          46   1395
     GPU 0  0.000  0.000  0.000  0.000  0.000  0.000  0.000  0.000              10782290               6958210           6           0       0.000       0.000     106.596         457617255   1395      0     32          46   1395
     GPU 0  0.000  0.000  0.000  0.000  0.000  0.000  0.000  0.000              11491593               7365549           6           0       0.000       0.000     106.596         457617255   1395      0     32          46   1395
     GPU 0  0.000  0.000  0.000  0.000  0.000  0.000  0.000  0.000              11086234               7136687           6           0       0.000       0.000     106.596         457617255   1395      0     32          46   1395
     GPU 0  0.000  0.000  0.000  0.000  0.000  0.000  0.000  0.000              11086234               7136687           6           0       0.000       0.000     106.596         457617255   1395      0     32          46   1395
     GPU 0  0.000  0.000  0.000  0.000  0.000  0.000  0.000  0.000              10095744               6395718           6           0       0.000       0.000     106.596         457617255   1395      0     32          46   1395
     GPU 0  0.000  0.000  0.000  0.000  0.000  0.000  0.000  0.000              13861240               8989364           6           0       0.000       0.000     106.298         457617255   1395      0     32          46   1395

# Entity  GRACT  SMACT  SMOCC  TENSO  DRAMA  FP64A  FP32A  FP16A                 PCITX                 PCIRX       GPUTL       MCUTL       MUSAM       GUSAM       POWER             TOTEC  SACLK  PSTAT  TMPTR       MMTMP  SMCLK
      Id                                                                                                                                                               W                mJ                    C           C       
     GPU 0  0.000  0.000  0.000  0.000  0.000  0.000  0.000  0.000              13861240               8989364           6           0       0.000       0.000     106.298         457617255   1395      0     32          46   1395
     GPU 0  0.000  0.000  0.000  0.000  0.000  0.000  0.000  0.000              13861240               8989364           6           0       0.000       0.000     106.298         457617255   1395      0     32          46   1395
     GPU 0  0.000  0.000  0.000  0.000  0.000  0.000  0.000  0.000              13861240               8989364           0           0       0.000       0.000     106.298         457628018   1395      0     32          46   1395
     GPU 0  0.000  0.000  0.000  0.000  0.000  0.000  0.000  0.000              11366659               5869465           0           0       0.000       0.000     106.298         457628018   1395      0     32          46   1395
     GPU 0  0.000  0.000  0.000  0.000  0.000  0.000  0.000  0.000              11014681               5867900           0           0       0.000       0.000     106.298         457628018   1395      0     32          46   1395
     GPU 0  0.000  0.000  0.000  0.000  0.000  0.000  0.000  0.000              11639317               7786614           0           0       0.000       0.000     106.298         457638961   1395      0     32          45   1395
     GPU 0  0.000  0.000  0.000  0.000  0.000  0.000  0.000  0.000              10088018               6431795           0           0       0.000       0.000     106.298         457638961   1395      0     32          45   1395
     GPU 0  0.000  0.000  0.000  0.000  0.000  0.000  0.000  0.000               9484291               5713616           0           0       0.000       0.000     106.298         457638961   1395      0     32          45   1395
     GPU 0  0.000  0.000  0.000  0.000  0.000  0.000  0.000  0.000              11269814               7540839           0           0       0.000       0.000     106.298         457638961   1395      0     32          46   1395
     GPU 0  0.000  0.000  0.000  0.000  0.000  0.000  0.000  0.000              11269814               7540839           0           0       0.000       0.000     106.298         457649561   1395      0     32          45   1395
     GPU 0  0.000  0.000  0.000  0.000  0.000  0.000  0.000  0.000               5301439               2703803           0           0       0.000       0.000     106.298         457649561   1395      0     32          45   1395
     GPU 0  0.000  0.000  0.000  0.000  0.000  0.000  0.000  0.000               5301439               2703803           0           0       0.000       0.000     106.298         457649561   1395      0     31          45   1395
     GPU 0  0.000  0.000  0.000  0.000  0.000  0.000  0.000  0.000               5301439               2703803           0           0       0.000       0.000     106.298         457649561   1395      0     31          45   1395
     GPU 0  0.000  0.000  0.000  0.000  0.000  0.000  0.000  0.000               1003344                 83612           0           0       0.000       0.000     106.298         457649561   1395      0     31          45   1395

# Entity  GRACT  SMACT  SMOCC  TENSO  DRAMA  FP64A  FP32A  FP16A                 PCITX                 PCIRX       GPUTL       MCUTL       MUSAM       GUSAM       POWER             TOTEC  SACLK  PSTAT  TMPTR       MMTMP  SMCLK
      Id                                                                                                                                                               W                mJ                    C           C       
     GPU 0  0.000  0.000  0.000  0.000  0.000  0.000  0.000  0.000               6864282               4646466           0           0       0.000       0.000     107.419         457660453   1395      0     31          45   1395
     GPU 0  0.000  0.000  0.000  0.000  0.000  0.000  0.000  0.000               6864282               4646466           0           0       0.000       0.000     107.419         457660453   1395      0     31          45   1395
     GPU 0  0.000  0.000  0.000  0.000  0.000  0.000  0.000  0.000               7590814               3965175           0           0       0.000       0.000     107.419         457660453   1395      0     31          45   1395
     GPU 0  0.000  0.000  0.000  0.000  0.000  0.000  0.000  0.000               6288863               3940423           0           0       0.000       0.000     107.419         457660453   1395      0     31          45   1395
     GPU 0  0.000  0.000  0.000  0.000  0.000  0.000  0.000  0.000              12587523               7806105           0           0       0.000       0.000     107.419         457660453   1395      0     31          45   1395
     GPU 0  0.000  0.000  0.000  0.000  0.000  0.000  0.000  0.000               7375588               4607199           0           0       0.000       0.000     107.661         457671285   1395      0     31          45   1395
     GPU 0  0.000  0.000  0.000  0.000  0.000  0.000  0.000  0.000               7375588               4607199           0           0       0.000       0.000     107.661         457671285   1395      0     31          45   1395
     GPU 0  0.000  0.000  0.000  0.000  0.000  0.000  0.000  0.000               2421986                330312           0           0       0.000       0.000     107.661         457671285   1395      0     31          45   1395
     GPU 0  0.000  0.000  0.000  0.000  0.000  0.000  0.000  0.000               4619648               1948364           0           0       0.000       0.000     107.661         457671285   1395      0     31          45   1395
     GPU 0  0.000  0.000  0.000  0.000  0.000  0.000  0.000  0.000               5818724               3632641           0           0       0.000       0.000     107.661         457671285   1395      0     31          45   1395
     GPU 0  0.000  0.000  0.000  0.000  0.000  0.000  0.000  0.000               7985821               5140264           0           0       0.000       0.000     107.661         457682181   1395      0     31          45   1395
     GPU 0  0.000  0.000  0.000  0.000  0.000  0.000  0.000  0.000               7985821               5140264           0           0       0.000       0.000     107.661         457682181   1395      0     31          45   1395
     GPU 0  0.000  0.000  0.000  0.000  0.000  0.000  0.000  0.000              13336631               7528822           0           0       0.000       0.000     107.661         457682181   1395      0     31          45   1395
     GPU 0  0.000  0.000  0.000  0.000  0.000  0.000  0.000  0.000               7710934               4609794           0           0       0.000       0.000     107.661         457682181   1395      0     31          45   1395

# Entity  GRACT  SMACT  SMOCC  TENSO  DRAMA  FP64A  FP32A  FP16A                 PCITX                 PCIRX       GPUTL       MCUTL       MUSAM       GUSAM       POWER             TOTEC  SACLK  PSTAT  TMPTR       MMTMP  SMCLK
      Id                                                                                                                                                               W                mJ                    C           C       
     GPU 0  0.000  0.000  0.000  0.000  0.000  0.000  0.000  0.000               3298830                274902           0           0       0.000       0.000     107.661         457682181   1395      0     31          45   1395
     GPU 0  0.000  0.000  0.000  0.000  0.000  0.000  0.000  0.000               9041036               4804665           0           0       0.000       0.000     107.419         457682181   1395      0     31          45   1395
     GPU 0  0.000  0.000  0.000  0.000  0.000  0.000  0.000  0.000               5847523               3021323           0           0       0.000       0.000     107.419         457693223   1395      0     31          45   1395
     GPU 0  0.000  0.000  0.000  0.000  0.000  0.000  0.000  0.000               5847523               3021323           0           0       0.000       0.000     107.419         457693223   1395      0     31          45   1395
     GPU 0  0.000  0.000  0.000  0.000  0.000  0.000  0.000  0.000               2049112                 41894           0           0       0.000       0.000     107.419         457693223   1395      0     31          45   1395
     GPU 0  0.000  0.000  0.000  0.000  0.000  0.000  0.000  0.000               4153686               1865918           0           0       0.000       0.000     107.419         457693223   1395      0     31          45   1395
     GPU 0  0.000  0.000  0.000  0.000  0.000  0.000  0.000  0.000               6579905               3567075           0           0       0.000       0.000     107.419         457703904   1395      0     31          45   1395
     GPU 0  0.000  0.000  0.000  0.000  0.000  0.000  0.000  0.000               9498540               6023026           0           0       0.000       0.000     107.419         457703904   1395      0     31          45   1395
     GPU 0  0.000  0.000  0.000  0.000  0.000  0.000  0.000  0.000               9571024               6373605           0           0       0.000       0.000     107.419         457703904   1395      0     31          45   1395
     GPU 0  0.000  0.000  0.000  0.000  0.000  0.000  0.000  0.000               9571024               6373605           0           0       0.000       0.000     107.419         457703904   1395      0     31          45   1395
     GPU 0  0.000  0.000  0.000  0.000  0.000  0.000  0.000  0.000              10875788               6919913           0           0       0.000       0.000     107.419         457703904   1395      0     31          45   1395
     GPU 0  0.000  0.000  0.000  0.000  0.000  0.000  0.000  0.000               8083571               4507130           0           0       0.000       0.000     107.419         457703904   1395      0     31          45   1395
     GPU 0  0.000  0.000  0.000  0.000  0.000  0.000  0.000  0.000               1004536                 83711           0           0       0.000       0.000     107.419         457715021   1395      0     31          45   1395
     GPU 0  0.000  0.000  0.000  0.000  0.000  0.000  0.000  0.000              10424637               6740279           0           0       0.000       0.000     107.419         457715021   1395      0     31          45   1395

# Entity  GRACT  SMACT  SMOCC  TENSO  DRAMA  FP64A  FP32A  FP16A                 PCITX                 PCIRX       GPUTL       MCUTL       MUSAM       GUSAM       POWER             TOTEC  SACLK  PSTAT  TMPTR       MMTMP  SMCLK
      Id                                                                                                                                                               W                mJ                    C           C       
     GPU 0  0.000  0.000  0.000  0.000  0.000  0.000  0.000  0.000              10424637               6740279           0           0       0.000       0.000     107.419         457715021   1395      0     31          45   1395
     GPU 0  0.000  0.000  0.000  0.000  0.000  0.000  0.000  0.000              10548549               6877935           0           0       0.000       0.000     107.419         457715021   1395      0     31          45   1395
     GPU 0  0.000  0.000  0.000  0.000  0.000  0.000  0.000  0.000               9430241               6224858           0           0       0.000       0.000     107.419         457725592   1395      0     31          45   1395
     GPU 0  0.000  0.000  0.000  0.000  0.000  0.000  0.000  0.000               1004231                167371           0           0       0.000       0.000     107.419         457725592   1395      0     31          45   1395
     GPU 0  0.000  0.000  0.000  0.000  0.000  0.000  0.000  0.000              11100333               7485268           0           0       0.000       0.000     107.419         457725592   1395      0     31          45   1395
     GPU 0  0.000  0.000  0.000  0.000  0.000  0.000  0.000  0.000               3668733               1990664           0           0       0.000       0.000     107.419         457725592   1395      0     31          45   1395
     GPU 0  0.000  0.000  0.000  0.000  0.000  0.000  0.000  0.000               4760285               2644603           0           0       0.000       0.000     107.419         457725592   1395      0     31          45   1395
     GPU 0  0.000  0.000  0.000  0.000  0.000  0.000  0.000  0.000              10339090               6765521           0           0       0.000       0.000     107.419         457736416   1395      0     31          45   1395
     GPU 0  0.000  0.000  0.000  0.000  0.000  0.000  0.000  0.000               4439793               3419733           0           0       0.000       0.000     107.419         457736416   1395      0     31          45   1395
