# Entity  GRACT  SMACT  SMOCC  TENSO  DRAMA  FP64A  FP32A  FP16A                 PCITX                 PCIRX       GPUTL       MCUTL       MUSAM       GUSAM       POWER             TOTEC  SACLK  PSTAT  TMPTR       MMTMP  SMCLK
      Id                                                                                                                                                               W                mJ                    C           C       
     GPU 0  0.000  0.000  0.000  0.000  0.000  0.000  0.000  0.000             113475177                     0           0           0       0.000       0.000      77.020        3823905423   1155      0     27          43    210
     GPU 0  0.000  0.000  0.000  0.000  0.000  0.000  0.000  0.000               8895345               4858598           0           0       0.000       0.000      77.020        3823905423   1155      0     27          43    210
     GPU 0  0.000  0.000  0.000  0.000  0.000  0.000  0.000  0.000               8895345               4858598           0           0       0.000       0.000      77.020        3823905423   1155      0     27          43    210
     GPU 0  0.000  0.000  0.000  0.000  0.000  0.000  0.000  0.000               5770889               3321758           0           0       0.000       0.000      77.020        3823905423   1155      0     27          43    210
     GPU 0  0.000  0.000  0.000  0.000  0.000  0.000  0.000  0.000               5915180               3439411           0           0       0.000       0.000      78.632        3823913395   1155      0     27          43    210
     GPU 0  0.000  0.000  0.000  0.000  0.000  0.000  0.000  0.000               5915180               3439411           0           0       0.000       0.000      78.632        3823913395   1155      0     27          43    210
     GPU 0  0.000  0.000  0.000  0.000  0.000  0.000  0.000  0.000               3496682               2453605           0           0       0.000       0.000      78.632        3823913395   1155      0     27          44    210
     GPU 0  0.000  0.000  0.000  0.000  0.000  0.000  0.000  0.000               4036855               1671435           0           0       0.000       0.000      78.632        3823913395   1155      0     27          43    210
     GPU 0  0.000  0.000  0.000  0.000  0.000  0.000  0.000  0.000               4629869               2221692           0           0       0.000       0.000      78.632        3823913395   1155      0     27          43    210
     GPU 0  0.000  0.000  0.000  0.000  0.000  0.000  0.000  0.000               6278818               3467706           0           0       0.000       0.000      78.632        3823921497   1155      0     27          43    210
     GPU 0  0.000  0.000  0.000  0.000  0.000  0.000  0.000  0.000               6278818               3467706           0           0       0.000       0.000      78.632        3823921497   1155      0     27          43    210
     GPU 0  0.000  0.000  0.000  0.000  0.000  0.000  0.000  0.000               8690966               5536925           0           0       0.000       0.000      78.632        3823921497   1155      0     27          43    210
     GPU 0  0.000  0.000  0.000  0.000  0.000  0.000  0.000  0.000               8138161               4881890           0           0       0.000       0.000      78.632        3823921497   1155      0     27          43    210
     GPU 0  0.000  0.000  0.000  0.000  0.000  0.000  0.000  0.000               6459415               4782079           0           0       0.000       0.000      78.632        3823921497   1155      0     27          43    210
     GPU 0  0.000  0.000  0.000  0.000  0.000  0.000  0.000  0.000               2525138               1236794           0           0       0.000       0.000      78.632        3823929301   1155      0     27          44    210

# Entity  GRACT  SMACT  SMOCC  TENSO  DRAMA  FP64A  FP32A  FP16A                 PCITX                 PCIRX       GPUTL       MCUTL       MUSAM       GUSAM       POWER             TOTEC  SACLK  PSTAT  TMPTR       MMTMP  SMCLK
      Id                                                                                                                                                               W                mJ                    C           C       
     GPU 0  0.000  0.000  0.000  0.000  0.000  0.000  0.000  0.000               2525138               1236794           0           0       0.000       0.000      78.632        3823929301   1155      0     27          43    210
     GPU 0  0.000  0.000  0.000  0.000  0.000  0.000  0.000  0.000               3424454                 41860           0           0       0.000       0.000      78.632        3823929301   1155      0     27          43    210
     GPU 0  0.000  0.000  0.000  0.000  0.000  0.000  0.000  0.000               4393173               1473059           0           0       0.000       0.000      78.632        3823929301   1155      0     27          43    210
     GPU 0  0.000  0.000  0.000  0.000  0.000  0.000  0.000  0.000               6064644               3174262           0           0       0.000       0.000      78.632        3823929301   1155      0     27          44    210
     GPU 0  0.000  0.000  0.000  0.000  0.000  0.000  0.000  0.000               7368406               4374465           0           0       0.000       0.000      78.923        3823937255   1155      0     27          44    210
     GPU 0  0.000  0.000  0.000  0.000  0.000  0.000  0.000  0.000               7368406               4374465           0           0       0.000       0.000      78.923        3823937255   1155      0     27          43    210
     GPU 0  0.000  0.000  0.000  0.000  0.000  0.000  0.000  0.000               5182754               3713571           0           0       0.000       0.000      78.923        3823937255   1155      0     27          43    210
     GPU 0  0.000  0.000  0.000  0.000  0.000  0.000  0.000  0.000               4937677               7783118           0           0       0.000       0.000      78.923        3823937255   1155      0     27          43    210
     GPU 0  0.000  0.000  0.000  0.000  0.000  0.000  0.000  0.000               4236772               3549728           0           0       0.000       0.000      78.923        3823937255   1155      0     27          43    210
     GPU 0  0.000  0.000  0.000  0.000  0.000  0.000  0.000  0.000               4236772               3549728           0           0       0.000       0.000      78.632        3823945189   1155      0     27          43    210
     GPU 0  0.000  0.000  0.000  0.000  0.000  0.000  0.000  0.000               2047565              25786533           0           0       0.000       0.000      78.632        3823945189   1155      0     27          43    210
     GPU 0  0.000  0.000  0.000  0.000  0.000  0.000  0.000  0.000              11266500              20037257           0           0       0.000       0.000      78.632        3823945189   1155      0     27          43    210
     GPU 0  0.000  0.000  0.000  0.000  0.000  0.000  0.000  0.000               4346508              16382994           0           0       0.000       0.000      78.632        3823945189   1155      0     27          44    210
     GPU 0  0.000  0.000  0.000  0.000  0.000  0.000  0.000  0.000               4346508              16382994           0           0       0.000       0.000      78.632        3823945189   1155      0     27          43    210

# Entity  GRACT  SMACT  SMOCC  TENSO  DRAMA  FP64A  FP32A  FP16A                 PCITX                 PCIRX       GPUTL       MCUTL       MUSAM       GUSAM       POWER             TOTEC  SACLK  PSTAT  TMPTR       MMTMP  SMCLK
      Id                                                                                                                                                               W                mJ                    C           C       
     GPU 0  0.000  0.000  0.000  0.000  0.000  0.000  0.000  0.000               8488050               5765455           0           0       0.000       0.000      78.632        3823945189   1155      0     27          43    210
     GPU 0  0.000  0.000  0.000  0.000  0.000  0.000  0.000  0.000               5603236               3491871           0           0       0.000       0.000      78.632        3823953246   1155      0     27          43    210
     GPU 0  0.000  0.000  0.000  0.000  0.000  0.000  0.000  0.000               1240039                620019           0           0       0.000       0.000      78.632        3823953246   1155      0     27          44    210
     GPU 0  0.000  0.000  0.000  0.000  0.000  0.000  0.000  0.000               1922353               2925320           0           0       0.000       0.000      78.632        3823953246   1155      0     27          43    210
     GPU 0  0.000  0.000  0.000  0.000  0.000  0.000  0.000  0.000               1922353               2925320           0           0       0.000       0.000      78.632        3823953246   1155      0     27          43    210
     GPU 0  0.000  0.000  0.000  0.000  0.000  0.000  0.000  0.000               9787477               6156639           0           0       0.000       0.000      78.632        3823961056   1155      0     27          43    210
     GPU 0  0.000  0.000  0.000  0.000  0.000  0.000  0.000  0.000              15077755               8963274           0           0       0.000       0.000      78.632        3823961056   1155      0     27          43    210
     GPU 0  0.000  0.000  0.000  0.000  0.000  0.000  0.000  0.000              15077755               8963274           0           0       0.000       0.000      78.632        3823961056   1155      0     27          43    210
     GPU 0  0.000  0.000  0.000  0.000  0.000  0.000  0.000  0.000              15077755               8963274           0           0       0.000       0.000      78.632        3823961056   1155      0     27          43    210
     GPU 0  0.000  0.000  0.000  0.000  0.000  0.000  0.000  0.000              15077755               8963274           0           0       0.000       0.000      78.632        3823961056   1155      0     27          43    210
     GPU 0  0.000  0.000  0.000  0.000  0.000  0.000  0.000  0.000               7658202               6289426           0           0       0.000       0.000      78.632        3823969049   1155      0     27          43    210
     GPU 0  0.000  0.000  0.000  0.000  0.000  0.000  0.000  0.000               7658202               6289426           0           0       0.000       0.000      78.632        3823969049   1155      0     27          43    210
     GPU 0  0.000  0.000  0.000  0.000  0.000  0.000  0.000  0.000               5923268              13681916           0           0       0.000       0.000      78.632        3823969049   1155      0     27          43    210
     GPU 0  0.000  0.000  0.000  0.000  0.000  0.000  0.000  0.000               5840025              21774950           0           0       0.000       0.000      78.632        3823969049   1155      0     27          44    210

# Entity  GRACT  SMACT  SMOCC  TENSO  DRAMA  FP64A  FP32A  FP16A                 PCITX                 PCIRX       GPUTL       MCUTL       MUSAM       GUSAM       POWER             TOTEC  SACLK  PSTAT  TMPTR       MMTMP  SMCLK
      Id                                                                                                                                                               W                mJ                    C           C       
     GPU 0  0.000  0.000  0.000  0.000  0.000  0.000  0.000  0.000               5438420              19159973           0           0       0.000       0.000      78.632        3823969049   1155      0     27          43    210
     GPU 0  0.000  0.000  0.000  0.000  0.000  0.000  0.000  0.000               5438420              19159973           0           0       0.000       0.000      78.923        3823976966   1155      0     27          43    210
     GPU 0  0.000  0.000  0.000  0.000  0.000  0.000  0.000  0.000               5977522              20340179           4           0       0.000       4.000      78.923        3823976966   1155      0     27          43   1155
     GPU 0  0.084  0.000  0.000  0.000  0.000  0.000  0.000  0.000              15783851              39634681           4           0       0.000       4.000      78.923        3823976966   1155      0     27          43   1155
     GPU 0  0.022  0.000  0.000  0.000  0.001  0.000  0.000  0.000             170437290            1433328651           4           0       0.000       4.000      78.923        3823976966   1155      0     27          43   1155
     GPU 0  0.560  0.000  0.000  0.000  0.002  0.000  0.000  0.000             420829171            3712022103           4           0       0.000       4.000      78.923        3823976966   1155      0     27          43   1155
     GPU 0  0.560  0.000  0.000  0.000  0.002  0.000  0.000  0.000             420829171            3712022103           4           0       0.000       4.000     151.725        3823986534   1155      0     28          43   1155
     GPU 0  1.000  0.932  0.731  0.000  0.001  0.000  0.614  0.000               9968870               6358736           4           0       0.000       4.000     151.725        3823986534   1155      0     29          43   1155
     GPU 0  1.000  0.952  0.763  0.000  0.001  0.000  0.629  0.000              10518972               7822349           4           0       0.000       4.000     151.725        3823986534   1155      0     30          43   1155
     GPU 0  1.000  0.000  0.000  0.000  0.002  0.000  0.000  0.000              10376940               6874378           4           0       0.000       4.000     151.725        3823986534   1155      0     30          43   1155
     GPU 0  1.000  0.952  0.776  0.000  0.001  0.000  0.633  0.000               3386821               1369726           4           0       0.000       4.000     151.725        3823986534   1155      0     30          44   1155
     GPU 0  1.000  0.954  0.776  0.000  0.001  0.000  0.633  0.000               2088105               1400049           4           0       0.000       4.000     185.836        3824005128   1155      0     31          43   1155
     GPU 0  1.000  0.954  0.776  0.000  0.001  0.000  0.633  0.000               2088105               1400049          74           0       0.000      73.000     185.836        3824005128   1155      0     31          43   1155
     GPU 0  1.000  0.000  0.000  0.000  0.002  0.000  0.000  0.000               3364163               1603951          74           0       0.000      73.000     185.836        3824005128   1155      0     32          43   1155

# Entity  GRACT  SMACT  SMOCC  TENSO  DRAMA  FP64A  FP32A  FP16A                 PCITX                 PCIRX       GPUTL       MCUTL       MUSAM       GUSAM       POWER             TOTEC  SACLK  PSTAT  TMPTR       MMTMP  SMCLK
      Id                                                                                                                                                               W                mJ                    C           C       
     GPU 0  1.000  0.937  0.744  0.000  0.001  0.000  0.618  0.000               2213579               1358113          74           0       0.000      73.000     185.836        3824005128   1155      0     32          43   1155
     GPU 0  1.000  0.935  0.736  0.000  0.001  0.000  0.616  0.000               4921528               3333692          74           0       0.000      73.000     185.836        3824005128   1155      0     32          43   1155
     GPU 0  1.000  0.000  0.000  0.000  0.001  0.000  0.000  0.000               6994425               4925374          74           0       0.000      73.000     188.027        3824024110   1155      0     32          43   1155
     GPU 0  1.000  0.944  0.758  0.000  0.001  0.000  0.613  0.000              10542056               6479325          74           0       0.000      73.000     188.027        3824024110   1155      0     32          43   1155
     GPU 0  1.000  0.938  0.765  0.000  0.002  0.000  0.622  0.000               9552354               6773246          74           0       0.000      73.000     188.027        3824024110   1155      0     32          43   1155
     GPU 0  1.000  0.938  0.765  0.000  0.002  0.000  0.622  0.000               9552354               6773246          74           0       0.000      73.000     188.027        3824024110   1155      0     32          43   1155
     GPU 0  1.000  0.000  0.000  0.000  0.002  0.000  0.000  0.000              10854080               7062955          74           0       0.000      73.000     188.027        3824024110   1155      0     33          43   1155
     GPU 0  1.000  0.945  0.759  0.000  0.001  0.000  0.625  0.000               7050650               5252225          74           0       0.000      73.000     189.389        3824043178   1155      0     33          43   1155
     GPU 0  1.000  0.934  0.745  0.000  0.001  0.000  0.618  0.000              10323225               7897182         100           0       0.000      99.000     189.389        3824043178   1155      0     33          43   1155
     GPU 0  1.000  0.000  0.000  0.000  0.002  0.000  0.000  0.000              10546973               8071317         100           0       0.000      99.000     189.389        3824043178   1155      0     33          43   1155
     GPU 0  1.000  0.947  0.748  0.000  0.001  0.000  0.622  0.000              10972649               8143206         100           0       0.000      99.000     189.389        3824043178   1155      0     33          44   1155
     GPU 0  1.000  0.947  0.748  0.000  0.001  0.000  0.622  0.000              10972649               8143206         100           0       0.000      99.000     189.389        3824043178   1155      0     33          43   1155
     GPU 0  1.000  0.944  0.763  0.000  0.001  0.000  0.616  0.000              10847347               7956855         100           0       0.000      99.000     188.850        3824062230   1155      0     33          43   1155
     GPU 0  1.000  0.000  0.000  0.000  0.002  0.000  0.000  0.000              11130646               7274863         100           0       0.000      99.000     188.850        3824062230   1155      0     33          43   1155

# Entity  GRACT  SMACT  SMOCC  TENSO  DRAMA  FP64A  FP32A  FP16A                 PCITX                 PCIRX       GPUTL       MCUTL       MUSAM       GUSAM       POWER             TOTEC  SACLK  PSTAT  TMPTR       MMTMP  SMCLK
      Id                                                                                                                                                               W                mJ                    C           C       
     GPU 0  1.000  0.946  0.760  0.000  0.001  0.000  0.629  0.000               3152733               1244169         100           0       0.000      99.000     188.850        3824062230   1155      0     33          43   1155
     GPU 0  1.000  0.940  0.740  0.000  0.001  0.000  0.620  0.000               3383959               1473794         100           0       0.000      99.000     188.850        3824062230   1155      0     33          43   1155
     GPU 0  1.000  0.000  0.000  0.000  0.002  0.000  0.000  0.000               5484608               3397798         100           0       0.000      99.000     188.850        3824062230   1155      0     33          43   1155
     GPU 0  1.000  0.000  0.000  0.000  0.002  0.000  0.000  0.000               5484608               3397798         100           0       0.000      99.000     188.559        3824081233   1155      0     34          43   1155
     GPU 0  1.000  0.939  0.747  0.000  0.002  0.000  0.620  0.000               7707988               5082158         100           0       0.000      99.000     188.559        3824081233   1155      0     34          43   1155
     GPU 0  1.000  0.940  0.740  0.000  0.001  0.000  0.619  0.000               7478414               5132466         100           0       0.000      99.000     188.559        3824081233   1155      0     34          43   1155
     GPU 0  1.000  0.000  0.000  0.000  0.001  0.000  0.000  0.000               8620986               6185356         100           0       0.000      99.000     188.559        3824081233   1155      0     34          43   1155
     GPU 0  1.000  0.943  0.748  0.000  0.002  0.000  0.608  0.000              10971006               8315719         100           0       0.000      99.000     188.559        3824081233   1155      0     34          43   1155
     GPU 0  1.000  0.934  0.736  0.000  0.002  0.000  0.616  0.000              10869596               7815530         100           0       0.000      99.000     188.269        3824100310   1155      0     34          43   1155
     GPU 0  1.000  0.000  0.000  0.000  0.001  0.000  0.000  0.000              10739623               6761782         100           0       0.000      99.000     188.269        3824100310   1155      0     34          43   1155
     GPU 0  1.000  0.000  0.000  0.000  0.001  0.000  0.000  0.000              10739623               6761782         100           0       0.000      99.000     188.269        3824100310   1155      0     34          43   1155
     GPU 0  1.000  0.946  0.751  0.000  0.002  0.000  0.609  0.000               4097268               3804606         100           0       0.000      99.000     188.269        3824100310   1155      0     34          43   1155
     GPU 0  1.000  0.939  0.748  0.000  0.002  0.000  0.621  0.000              10010673               7787561         100           0       0.000      99.000     188.269        3824100310   1155      0     34          43   1155
     GPU 0  1.000  0.000  0.000  0.000  0.002  0.000  0.000  0.000               5873244               5792944         100           0       0.000      99.000     188.850        3824119395   1155      0     34          43   1155

# Entity  GRACT  SMACT  SMOCC  TENSO  DRAMA  FP64A  FP32A  FP16A                 PCITX                 PCIRX       GPUTL       MCUTL       MUSAM       GUSAM       POWER             TOTEC  SACLK  PSTAT  TMPTR       MMTMP  SMCLK
      Id                                                                                                                                                               W                mJ                    C           C       
     GPU 0  1.000  0.937  0.747  0.000  0.001  0.000  0.617  0.000               1925149               1590340         100           0       0.000      99.000     188.850        3824119395   1155      0     34          43   1155
     GPU 0  1.000  0.000  0.000  0.000  0.002  0.000  0.000  0.000               7416602               5344481         100           0       0.000      99.000     188.850        3824119395   1155      0     34          43   1155
     GPU 0  1.000  0.944  0.751  0.000  0.002  0.000  0.627  0.000              11598254               8552755         100           0       0.000      99.000     188.850        3824119395   1155      0     34          43   1155
     GPU 0  1.000  0.944  0.751  0.000  0.002  0.000  0.627  0.000              11598254               8552755         100           0       0.000      99.000     188.850        3824119395   1155      0     34          43   1155
     GPU 0  1.000  0.939  0.742  0.000  0.001  0.000  0.619  0.000              11446795               7906145         100           0       0.000      99.000     189.098        3824138476   1155      0     34          43   1155
     GPU 0  1.000  0.000  0.000  0.000  0.001  0.000  0.000  0.000              11523037               7376763         100           0       0.000      99.000     189.098        3824138476   1155      0     34          43   1155
     GPU 0  1.000  0.940  0.766  0.000  0.001  0.000  0.624  0.000               2582243               1281006         100           0       0.000      99.000     189.098        3824138476   1155      0     34          43   1155
     GPU 0  1.000  0.949  0.762  0.000  0.001  0.000  0.628  0.000               3381174               1601775         100           0       0.000      99.000     189.098        3824138476   1155      0     34          43   1155
     GPU 0  1.000  0.000  0.000  0.000  0.002  0.000  0.000  0.000               4935864               3302105         100           0       0.000      99.000     189.098        3824138476   1155      0     34          43   1155
     GPU 0  1.000  0.947  0.767  0.000  0.002  0.000  0.612  0.000               6757076               4203689         100           0       0.000      99.000     188.850        3824157521   1155      0     35          44   1155
     GPU 0  1.000  0.947  0.767  0.000  0.002  0.000  0.612  0.000               6757076               4203689         100           0       0.000      99.000     188.850        3824157521   1155      0     35          44   1155
     GPU 0  1.000  0.935  0.751  0.000  0.002  0.000  0.617  0.000               7442922               4888229         100           0       0.000      99.000     188.850        3824157521   1155      0     35          44   1155
     GPU 0  1.000  0.000  0.000  0.000  0.002  0.000  0.000  0.000               6606690               4647982         100           0       0.000      99.000     188.850        3824157521   1155      0     35          44   1155
     GPU 0  1.000  0.939  0.740  0.000  0.001  0.000  0.621  0.000               9482033               6554030         100           0       0.000      99.000     188.850        3824157521   1155      0     35          43   1155

# Entity  GRACT  SMACT  SMOCC  TENSO  DRAMA  FP64A  FP32A  FP16A                 PCITX                 PCIRX       GPUTL       MCUTL       MUSAM       GUSAM       POWER             TOTEC  SACLK  PSTAT  TMPTR       MMTMP  SMCLK
      Id                                                                                                                                                               W                mJ                    C           C       
     GPU 0  1.000  0.947  0.761  0.000  0.001  0.000  0.626  0.000              10947863               8093184         100           0       0.000      99.000     188.027        3824176560   1155      0     35          43   1155
     GPU 0  1.000  0.947  0.761  0.000  0.001  0.000  0.626  0.000              10947863               8093184         100           0       0.000      99.000     188.027        3824176560   1155      0     35          44   1155
     GPU 0  1.000  0.000  0.000  0.000  0.001  0.000  0.000  0.000              11522320               7535970         100           0       0.000      99.000     188.027        3824176560   1155      0     35          44   1155
     GPU 0  1.000  0.939  0.741  0.000  0.001  0.000  0.620  0.000               7665260               5376349         100           0       0.000      99.000     188.027        3824176560   1155      0     35          44   1155
     GPU 0  1.000  0.932  0.739  0.000  0.001  0.000  0.614  0.000              11088184               8094158         100           0       0.000      99.000     188.027        3824176560   1155      0     35          44   1155
     GPU 0  1.000  0.000  0.000  0.000  0.001  0.000  0.000  0.000               5991011               4358834         100           0       0.000      99.000     189.098        3824195710   1155      0     35          44   1155
     GPU 0  1.000  0.937  0.737  0.000  0.001  0.000  0.618  0.000               1841264               1506488         100           0       0.000      99.000     189.098        3824195710   1155      0     35          44   1155
     GPU 0  1.000  0.000  0.000  0.000  0.001  0.000  0.000  0.000               8886706               6650248         100           0       0.000      99.000     189.098        3824195710   1155      0     35          44   1155
     GPU 0  1.000  0.933  0.743  0.000  0.001  0.000  0.615  0.000              10536032               7875727         100           0       0.000      99.000     189.098        3824195710   1155      0     35          44   1155
     GPU 0  1.000  0.933  0.743  0.000  0.001  0.000  0.615  0.000              10536032               7875727         100           0       0.000      99.000     189.098        3824195710   1155      0     35          44   1155
     GPU 0  1.000  0.933  0.743  0.000  0.001  0.000  0.617  0.000              10438434               7851945         100           0       0.000      99.000     188.559        3824214816   1155      0     35          44   1155
     GPU 0  1.000  0.000  0.000  0.000  0.002  0.000  0.000  0.000              11584904               7684245         100           0       0.000      99.000     188.559        3824214816   1155      0     35          44   1155
     GPU 0  1.000  0.939  0.740  0.000  0.002  0.000  0.600  0.000               3467718               1577966         100           0       0.000      99.000     188.559        3824214816   1155      0     35          44   1155
     GPU 0  1.000  0.933  0.734  0.000  0.002  0.000  0.611  0.000               3458139               1614585         100           0       0.000      99.000     188.559        3824214816   1155      0     35          44   1155

# Entity  GRACT  SMACT  SMOCC  TENSO  DRAMA  FP64A  FP32A  FP16A                 PCITX                 PCIRX       GPUTL       MCUTL       MUSAM       GUSAM       POWER             TOTEC  SACLK  PSTAT  TMPTR       MMTMP  SMCLK
      Id                                                                                                                                                               W                mJ                    C           C       
     GPU 0  1.000  0.000  0.000  0.000  0.001  0.000  0.000  0.000               4734775               3367077         100           0       0.000      99.000     188.559        3824214816   1155      0     35          44   1155
     GPU 0  1.000  0.000  0.000  0.000  0.001  0.000  0.000  0.000               4734775               3367077         100           0       0.000      99.000     189.631        3824233907   1155      0     35          44   1155
     GPU 0  1.000  0.940  0.750  0.000  0.001  0.000  0.609  0.000               9269881               5870458         100           0       0.000      99.000     189.631        3824233907   1155      0     35          44   1155
     GPU 0  1.000  0.940  0.750  0.000  0.001  0.000  0.609  0.000               9269881               5870458         100           0       0.000      99.000     189.631        3824233907   1155      0     35          44   1155
     GPU 0  1.000  0.940  0.750  0.000  0.001  0.000  0.609  0.000               9269881               5870458         100           0       0.000      99.000     189.631        3824233907   1155      0     35          44   1155
     GPU 0  1.000  0.000  0.000  0.000  0.002  0.000  0.000  0.000              17610652              10330868         100           0       0.000      99.000     189.631        3824233907   1155      0     35          44   1155
     GPU 0  1.000  0.000  0.000  0.000  0.002  0.000  0.000  0.000              17610652              10330868         100           0       0.000      99.000     186.368        3824253245   1155      0     35          44   1155
     GPU 0  1.000  0.942  0.745  0.000  0.001  0.000  0.622  0.000               8366118               5483468         100           0       0.000      99.000     186.368        3824253245   1155      0     35          44   1155
     GPU 0  1.000  0.939  0.741  0.000  0.001  0.000  0.620  0.000               8288392               6051521         100           0       0.000      99.000     186.368        3824253245   1155      0     35          44   1155
     GPU 0  1.000  0.000  0.000  0.000  0.001  0.000  0.000  0.000               9214282               7211738         100           0       0.000      99.000     186.368        3824253245   1155      0     35          44   1155
     GPU 0  1.000  0.937  0.742  0.000  0.001  0.000  0.606  0.000              10011132               7408068         100           0       0.000      99.000     186.368        3824253245   1155      0     35          45   1155
     GPU 0  1.000  0.937  0.742  0.000  0.001  0.000  0.606  0.000              10011132               7408068         100           0       0.000      99.000     185.055        3824271985   1155      0     35          44   1155
     GPU 0  1.000  0.953  0.760  0.000  0.001  0.000  0.632  0.000               6845208               4491667         100           0       0.000      99.000     185.055        3824271985   1155      0     35          45   1155
     GPU 0  1.000  0.000  0.000  0.000  0.001  0.000  0.000  0.000               8853446               5702131         100           0       0.000      99.000     185.055        3824271985   1155      0     35          44   1155

# Entity  GRACT  SMACT  SMOCC  TENSO  DRAMA  FP64A  FP32A  FP16A                 PCITX                 PCIRX       GPUTL       MCUTL       MUSAM       GUSAM       POWER             TOTEC  SACLK  PSTAT  TMPTR       MMTMP  SMCLK
      Id                                                                                                                                                               W                mJ                    C           C       
     GPU 0  1.000  0.933  0.750  0.000  0.001  0.000  0.615  0.000               6233821               5062477         100           0       0.000      99.000     185.055        3824271985   1155      0     35          44   1155
     GPU 0  1.000  0.951  0.755  0.000  0.002  0.000  0.615  0.000               7618393               6488332         100           0       0.000      99.000     185.055        3824271985   1155      0     35          44   1155
     GPU 0  1.000  0.951  0.755  0.000  0.002  0.000  0.615  0.000               7618393               6488332         100           0       0.000      99.000     185.055        3824290685   1155      0     35          44   1155
     GPU 0  1.000  0.000  0.000  0.000  0.001  0.000  0.000  0.000               6897096               5569122         100           0       0.000      99.000     184.474        3824290685   1155      0     35          44   1155
     GPU 0  1.000  0.936  0.738  0.000  0.001  0.000  0.617  0.000               6141394               4660020         100           0       0.000      99.000     184.474        3824290685   1155      0     35          44   1155
     GPU 0  1.000  0.942  0.742  0.000  0.001  0.000  0.622  0.000               3424735               1243614         100           0       0.000      99.000     184.474        3824290685   1155      0     35          44   1155
     GPU 0  1.000  0.000  0.000  0.000  0.001  0.000  0.000  0.000               4957609               3361115         100           0       0.000      99.000     184.474        3824290685   1155      0     35          45   1155
     GPU 0  1.000  0.000  0.000  0.000  0.001  0.000  0.000  0.000               4957609               3361115         100           0       0.000      99.000     184.474        3824309289   1155      0     35          45   1155
     GPU 0  1.000  0.939  0.745  0.000  0.001  0.000  0.620  0.000               7581804               4095370         100           0       0.000      99.000     184.474        3824309289   1155      0     35          45   1155
     GPU 0  1.000  0.937  0.740  0.000  0.001  0.000  0.618  0.000               8209974               4950493         100           0       0.000      99.000     184.474        3824309289   1155      0     35          45   1155
     GPU 0  1.000  0.000  0.000  0.000  0.002  0.000  0.000  0.000               7313265               5216676         100           0       0.000      99.000     184.474        3824309289   1155      0     35          44   1155
     GPU 0  1.000  0.931  0.730  0.000  0.002  0.000  0.612  0.000               9460834               7488686         100           0       0.000      99.000     184.474        3824309289   1155      0     35          45   1155
     GPU 0  1.000  0.936  0.747  0.000  0.001  0.000  0.617  0.000              10041373               7675378         100           0       0.000      99.000     184.765        3824327958   1155      0     35          45   1155
     GPU 0  1.000  0.936  0.747  0.000  0.001  0.000  0.617  0.000              10041373               7675378         100           0       0.000      99.000     184.765        3824327958   1155      0     35          44   1155

# Entity  GRACT  SMACT  SMOCC  TENSO  DRAMA  FP64A  FP32A  FP16A                 PCITX                 PCIRX       GPUTL       MCUTL       MUSAM       GUSAM       POWER             TOTEC  SACLK  PSTAT  TMPTR       MMTMP  SMCLK
      Id                                                                                                                                                               W                mJ                    C           C       
     GPU 0  1.000  0.000  0.000  0.000  0.001  0.000  0.000  0.000              11575376               7635960         100           0       0.000      99.000     184.765        3824327958   1155      0     35          44   1155
     GPU 0  1.000  0.942  0.752  0.000  0.002  0.000  0.626  0.000               8200475               6652399         100           0       0.000      99.000     184.765        3824327958   1155      0     35          44   1155
     GPU 0  1.000  0.965  0.801  0.000  0.001  0.000  0.642  0.000               3384517               1243779         100           0       0.000      99.000     184.765        3824327958   1155      0     35          45   1155
     GPU 0  1.000  0.000  0.000  0.000  0.001  0.000  0.000  0.000               1254961               1422289         100           0       0.000      99.000     185.055        3824346620   1155      0     35          44   1155
     GPU 0  1.000  0.000  0.000  0.000  0.001  0.000  0.000  0.000               1923519               1672625         100           0       0.000      99.000     185.055        3824346620   1155      0     35          44   1155
     GPU 0  1.000  0.000  0.000  0.000  0.001  0.000  0.000  0.000               1923519               1672625         100           0       0.000      99.000     185.055        3824346620   1155      0     35          45   1155
     GPU 0  1.000  0.940  0.758  0.000  0.002  0.000  0.602  0.000               6011502               4502907         100           0       0.000      99.000     185.055        3824346620   1155      0     35          45   1155
     GPU 0  1.000  0.938  0.753  0.000  0.002  0.000  0.620  0.000              10649338               7226479         100           0       0.000      99.000     185.055        3824346620   1155      0     35          45   1155
     GPU 0  1.000  0.000  0.000  0.000  0.001  0.000  0.000  0.000               1255900               1423353         100           0       0.000      99.000     185.055        3824346620   1155      0     35          44   1155
     GPU 0  1.000  0.930  0.734  0.000  0.002  0.000  0.614  0.000               5684501               5460350         100           0       0.000      99.000     185.055        3824365313   1155      0     35          44   1155
     GPU 0  1.000  0.930  0.734  0.000  0.002  0.000  0.614  0.000               5684501               5460350         100           0       0.000      99.000     185.055        3824365313   1155      0     35          44   1155
     GPU 0  1.000  0.000  0.000  0.000  0.002  0.000  0.000  0.000               3462089               1684584         100           0       0.000      99.000     185.055        3824365313   1155      0     35          44   1155
     GPU 0  1.000  0.942  0.747  0.000  0.002  0.000  0.606  0.000               5806307               3850231         100           0       0.000      99.000     185.055        3824365313   1155      0     35          44   1155
     GPU 0  1.000  0.940  0.766  0.000  0.001  0.000  0.623  0.000               7224303               5112882         100           0       0.000      99.000     185.055        3824383942   1155      0     36          44   1155

# Entity  GRACT  SMACT  SMOCC  TENSO  DRAMA  FP64A  FP32A  FP16A                 PCITX                 PCIRX       GPUTL       MCUTL       MUSAM       GUSAM       POWER             TOTEC  SACLK  PSTAT  TMPTR       MMTMP  SMCLK
      Id                                                                                                                                                               W                mJ                    C           C       
     GPU 0  1.000  0.000  0.000  0.000  0.001  0.000  0.000  0.000               9720730               6757455         100           0       0.000      99.000     185.055        3824383942   1155      0     36          44   1155
     GPU 0  1.000  0.000  0.000  0.000  0.001  0.000  0.000  0.000               9720730               6757455         100           0       0.000      99.000     185.055        3824383942   1155      0     36          44   1155
     GPU 0  1.000  0.937  0.735  0.000  0.002  0.000  0.598  0.000               4612005               4005728         100           0       0.000      99.000     185.055        3824383942   1155      0     36          44   1155
     GPU 0  1.000  0.934  0.735  0.000  0.002  0.000  0.617  0.000               7448519               6276743         100           0       0.000      99.000     185.055        3824383942   1155      0     36          44   1155
     GPU 0  1.000  0.000  0.000  0.000  0.002  0.000  0.000  0.000               3465766               1177571         100           0       0.000      99.000     185.055        3824383942   1155      0     36          44   1155
     GPU 0  1.000  0.941  0.741  0.000  0.002  0.000  0.606  0.000               3466300               1368703         100           0       0.000      99.000     185.594        3824402702   1155      0     36          44   1155
     GPU 0  1.000  0.941  0.741  0.000  0.002  0.000  0.606  0.000               3466300               1368703         100           0       0.000      99.000     185.594        3824402702   1155      0     36          44   1155
     GPU 0  1.000  0.954  0.772  0.000  0.002  0.000  0.637  0.000               6665650               4613928         100           0       0.000      99.000     185.594        3824402702   1155      0     36          44   1155
     GPU 0  1.000  0.000  0.000  0.000  0.001  0.000  0.000  0.000               9383680               6290631         100           0       0.000      99.000     185.594        3824402702   1155      0     36          44   1155
     GPU 0  1.000  0.950  0.774  0.000  0.002  0.000  0.612  0.000               7742982               6192510         100           0       0.000      99.000     184.474        3824421286   1155      0     36          44   1155
     GPU 0  1.000  0.950  0.774  0.000  0.002  0.000  0.612  0.000               7742982               6192510         100           0       0.000      99.000     184.474        3824421286   1155      0     36          44   1155
     GPU 0  1.000  0.943  0.750  0.000  0.002  0.000  0.623  0.000               9362969               7020803         100           0       0.000      99.000     184.474        3824421286   1155      0     36          44   1155
     GPU 0  1.000  0.000  0.000  0.000  0.002  0.000  0.000  0.000              10696748               8109434         100           0       0.000      99.000     184.474        3824421286   1155      0     36          44   1155
     GPU 0  1.000  0.939  0.757  0.000  0.002  0.000  0.601  0.000               8969785               6287243         100           0       0.000      99.000     184.474        3824421286   1155      0     36          44   1155

# Entity  GRACT  SMACT  SMOCC  TENSO  DRAMA  FP64A  FP32A  FP16A                 PCITX                 PCIRX       GPUTL       MCUTL       MUSAM       GUSAM       POWER             TOTEC  SACLK  PSTAT  TMPTR       MMTMP  SMCLK
      Id                                                                                                                                                               W                mJ                    C           C       
     GPU 0  1.000  0.000  0.000  0.000  0.002  0.000  0.000  0.000               1256597               1424143         100           0       0.000      99.000     184.232        3824421286   1155      0     36          44   1155
     GPU 0  1.000  0.938  0.738  0.000  0.001  0.000  0.618  0.000               7503464               5705275         100           0       0.000      99.000     184.232        3824440202   1155      0     36          44   1155
     GPU 0  1.000  0.938  0.738  0.000  0.001  0.000  0.618  0.000               7503464               5705275         100           0       0.000      99.000     184.232        3824440202   1155      0     36          44   1155
     GPU 0  1.000  0.916  0.732  0.000  0.001  0.000  0.603  0.000               3576566               1652908         100           0       0.000      99.000     184.232        3824440202   1155      0     36          44   1155
     GPU 0  1.000  0.000  0.000  0.000  0.001  0.000  0.000  0.000               3406132               1189218         100           0       0.000      99.000     184.232        3824440202   1155      0     36          44   1155
     GPU 0  1.000  0.938  0.763  0.000  0.001  0.000  0.622  0.000               4572155               3052686         100           0       0.000      99.000     185.055        3824458697   1155      0     36          44   1155
     GPU 0  1.000  0.936  0.740  0.000  0.002  0.000  0.595  0.000               5868602               4858291         100           0       0.000      99.000     185.055        3824458697   1155      0     36          44   1155
     GPU 0  1.000  0.000  0.000  0.000  0.002  0.000  0.000  0.000               8611128               6614273         100           0       0.000      99.000     185.055        3824458697   1155      0     36          44   1155
     GPU 0  1.000  0.000  0.000  0.000  0.002  0.000  0.000  0.000               8611128               6614273         100           0       0.000      99.000     185.055        3824458697   1155      0     36          44   1155
     GPU 0  1.000  0.936  0.745  0.000  0.002  0.000  0.617  0.000               4264462               4264595         100           0       0.000      99.000     185.055        3824458697   1155      0     36          44   1155
     GPU 0  1.000  0.944  0.755  0.000  0.002  0.000  0.606  0.000              10076208               7417345         100           0       0.000      99.000     185.055        3824458697   1155      0     36          44   1155
     GPU 0  1.000  0.000  0.000  0.000  0.001  0.000  0.000  0.000               1171241               1003921         100           0       0.000      99.000     185.594        3824477560   1155      0     36          44   1155
     GPU 0  1.000  0.939  0.745  0.000  0.001  0.000  0.616  0.000               9062917               6216607         100           0       0.000      99.000     185.594        3824477560   1155      0     36          44   1155
     GPU 0  1.000  0.939  0.745  0.000  0.001  0.000  0.616  0.000               9062917               6216607         100           0       0.000      99.000     185.594        3824477560   1155      0     36          44   1155

# Entity  GRACT  SMACT  SMOCC  TENSO  DRAMA  FP64A  FP32A  FP16A                 PCITX                 PCIRX       GPUTL       MCUTL       MUSAM       GUSAM       POWER             TOTEC  SACLK  PSTAT  TMPTR       MMTMP  SMCLK
      Id                                                                                                                                                               W                mJ                    C           C       
     GPU 0  1.000  0.000  0.000  0.000  0.001  0.000  0.000  0.000               3424725               1327129         100           0       0.000      99.000     185.594        3824477560   1155      0     36          44   1155
     GPU 0  1.000  0.932  0.739  0.000  0.002  0.000  0.615  0.000               3782033               1983783         100           0       0.000      99.000     185.055        3824496099   1155      0     36          44   1155
     GPU 0  1.000  0.941  0.745  0.000  0.001  0.000  0.623  0.000               5949671               2942825         100           0       0.000      99.000     185.055        3824496099   1155      0     36          44   1155
     GPU 0  1.000  0.000  0.000  0.000  0.001  0.000  0.000  0.000               4909042               3376342         100           0       0.000      99.000     185.055        3824496099   1155      0     36          44   1155
     GPU 0  1.000  0.949  0.771  0.000  0.001  0.000  0.629  0.000               8372252               5804009         100           0       0.000      99.000     185.055        3824496099   1155      0     36          44   1155
     GPU 0  1.000  0.931  0.760  0.000  0.002  0.000  0.618  0.000              10064681               7788497         100           0       0.000      99.000     185.055        3824496099   1155      0     36          44   1155
     GPU 0  1.000  0.931  0.760  0.000  0.002  0.000  0.618  0.000              10064681               7788497         100           0       0.000      99.000     185.055        3824496099   1155      0     36          44   1155
     GPU 0  1.000  0.000  0.000  0.000  0.002  0.000  0.000  0.000              11133945               8374699         100           0       0.000      99.000     185.297        3824514786   1155      0     36          44   1155
     GPU 0  1.000  0.951  0.776  0.000  0.001  0.000  0.624  0.000               6341179               4889375         100           0       0.000      99.000     185.297        3824514786   1155      0     36          44   1155
     GPU 0  1.000  0.951  0.776  0.000  0.001  0.000  0.624  0.000               6341179               4889375         100           0       0.000      99.000     185.297        3824514786   1155      0     36          44   1155
     GPU 0  1.000  0.941  0.731  0.000  0.001  0.000  0.623  0.000               3658574               1201415         100           0       0.000      99.000     185.297        3824514786   1155      0     36          44   1155
     GPU 0  1.000  0.000  0.000  0.000  0.001  0.000  0.000  0.000               3420531               1323912         100           0       0.000      99.000     184.474        3824533498   1155      0     36          44   1155
     GPU 0  1.000  0.946  0.767  0.000  0.001  0.000  0.623  0.000               5212135               3300531         100           0       0.000      99.000     184.474        3824533498   1155      0     36          44   1155
     GPU 0  1.000  0.938  0.738  0.000  0.002  0.000  0.618  0.000               7668472               5332835         100           0       0.000      99.000     184.474        3824533498   1155      0     36          44   1155

# Entity  GRACT  SMACT  SMOCC  TENSO  DRAMA  FP64A  FP32A  FP16A                 PCITX                 PCIRX       GPUTL       MCUTL       MUSAM       GUSAM       POWER             TOTEC  SACLK  PSTAT  TMPTR       MMTMP  SMCLK
      Id                                                                                                                                                               W                mJ                    C           C       
     GPU 0  1.000  0.000  0.000  0.000  0.002  0.000  0.000  0.000               9832093               7575088         100           0       0.000      99.000     184.474        3824533498   1155      0     36          44   1155
     GPU 0  1.000  0.939  0.730  0.000  0.002  0.000  0.601  0.000              10136819               7871247         100           0       0.000      99.000     184.474        3824533498   1155      0     36          44   1155
     GPU 0  1.000  0.939  0.730  0.000  0.002  0.000  0.601  0.000              10136819               7871247         100           0       0.000      99.000     184.474        3824533498   1155      0     36          44   1155
     GPU 0  1.000  0.935  0.736  0.000  0.001  0.000  0.616  0.000              10160157               7724989         100           0       0.000      99.000     184.765        3824552161   1155      0     36          44   1155
     GPU 0  1.000  0.000  0.000  0.000  0.002  0.000  0.000  0.000               7094787               5759685         100           0       0.000      99.000     184.765        3824552161   1155      0     36          44   1155
     GPU 0  1.000  0.943  0.765  0.000  0.002  0.000  0.609  0.000               3423952               1643564         100           0       0.000      99.000     184.765        3824552161   1155      0     36          44   1155
     GPU 0  1.000  0.943  0.765  0.000  0.002  0.000  0.609  0.000               3423952               1643564         100           0       0.000      99.000     184.765        3824552161   1155      0     36          44   1155
     GPU 0  1.000  0.946  0.770  0.000  0.002  0.000  0.630  0.000               6567883               5563854         100           0       0.000      99.000     184.765        3824571121   1155      0     36          44   1155
     GPU 0  1.000  0.000  0.000  0.000  0.002  0.000  0.000  0.000               3431955               1456261         100           0       0.000      99.000     185.297        3824571121   1155      0     36          44   1155
     GPU 0  1.000  0.940  0.746  0.000  0.002  0.000  0.602  0.000               4950497               2819309         100           0       0.000      99.000     185.297        3824571121   1155      0     36          44   1155
     GPU 0  0.301  0.000  0.000  0.000  0.001  0.000  0.000  0.000             560685347               1936347         100           0       0.000      99.000     185.297        3824571121   1155      0     36          44   1155
     GPU 0  0.301  0.000  0.000  0.000  0.001  0.000  0.000  0.000             560685347               1936347         100           0       0.000      99.000     185.297        3824571121   1155      0     35          44   1155
     GPU 0  0.000  0.000  0.000  0.000  0.000  0.000  0.000  0.000               6456101               3948694         100           0       0.000      99.000      92.998        3824571121   1155      0     35          44   1155
     GPU 0  0.000  0.000  0.000  0.000  0.000  0.000  0.000  0.000               8060303               5202079         100           0       0.000      99.000      92.998        3824586361   1155      0     33          44   1155

# Entity  GRACT  SMACT  SMOCC  TENSO  DRAMA  FP64A  FP32A  FP16A                 PCITX                 PCIRX       GPUTL       MCUTL       MUSAM       GUSAM       POWER             TOTEC  SACLK  PSTAT  TMPTR       MMTMP  SMCLK
      Id                                                                                                                                                               W                mJ                    C           C       
     GPU 0  0.000  0.000  0.000  0.000  0.000  0.000  0.000  0.000              12728875               7324045         100           0       0.000      99.000      92.998        3824586361   1155      0     33          44   1155
     GPU 0  0.000  0.000  0.000  0.000  0.000  0.000  0.000  0.000              11884327               7188029         100           0       0.000      99.000      92.998        3824586361   1155      0     32          44   1155
     GPU 0  0.000  0.000  0.000  0.000  0.000  0.000  0.000  0.000              10053155               6642256         100           0       0.000      99.000      92.998        3824586361   1155      0     32          44   1155
     GPU 0  0.000  0.000  0.000  0.000  0.000  0.000  0.000  0.000               8607848               5427494         100           0       0.000      99.000      90.320        3824595257   1155      0     32          44   1155
     GPU 0  0.000  0.000  0.000  0.000  0.000  0.000  0.000  0.000               8607848               5427494         100           0       0.000      20.000      90.320        3824595257   1155      0     32          44   1155
     GPU 0  0.000  0.000  0.000  0.000  0.000  0.000  0.000  0.000              12201945               7503747          20           0       0.000      20.000      90.320        3824595257   1155      0     32          44   1155
     GPU 0  0.000  0.000  0.000  0.000  0.000  0.000  0.000  0.000               3485457               2399766          20           0       0.000      20.000      90.320        3824595257   1155      0     31          44   1155
     GPU 0  0.000  0.000  0.000  0.000  0.000  0.000  0.000  0.000               9497944               5965470          20           0       0.000      20.000      90.320        3824595257   1155      0     31          44   1155
     GPU 0  0.000  0.000  0.000  0.000  0.000  0.000  0.000  0.000               9262799               5633778          20           0       0.000      20.000      90.029        3824604355   1155      0     31          44   1155
     GPU 0  0.000  0.000  0.000  0.000  0.000  0.000  0.000  0.000               9262799               5633778          20           0       0.000      20.000      90.029        3824604355   1155      0     31          44   1155
     GPU 0  0.000  0.000  0.000  0.000  0.000  0.000  0.000  0.000               3229222                817768          20           0       0.000      20.000      90.029        3824604355   1155      0     31          44   1155
     GPU 0  0.000  0.000  0.000  0.000  0.000  0.000  0.000  0.000               3120770               2098886          20           0       0.000      20.000      90.029        3824604355   1155      0     31          44   1155
     GPU 0  0.000  0.000  0.000  0.000  0.000  0.000  0.000  0.000               2090506                163733          20           0       0.000      20.000      90.029        3824604355   1155      0     31          44   1155
     GPU 0  0.000  0.000  0.000  0.000  0.000  0.000  0.000  0.000               2090536                163735          20           0       0.000      20.000      90.029        3824613452   1155      0     31          44   1155

# Entity  GRACT  SMACT  SMOCC  TENSO  DRAMA  FP64A  FP32A  FP16A                 PCITX                 PCIRX       GPUTL       MCUTL       MUSAM       GUSAM       POWER             TOTEC  SACLK  PSTAT  TMPTR       MMTMP  SMCLK
      Id                                                                                                                                                               W                mJ                    C           C       
     GPU 0  0.000  0.000  0.000  0.000  0.000  0.000  0.000  0.000               5927450               2138641          20           0       0.000      20.000      89.787        3824613452   1155      0     31          44   1155
     GPU 0  0.000  0.000  0.000  0.000  0.000  0.000  0.000  0.000               5600404               3109392           0           0       0.000       0.000      89.787        3824613452   1155      0     31          44   1155
     GPU 0  0.000  0.000  0.000  0.000  0.000  0.000  0.000  0.000               5600404               3109392           0           0       0.000       0.000      89.787        3824613452   1155      0     30          44   1155
     GPU 0  0.000  0.000  0.000  0.000  0.000  0.000  0.000  0.000               7679389               4633684           0           0       0.000       0.000      89.787        3824613452   1155      0     30          44   1155
     GPU 0  0.000  0.000  0.000  0.000  0.000  0.000  0.000  0.000              12730104               8240340           0           0       0.000       0.000      89.787        3824622522   1155      0     30          44   1155
     GPU 0  0.000  0.000  0.000  0.000  0.000  0.000  0.000  0.000              15051132               8990124           0           0       0.000       0.000      89.787        3824622522   1155      0     30          44   1155
     GPU 0  0.000  0.000  0.000  0.000  0.000  0.000  0.000  0.000               7499321               4566697           0           0       0.000       0.000      89.787        3824622522   1155      0     30          44   1155
     GPU 0  0.000  0.000  0.000  0.000  0.000  0.000  0.000  0.000              11581216               7416215           0           0       0.000       0.000      89.787        3824622522   1155      0     30          44   1155
     GPU 0  0.000  0.000  0.000  0.000  0.000  0.000  0.000  0.000              12055171               7967721           0           0       0.000       0.000      89.787        3824622522   1155      0     30          44   1155
     GPU 0  0.000  0.000  0.000  0.000  0.000  0.000  0.000  0.000              12055171               7967721           0           0       0.000       0.000      89.787        3824622522   1155      0     30          44   1155
     GPU 0  0.000  0.000  0.000  0.000  0.000  0.000  0.000  0.000              12055171               7967721           0           0       0.000       0.000      89.787        3824622522   1155      0     30          44   1155
     GPU 0  0.000  0.000  0.000  0.000  0.000  0.000  0.000  0.000              12055171               7967721           0           0       0.000       0.000      89.787        3824631602   1155      0     30          44   1155
     GPU 0  0.000  0.000  0.000  0.000  0.000  0.000  0.000  0.000              13207258               7939194           0           0       0.000       0.000      89.787        3824631602   1155      0     30          44   1155
     GPU 0  0.000  0.000  0.000  0.000  0.000  0.000  0.000  0.000              13207258               7939194           0           0       0.000       0.000      89.787        3824631602   1155      0     30          44   1155

# Entity  GRACT  SMACT  SMOCC  TENSO  DRAMA  FP64A  FP32A  FP16A                 PCITX                 PCIRX       GPUTL       MCUTL       MUSAM       GUSAM       POWER             TOTEC  SACLK  PSTAT  TMPTR       MMTMP  SMCLK
      Id                                                                                                                                                               W                mJ                    C           C       
     GPU 0  0.000  0.000  0.000  0.000  0.000  0.000  0.000  0.000              19789870              11642182           0           0       0.000       0.000      89.787        3824631602   1155      0     30          44   1155
     GPU 0  0.000  0.000  0.000  0.000  0.000  0.000  0.000  0.000              19789870              11642182           0           0       0.000       0.000      90.320        3824640792   1155      0     30          45   1155
     GPU 0  0.000  0.000  0.000  0.000  0.000  0.000  0.000  0.000              19789870              11642182           0           0       0.000       0.000      90.320        3824640792   1155      0     30          45   1155
     GPU 0  0.000  0.000  0.000  0.000  0.000  0.000  0.000  0.000               1927032               3237415           0           0       0.000       0.000      90.320        3824640792   1155      0     30          44   1155
     GPU 0  0.000  0.000  0.000  0.000  0.000  0.000  0.000  0.000               8246134              12660731           0           0       0.000       0.000      90.320        3824640792   1155      0     30          44   1155
     GPU 0  0.000  0.000  0.000  0.000  0.000  0.000  0.000  0.000                782230                195557           0           0       0.000       0.000      90.320        3824640792   1155      0     30          44   1155
     GPU 0  0.000  0.000  0.000  0.000  0.000  0.000  0.000  0.000                782230                195557           7           0       0.000       0.000      90.029        3824649972   1155      0     30          44   1155
     GPU 0  0.000  0.000  0.000  0.000  0.000  0.000  0.000  0.000               1863640               3484197           7           0       0.000       0.000      90.029        3824649972   1155      0     30          44   1155
     GPU 0  0.000  0.000  0.000  0.000  0.000  0.000  0.000  0.000               1863640               3484197           7           0       0.000       0.000      90.029        3824649972   1155      0     30          44   1155
     GPU 0  0.000  0.000  0.000  0.000  0.000  0.000  0.000  0.000              11016524               8404387           7           0       0.000       0.000      90.029        3824649972   1155      0     30          44   1155
     GPU 0  0.000  0.000  0.000  0.000  0.000  0.000  0.000  0.000               2121647               4569703           7           0       0.000       0.000      90.562        3824659103   1155      0     30          44   1155
     GPU 0  0.000  0.000  0.000  0.000  0.000  0.000  0.000  0.000               7413859               4118641           7           0       0.000       0.000      90.562        3824659103   1155      0     30          44   1155
     GPU 0  0.000  0.000  0.000  0.000  0.000  0.000  0.000  0.000              10286058               6735595           7           0       0.000       0.000      90.562        3824659103   1155      0     30          44   1155
     GPU 0  0.000  0.000  0.000  0.000  0.000  0.000  0.000  0.000              11530514               7364880           7           0       0.000       0.000      90.562        3824659103   1155      0     30          45   1155

# Entity  GRACT  SMACT  SMOCC  TENSO  DRAMA  FP64A  FP32A  FP16A                 PCITX                 PCIRX       GPUTL       MCUTL       MUSAM       GUSAM       POWER             TOTEC  SACLK  PSTAT  TMPTR       MMTMP  SMCLK
      Id                                                                                                                                                               W                mJ                    C           C       
     GPU 0  0.000  0.000  0.000  0.000  0.000  0.000  0.000  0.000              10568397               6813707           7           0       0.000       0.000      90.562        3824659103   1155      0     30          44   1155
     GPU 0  0.000  0.000  0.000  0.000  0.000  0.000  0.000  0.000              10444505               6758110           7           0       0.000       0.000      90.562        3824659103   1155      0     30          44   1155
     GPU 0  0.000  0.000  0.000  0.000  0.000  0.000  0.000  0.000              10691895               5678357           7           0       0.000       0.000      90.562        3824668267   1155      0     29          44   1155
     GPU 0  0.000  0.000  0.000  0.000  0.000  0.000  0.000  0.000              10691895               5678357           0           0       0.000       0.000      90.562        3824668267   1155      0     29          44   1155
     GPU 0  0.000  0.000  0.000  0.000  0.000  0.000  0.000  0.000               3024893                     0           0           0       0.000       0.000      90.562        3824668267   1155      0     29          45   1155
     GPU 0  0.000  0.000  0.000  0.000  0.000  0.000  0.000  0.000               3296774                     0           0           0       0.000       0.000      90.562        3824668267   1155      0     29          44   1155
     GPU 0  0.000  0.000  0.000  0.000  0.000  0.000  0.000  0.000               5495342               2265810           0           0       0.000       0.000      90.320        3824677400   1155      0     29          44   1155
     GPU 0  0.000  0.000  0.000  0.000  0.000  0.000  0.000  0.000               8174368               4428726           0           0       0.000       0.000      90.320        3824677400   1155      0     29          44   1155
     GPU 0  0.000  0.000  0.000  0.000  0.000  0.000  0.000  0.000               9237366               5878401           0           0       0.000       0.000      90.320        3824677400   1155      0     29          45   1155
     GPU 0  0.000  0.000  0.000  0.000  0.000  0.000  0.000  0.000               9237366               5878401           0           0       0.000       0.000      90.320        3824677400   1155      0     29          44   1155
     GPU 0  0.000  0.000  0.000  0.000  0.000  0.000  0.000  0.000               7812140               5345723           0           0       0.000       0.000      90.320        3824677400   1155      0     29          44   1155
     GPU 0  0.000  0.000  0.000  0.000  0.000  0.000  0.000  0.000               7420415               4157332           0           0       0.000       0.000      90.320        3824677400   1155      0     29          45   1155
     GPU 0  0.000  0.000  0.000  0.000  0.000  0.000  0.000  0.000               9077210               6634943           0           0       0.000       0.000      90.320        3824686541   1155      0     29          44   1155
     GPU 0  0.000  0.000  0.000  0.000  0.000  0.000  0.000  0.000               9077210               6634943           0           0       0.000       0.000      90.320        3824686541   1155      0     29          44   1155

# Entity  GRACT  SMACT  SMOCC  TENSO  DRAMA  FP64A  FP32A  FP16A                 PCITX                 PCIRX       GPUTL       MCUTL       MUSAM       GUSAM       POWER             TOTEC  SACLK  PSTAT  TMPTR       MMTMP  SMCLK
      Id                                                                                                                                                               W                mJ                    C           C       
     GPU 0  0.000  0.000  0.000  0.000  0.000  0.000  0.000  0.000               3233978                 41924           0           0       0.000       0.000      90.320        3824686541   1155      0     29          45   1155
     GPU 0  0.000  0.000  0.000  0.000  0.000  0.000  0.000  0.000               4753077               1961831           0           0       0.000       0.000      90.320        3824686541   1155      0     29          44   1155
     GPU 0  0.000  0.000  0.000  0.000  0.000  0.000  0.000  0.000               8706863               4691037           0           0       0.000       0.000      90.320        3824695634   1155      0     29          44   1155
     GPU 0  0.000  0.000  0.000  0.000  0.000  0.000  0.000  0.000               8706863               4691037           0           0       0.000       0.000      90.320        3824695634   1155      0     29          45   1155
     GPU 0  0.000  0.000  0.000  0.000  0.000  0.000  0.000  0.000               7477095               4417458           0           0       0.000       0.000      90.320        3824695634   1155      0     29          45   1155
     GPU 0  0.000  0.000  0.000  0.000  0.000  0.000  0.000  0.000               9180071               6211515           0           0       0.000       0.000      90.320        3824695634   1155      0     29          44   1155
     GPU 0  0.000  0.000  0.000  0.000  0.000  0.000  0.000  0.000               7696514               5395836           0           0       0.000       0.000      90.320        3824695634   1155      0     29          44   1155
     GPU 0  0.000  0.000  0.000  0.000  0.000  0.000  0.000  0.000               2541222               1263612           0           0       0.000       0.000      90.320        3824695634   1155      0     29          44   1155
     GPU 0  0.000  0.000  0.000  0.000  0.000  0.000  0.000  0.000               1256623                 83774           0           0       0.000       0.000      90.320        3824704738   1155      0     29          44   1155
     GPU 0  0.000  0.000  0.000  0.000  0.000  0.000  0.000  0.000               5002104               2471796           0           0       0.000       0.000      90.320        3824704738   1155      0     29          44   1155
     GPU 0  0.000  0.000  0.000  0.000  0.000  0.000  0.000  0.000               3262249                275348           0           0       0.000       0.000      90.320        3824704738   1155      0     29          44   1155
     GPU 0  0.000  0.000  0.000  0.000  0.000  0.000  0.000  0.000               3262249                275348           0           0       0.000       0.000      90.320        3824704738   1155      0     29          44   1155
     GPU 0  0.000  0.000  0.000  0.000  0.000  0.000  0.000  0.000               5549471               1918886           0           0       0.000       0.000      90.320        3824713853   1155      0     29          44   1155
     GPU 0  0.000  0.000  0.000  0.000  0.000  0.000  0.000  0.000               5998930               2630749           0           0       0.000       0.000      90.320        3824713853   1155      0     29          44   1155

# Entity  GRACT  SMACT  SMOCC  TENSO  DRAMA  FP64A  FP32A  FP16A                 PCITX                 PCIRX       GPUTL       MCUTL       MUSAM       GUSAM       POWER             TOTEC  SACLK  PSTAT  TMPTR       MMTMP  SMCLK
      Id                                                                                                                                                               W                mJ                    C           C       
     GPU 0  0.000  0.000  0.000  0.000  0.000  0.000  0.000  0.000               7222453               3402595           0           0       0.000       0.000      90.320        3824713853   1155      0     29          44   1155
     GPU 0  0.000  0.000  0.000  0.000  0.000  0.000  0.000  0.000               6678261               3616587           0           0       0.000       0.000      90.320        3824713853   1155      0     29          44   1155
     GPU 0  0.000  0.000  0.000  0.000  0.000  0.000  0.000  0.000               9448106               5949022           0           0       0.000       0.000      90.320        3824713853   1155      0     29          45   1155
     GPU 0  0.000  0.000  0.000  0.000  0.000  0.000  0.000  0.000               9448106               5949022           0           0       0.000       0.000      90.320        3824713853   1155      0     29          44   1155
     GPU 0  0.000  0.000  0.000  0.000  0.000  0.000  0.000  0.000               7663820               5359583           0           0       0.000       0.000      90.320        3824722966   1155      0     29          44   1155
     GPU 0  0.000  0.000  0.000  0.000  0.000  0.000  0.000  0.000               8533205               5060254           0           0       0.000       0.000      90.320        3824722966   1155      0     29          44   1155
     GPU 0  0.000  0.000  0.000  0.000  0.000  0.000  0.000  0.000               7380194               5242283           0           0       0.000       0.000      90.320        3824722966   1155      0     29          44   1155
     GPU 0  0.000  0.000  0.000  0.000  0.000  0.000  0.000  0.000               3674719               1707837           0           0       0.000       0.000      90.320        3824722966   1155      0     29          44   1155
     GPU 0  0.000  0.000  0.000  0.000  0.000  0.000  0.000  0.000                920848                 83713           0           0       0.000       0.000      90.320        3824732085   1155      0     29          45   1155
     GPU 0  0.000  0.000  0.000  0.000  0.000  0.000  0.000  0.000                920848                 83713           0           0       0.000       0.000      90.320        3824732085   1155      0     29          44   1155
     GPU 0  0.000  0.000  0.000  0.000  0.000  0.000  0.000  0.000              11062150               6295694           0           0       0.000       0.000      90.320        3824732085   1155      0     29          44   1155
     GPU 0  0.000  0.000  0.000  0.000  0.000  0.000  0.000  0.000               9502449               6299520           0           0       0.000       0.000      90.320        3824732085   1155      0     29          44   1155
     GPU 0  0.000  0.000  0.000  0.000  0.000  0.000  0.000  0.000              10417409               6941609           0           0       0.000       0.000      90.320        3824732085   1155      0     29          44   1155
     GPU 0  0.000  0.000  0.000  0.000  0.000  0.000  0.000  0.000              10105245               6668924           0           0       0.000       0.000      90.320        3824732085   1155      0     29          44   1155

# Entity  GRACT  SMACT  SMOCC  TENSO  DRAMA  FP64A  FP32A  FP16A                 PCITX                 PCIRX       GPUTL       MCUTL       MUSAM       GUSAM       POWER             TOTEC  SACLK  PSTAT  TMPTR       MMTMP  SMCLK
      Id                                                                                                                                                               W                mJ                    C           C       
     GPU 0  0.000  0.000  0.000  0.000  0.000  0.000  0.000  0.000               9635325               6151254           0           0       0.000       0.000      90.320        3824741209   1155      0     29          44   1155
     GPU 0  0.000  0.000  0.000  0.000  0.000  0.000  0.000  0.000               4216333                209507           0           0       0.000       0.000      90.320        3824741209   1155      0     29          44   1155
     GPU 0  0.000  0.000  0.000  0.000  0.000  0.000  0.000  0.000               4216333                209507           0           0       0.000       0.000      90.320        3824741209   1155      0     29          44   1155
     GPU 0  0.000  0.000  0.000  0.000  0.000  0.000  0.000  0.000               4128042               1855951           0           0       0.000       0.000      90.320        3824741209   1155      0     29          44   1155
     GPU 0  0.000  0.000  0.000  0.000  0.000  0.000  0.000  0.000               6691766               3649154           0           0       0.000       0.000      90.320        3824750353   1155      0     29          44   1155
     GPU 0  0.000  0.000  0.000  0.000  0.000  0.000  0.000  0.000               8998641               4560615           0           0       0.000       0.000      90.320        3824750353   1155      0     29          44   1155
     GPU 0  0.000  0.000  0.000  0.000  0.000  0.000  0.000  0.000               9051493               4853591           0           0       0.000       0.000      90.320        3824750353   1155      0     29          44   1155
     GPU 0  0.000  0.000  0.000  0.000  0.000  0.000  0.000  0.000               8987732               5793559           0           0       0.000       0.000      90.320        3824750353   1155      0     29          44   1155
     GPU 0  0.000  0.000  0.000  0.000  0.000  0.000  0.000  0.000               8987732               5793559           0           0       0.000       0.000      90.320        3824750353   1155      0     29          44   1155
     GPU 0  0.000  0.000  0.000  0.000  0.000  0.000  0.000  0.000               7707223               5361157           0           0       0.000       0.000      90.320        3824750353   1155      0     29          44   1155
     GPU 0  0.000  0.000  0.000  0.000  0.000  0.000  0.000  0.000               6950102               4111132           0           0       0.000       0.000      90.320        3824759473   1155      0     29          44   1155
     GPU 0  0.000  0.000  0.000  0.000  0.000  0.000  0.000  0.000               2334748                     0           0           0       0.000       0.000      90.320        3824759473   1155      0     29          44   1155
