# Entity  GRACT  SMACT  SMOCC  TENSO  DRAMA  FP64A  FP32A  FP16A                 PCITX                 PCIRX       GPUTL       MCUTL       MUSAM       GUSAM       POWER             TOTEC  SACLK  PSTAT  TMPTR       MMTMP  SMCLK
      Id                                                                                                                                                               W                mJ                    C           C       
     GPU 0  0.000  0.000  0.000  0.000  0.000  0.000  0.000  0.000              89750127               8159102           0           0       0.000       0.000      78.092        1778475595   1305      0     27          43    210
     GPU 0  0.000  0.000  0.000  0.000  0.000  0.000  0.000  0.000               9441619               5209132           0           0       0.000       0.000      78.092        1778475595   1305      0     27          44    210
     GPU 0  0.000  0.000  0.000  0.000  0.000  0.000  0.000  0.000               9441619               5209132           0           0       0.000       0.000      78.092        1778475595   1305      0     27          44    210
     GPU 0  0.000  0.000  0.000  0.000  0.000  0.000  0.000  0.000               5908098               4191129           0           0       0.000       0.000      78.092        1778475595   1305      0     27          43    210
     GPU 0  0.000  0.000  0.000  0.000  0.000  0.000  0.000  0.000               6170479               3608146           0           0       0.000       0.000      78.092        1778475595   1305      0     27          44    210
     GPU 0  0.000  0.000  0.000  0.000  0.000  0.000  0.000  0.000               6853934               4898477           0           0       0.000       0.000      78.632        1778483541   1305      0     27          43    210
     GPU 0  0.000  0.000  0.000  0.000  0.000  0.000  0.000  0.000               6853934               4898477           0           0       0.000       0.000      78.632        1778483541   1305      0     27          44    210
     GPU 0  0.000  0.000  0.000  0.000  0.000  0.000  0.000  0.000               4085838               1915708           0           0       0.000       0.000      78.632        1778483541   1305      0     27          44    210
     GPU 0  0.000  0.000  0.000  0.000  0.000  0.000  0.000  0.000               3020677                274607           0           0       0.000       0.000      78.632        1778483541   1305      0     27          44    210
     GPU 0  0.000  0.000  0.000  0.000  0.000  0.000  0.000  0.000               5422030               1665022           0           0       0.000       0.000      78.632        1778483541   1305      0     27          43    210
     GPU 0  0.000  0.000  0.000  0.000  0.000  0.000  0.000  0.000               6611681               3379417           0           0       0.000       0.000      78.632        1778491512   1305      0     27          43    210
     GPU 0  0.000  0.000  0.000  0.000  0.000  0.000  0.000  0.000               9653070               4053651           0           0       0.000       0.000      78.632        1778491512   1305      0     27          43    210
     GPU 0  0.000  0.000  0.000  0.000  0.000  0.000  0.000  0.000               9653070               4053651           0           0       0.000       0.000      78.632        1778491512   1305      0     27          43    210
     GPU 0  0.000  0.000  0.000  0.000  0.000  0.000  0.000  0.000               8836596               5276396           0           0       0.000       0.000      78.632        1778491512   1305      0     27          43    210
     GPU 0  0.000  0.000  0.000  0.000  0.000  0.000  0.000  0.000               2075730               1372433           0           0       0.000       0.000      78.632        1778491512   1305      0     27          43    210

# Entity  GRACT  SMACT  SMOCC  TENSO  DRAMA  FP64A  FP32A  FP16A                 PCITX                 PCIRX       GPUTL       MCUTL       MUSAM       GUSAM       POWER             TOTEC  SACLK  PSTAT  TMPTR       MMTMP  SMCLK
      Id                                                                                                                                                               W                mJ                    C           C       
     GPU 0  0.000  0.000  0.000  0.000  0.000  0.000  0.000  0.000               4490402               3502342           0           0       0.000       0.000      78.632        1778499421   1305      0     27          44    210
     GPU 0  0.000  0.000  0.000  0.000  0.000  0.000  0.000  0.000               4490402               3502342           0           0       0.000       0.000      78.632        1778499421   1305      0     27          43    210
     GPU 0  0.000  0.000  0.000  0.000  0.000  0.000  0.000  0.000               4057241                442059           0           0       0.000       0.000      78.632        1778499421   1305      0     27          44    210
     GPU 0  0.000  0.000  0.000  0.000  0.000  0.000  0.000  0.000               3057492                316053           0           0       0.000       0.000      78.632        1778499421   1305      0     27          44    210
     GPU 0  0.000  0.000  0.000  0.000  0.000  0.000  0.000  0.000               5327599               1867718           0           0       0.000       0.000      78.632        1778499421   1305      0     27          43    210
     GPU 0  0.000  0.000  0.000  0.000  0.000  0.000  0.000  0.000               6961402               3354547           0           0       0.000       0.000      78.632        1778507400   1305      0     27          44    210
     GPU 0  0.000  0.000  0.000  0.000  0.000  0.000  0.000  0.000               6961402               3354547           0           0       0.000       0.000      78.923        1778507400   1305      0     27          43    210
     GPU 0  0.000  0.000  0.000  0.000  0.000  0.000  0.000  0.000               8828560               4149676           0           0       0.000       0.000      78.923        1778507400   1305      0     27          43    210
     GPU 0  0.000  0.000  0.000  0.000  0.000  0.000  0.000  0.000               5957073               5068686           0           0       0.000       0.000      78.923        1778507400   1305      0     27          44    210
     GPU 0  0.000  0.000  0.000  0.000  0.000  0.000  0.000  0.000               2339682               4512244           0           0       0.000       0.000      78.923        1778507400   1305      0     27          43    210
     GPU 0  0.000  0.000  0.000  0.000  0.000  0.000  0.000  0.000               7247278               4300582           0           0       0.000       0.000      78.632        1778515313   1305      0     27          43    210
     GPU 0  0.000  0.000  0.000  0.000  0.000  0.000  0.000  0.000               7247278               4300582           0           0       0.000       0.000      78.632        1778515313   1305      0     27          43    210
     GPU 0  0.000  0.000  0.000  0.000  0.000  0.000  0.000  0.000               2474743              24566354           0           0       0.000       0.000      78.632        1778515313   1305      0     27          43    210
     GPU 0  0.000  0.000  0.000  0.000  0.000  0.000  0.000  0.000               8948036              23612873           0           0       0.000       0.000      78.632        1778515313   1305      0     27          43    210

# Entity  GRACT  SMACT  SMOCC  TENSO  DRAMA  FP64A  FP32A  FP16A                 PCITX                 PCIRX       GPUTL       MCUTL       MUSAM       GUSAM       POWER             TOTEC  SACLK  PSTAT  TMPTR       MMTMP  SMCLK
      Id                                                                                                                                                               W                mJ                    C           C       
     GPU 0  0.000  0.000  0.000  0.000  0.000  0.000  0.000  0.000               2438479               8209546           0           0       0.000       0.000      78.632        1778515313   1305      0     27          43    210
     GPU 0  0.000  0.000  0.000  0.000  0.000  0.000  0.000  0.000               1588761               2592189           0           0       0.000       0.000      78.632        1778515313   1305      0     27          43    210
     GPU 0  0.000  0.000  0.000  0.000  0.000  0.000  0.000  0.000               6860901               4537918           0           0       0.000       0.000      78.632        1778523315   1305      0     27          43    210
     GPU 0  0.000  0.000  0.000  0.000  0.000  0.000  0.000  0.000               1298754                649377           0           0       0.000       0.000      78.632        1778523315   1305      0     27          43    210
     GPU 0  0.000  0.000  0.000  0.000  0.000  0.000  0.000  0.000               1298754                649377           0           0       0.000       0.000      78.632        1778523315   1305      0     27          44    210
     GPU 0  0.000  0.000  0.000  0.000  0.000  0.000  0.000  0.000               1668134               2835829           0           0       0.000       0.000      78.632        1778523315   1305      0     27          44    210
     GPU 0  0.000  0.000  0.000  0.000  0.000  0.000  0.000  0.000               9766084               6065890           0           0       0.000       0.000      78.632        1778531202   1305      0     27          43    210
     GPU 0  0.000  0.000  0.000  0.000  0.000  0.000  0.000  0.000               9766084               6065890           0           0       0.000       0.000      78.632        1778531202   1305      0     27          43    210
     GPU 0  0.000  0.000  0.000  0.000  0.000  0.000  0.000  0.000              11512072               7461405           0           0       0.000       0.000      78.632        1778531202   1305      0     27          43    210
     GPU 0  0.000  0.000  0.000  0.000  0.000  0.000  0.000  0.000              11512072               7461405           0           0       0.000       0.000      78.632        1778531202   1305      0     27          44    210
     GPU 0  0.000  0.000  0.000  0.000  0.000  0.000  0.000  0.000              11512072               7461405           0           0       0.000       0.000      78.632        1778531202   1305      0     27          44    210
     GPU 0  0.000  0.000  0.000  0.000  0.000  0.000  0.000  0.000               5651504               4994352           0           0       0.000       0.000      78.632        1778539125   1305      0     27          43    210
     GPU 0  0.000  0.000  0.000  0.000  0.000  0.000  0.000  0.000               5651504               4994352           0           0       0.000       0.000      78.632        1778539125   1305      0     27          43    210
     GPU 0  0.000  0.000  0.000  0.000  0.000  0.000  0.000  0.000              12955968               8223548           0           0       0.000       0.000      78.632        1778539125   1305      0     27          43    210

# Entity  GRACT  SMACT  SMOCC  TENSO  DRAMA  FP64A  FP32A  FP16A                 PCITX                 PCIRX       GPUTL       MCUTL       MUSAM       GUSAM       POWER             TOTEC  SACLK  PSTAT  TMPTR       MMTMP  SMCLK
      Id                                                                                                                                                               W                mJ                    C           C       
     GPU 0  0.000  0.000  0.000  0.000  0.000  0.000  0.000  0.000              12541312              13531535           0           0       0.000       0.000      78.632        1778539125   1305      0     27          43    210
     GPU 0  0.000  0.000  0.000  0.000  0.000  0.000  0.000  0.000              12541312              13531535           0           0       0.000       0.000      78.632        1778539125   1305      0     27          43    210
     GPU 0  0.000  0.000  0.000  0.000  0.000  0.000  0.000  0.000              10019629              17018492           0           0       0.000       0.000      78.923        1778547095   1305      0     27          43    210
     GPU 0  0.000  0.000  0.000  0.000  0.000  0.000  0.000  0.000              10019629              17018492           0           0       0.000       0.000      78.923        1778547095   1305      0     27          44   1305
     GPU 0  0.465  0.000  0.000  0.000  0.000  0.000  0.000  0.000              10321655              14019634           0           0       0.000       0.000      78.923        1778547095   1305      0     27          43   1305
     GPU 0  0.034  0.000  0.000  0.000  0.000  0.000  0.000  0.000               6413881              18017923           1           0       0.000       1.000      78.923        1778547095   1305      0     27          43   1305
     GPU 0  0.014  0.000  0.000  0.000  0.001  0.000  0.000  0.000             297980438            2632070006           1           0       0.000       1.000      78.923        1778547095   1305      0     27          43   1305
     GPU 0  0.500  0.000  0.000  0.000  0.002  0.000  0.000  0.000             250479769            2190201929           1           0       0.000       1.000      78.923        1778547095   1305      0     27          43   1305
     GPU 0  0.500  0.000  0.000  0.000  0.002  0.000  0.000  0.000             250479769            2190201929           1           0       0.000       1.000      98.458        1778556426   1305      0     27          44   1305
     GPU 0  1.000  0.939  0.751  0.000  0.002  0.000  0.621  0.000              11326039               6987336           1           0       0.000       1.000      98.458        1778556426   1305      0     29          44   1305
     GPU 0  1.000  0.939  0.750  0.000  0.002  0.000  0.619  0.000              10365884               7205637           1           0       0.000       1.000      98.458        1778556426   1305      0     31          43   1305
     GPU 0  1.000  0.000  0.000  0.000  0.002  0.000  0.000  0.000              10274060               7436307           1           0       0.000       1.000      98.458        1778556426   1305      0     32          44   1305
     GPU 0  1.000  0.937  0.739  0.000  0.002  0.000  0.620  0.000               9447419               6671649           1           0       0.000       1.000     235.972        1778578923   1305      0     32          44   1305
     GPU 0  1.000  0.938  0.750  0.000  0.002  0.000  0.604  0.000              11064934               8562436           1           0       0.000       1.000     235.972        1778578923   1305      0     33          44   1305

# Entity  GRACT  SMACT  SMOCC  TENSO  DRAMA  FP64A  FP32A  FP16A                 PCITX                 PCIRX       GPUTL       MCUTL       MUSAM       GUSAM       POWER             TOTEC  SACLK  PSTAT  TMPTR       MMTMP  SMCLK
      Id                                                                                                                                                               W                mJ                    C           C       
     GPU 0  1.000  0.000  0.000  0.000  0.002  0.000  0.000  0.000               8450902               6053252          77           0       0.000      77.000     235.972        1778578923   1305      0     33          44   1305
     GPU 0  1.000  0.941  0.759  0.000  0.002  0.000  0.621  0.000              10124365               7692312          77           0       0.000      77.000     235.972        1778578923   1305      0     34          44   1305
     GPU 0  1.000  0.943  0.751  0.000  0.002  0.000  0.605  0.000              10717081               8267811          77           0       0.000      77.000     235.972        1778578923   1305      0     34          44   1305
     GPU 0  1.000  0.943  0.751  0.000  0.002  0.000  0.605  0.000              10717081               8267811          77           0       0.000      77.000     235.972        1778602688   1305      0     34          44   1305
     GPU 0  1.000  0.000  0.000  0.000  0.002  0.000  0.000  0.000              10896724               7942142          77           0       0.000      77.000     233.252        1778602688   1305      0     34          44   1305
     GPU 0  1.000  0.941  0.764  0.000  0.002  0.000  0.607  0.000              10798020               7552378          77           0       0.000      77.000     233.252        1778602688   1305      0     35          44   1305
     GPU 0  1.000  0.942  0.753  0.000  0.002  0.000  0.625  0.000              11093470               8485030          77           0       0.000      77.000     233.252        1778602688   1305      0     35          44   1305
     GPU 0  1.000  0.000  0.000  0.000  0.002  0.000  0.000  0.000              10347590               7697487          77           0       0.000      77.000     233.252        1778602688   1305      0     35          44   1305
     GPU 0  1.000  0.933  0.731  0.000  0.002  0.000  0.597  0.000              10758162               7590810          77           0       0.000      77.000     235.150        1778626481   1305      0     35          44   1305
     GPU 0  1.000  0.933  0.731  0.000  0.002  0.000  0.597  0.000              10758162               7590810          77           0       0.000      77.000     235.150        1778626481   1305      0     35          44   1305
     GPU 0  1.000  0.927  0.742  0.000  0.002  0.000  0.612  0.000              11297817               8570557         100           0       0.000      99.000     235.150        1778626481   1305      0     35          44   1305
     GPU 0  1.000  0.000  0.000  0.000  0.002  0.000  0.000  0.000               9998072               7587692         100           0       0.000      99.000     235.150        1778626481   1305      0     36          44   1305
     GPU 0  1.000  0.943  0.738  0.000  0.002  0.000  0.605  0.000              10381787               8025306         100           0       0.000      99.000     235.150        1778626481   1305      0     36          44   1305
     GPU 0  1.000  0.938  0.750  0.000  0.002  0.000  0.621  0.000              10627093               7908010         100           0       0.000      99.000     235.150        1778650291   1305      0     36          44   1305

# Entity  GRACT  SMACT  SMOCC  TENSO  DRAMA  FP64A  FP32A  FP16A                 PCITX                 PCIRX       GPUTL       MCUTL       MUSAM       GUSAM       POWER             TOTEC  SACLK  PSTAT  TMPTR       MMTMP  SMCLK
      Id                                                                                                                                                               W                mJ                    C           C       
     GPU 0  1.000  0.000  0.000  0.000  0.002  0.000  0.000  0.000               9015131               7760102         100           0       0.000      99.000     237.339        1778650291   1305      0     36          44   1305
     GPU 0  1.000  0.944  0.762  0.000  0.002  0.000  0.609  0.000               3471918               1771755         100           0       0.000      99.000     237.339        1778650291   1305      0     36          44   1305
     GPU 0  1.000  0.944  0.762  0.000  0.002  0.000  0.609  0.000               3471918               1771755         100           0       0.000      99.000     237.339        1778650291   1305      0     36          44   1305
     GPU 0  1.000  0.937  0.760  0.000  0.002  0.000  0.620  0.000               4690733               3484911         100           0       0.000      99.000     237.339        1778650291   1305      0     36          44   1305
     GPU 0  1.000  0.000  0.000  0.000  0.002  0.000  0.000  0.000               6990037               5092935         100           0       0.000      99.000     237.870        1778674078   1305      0     36          44   1305
     GPU 0  1.000  0.930  0.732  0.000  0.002  0.000  0.612  0.000               9350251               6302162         100           0       0.000      99.000     237.870        1778674078   1305      0     36          44   1305
     GPU 0  1.000  0.951  0.762  0.000  0.002  0.000  0.622  0.000               9488163               6784983         100           0       0.000      99.000     237.870        1778674078   1305      0     37          44   1305
     GPU 0  1.000  0.951  0.762  0.000  0.002  0.000  0.622  0.000               9488163               6784983         100           0       0.000      99.000     237.870        1778674078   1305      0     37          44   1305
     GPU 0  1.000  0.951  0.762  0.000  0.002  0.000  0.622  0.000               9488163               6784983         100           0       0.000      99.000     237.870        1778674078   1305      0     37          44   1305
     GPU 0  1.000  0.000  0.000  0.000  0.001  0.000  0.000  0.000              20290729              11896844         100           0       0.000      99.000     237.870        1778698000   1305      0     37          44   1305
     GPU 0  1.000  0.949  0.712  0.000  0.002  0.000  0.628  0.000               3469830               1770268         100           0       0.000      99.000     231.892        1778698000   1305      0     37          44   1305
     GPU 0  1.000  0.949  0.712  0.000  0.002  0.000  0.628  0.000               3469830               1770268         100           0       0.000      99.000     231.892        1778698000   1305      0     37          44   1305
     GPU 0  1.000  0.000  0.000  0.000  0.002  0.000  0.000  0.000               8082832               6156116         100           0       0.000      99.000     231.892        1778698000   1305      0     37          44   1305
     GPU 0  1.000  0.939  0.738  0.000  0.002  0.000  0.621  0.000               9401138               7404032         100           0       0.000      99.000     231.892        1778698000   1305      0     37          44   1305

# Entity  GRACT  SMACT  SMOCC  TENSO  DRAMA  FP64A  FP32A  FP16A                 PCITX                 PCIRX       GPUTL       MCUTL       MUSAM       GUSAM       POWER             TOTEC  SACLK  PSTAT  TMPTR       MMTMP  SMCLK
      Id                                                                                                                                                               W                mJ                    C           C       
     GPU 0  1.000  0.939  0.760  0.000  0.002  0.000  0.617  0.000              10533759               7730501         100           0       0.000      99.000     231.892        1778721501   1305      0     37          44   1305
     GPU 0  1.000  0.000  0.000  0.000  0.001  0.000  0.000  0.000               6318677               3252854         100           0       0.000      99.000     228.930        1778721501   1305      0     37          44   1305
     GPU 0  1.000  0.930  0.731  0.000  0.001  0.000  0.613  0.000               6798382               4589667         100           0       0.000      99.000     228.930        1778721501   1305      0     37          44   1305
     GPU 0  1.000  0.930  0.731  0.000  0.001  0.000  0.613  0.000               6798382               4589667         100           0       0.000      99.000     228.930        1778721501   1305      0     37          44   1305
     GPU 0  1.000  0.935  0.737  0.000  0.001  0.000  0.616  0.000               8074305               6025025         100           0       0.000      99.000     228.930        1778721501   1305      0     37          44   1305
     GPU 0  1.000  0.000  0.000  0.000  0.002  0.000  0.000  0.000               9069138               6941071         100           0       0.000      99.000     231.111        1778721501   1305      0     37          44   1305
     GPU 0  1.000  0.936  0.744  0.000  0.002  0.000  0.618  0.000               8805446               6697798         100           0       0.000      99.000     231.111        1778745049   1305      0     37          44   1305
     GPU 0  1.000  0.953  0.758  0.000  0.002  0.000  0.620  0.000              10132280               7589823         100           0       0.000      99.000     231.111        1778745049   1305      0     37          44   1305
     GPU 0  1.000  0.000  0.000  0.000  0.002  0.000  0.000  0.000               9611328               7234430         100           0       0.000      99.000     231.111        1778745049   1305      0     37          44   1305
     GPU 0  1.000  0.940  0.743  0.000  0.002  0.000  0.619  0.000               9555323               7300973         100           0       0.000      99.000     231.111        1778745049   1305      0     37          44   1305
     GPU 0  1.000  0.947  0.749  0.000  0.002  0.000  0.606  0.000               9205406               7139076         100           0       0.000      99.000     231.111        1778768095   1305      0     37          44   1305
     GPU 0  1.000  0.947  0.749  0.000  0.002  0.000  0.606  0.000               9205406               7139076         100           0       0.000      99.000     230.580        1778768095   1305      0     37          45   1305
     GPU 0  1.000  0.000  0.000  0.000  0.002  0.000  0.000  0.000               9177917               7121338         100           0       0.000      99.000     230.580        1778768095   1305      0     37          44   1305
     GPU 0  1.000  0.948  0.768  0.000  0.002  0.000  0.629  0.000               9005669               6576513         100           0       0.000      99.000     230.580        1778768095   1305      0     38          44   1305

# Entity  GRACT  SMACT  SMOCC  TENSO  DRAMA  FP64A  FP32A  FP16A                 PCITX                 PCIRX       GPUTL       MCUTL       MUSAM       GUSAM       POWER             TOTEC  SACLK  PSTAT  TMPTR       MMTMP  SMCLK
      Id                                                                                                                                                               W                mJ                    C           C       
     GPU 0  1.000  0.945  0.752  0.000  0.002  0.000  0.623  0.000               6986393               5651683         100           0       0.000      99.000     230.580        1778768095   1305      0     38          44   1305
     GPU 0  1.000  0.000  0.000  0.000  0.002  0.000  0.000  0.000               9896025               7491858         100           0       0.000      99.000     230.580        1778768095   1305      0     38          45   1305
     GPU 0  1.000  0.947  0.767  0.000  0.002  0.000  0.610  0.000              11714786               7750693         100           0       0.000      99.000     229.461        1778791567   1305      0     38          45   1305
     GPU 0  1.000  0.947  0.767  0.000  0.002  0.000  0.610  0.000              11714786               7750693         100           0       0.000      99.000     229.461        1778791567   1305      0     38          45   1305
     GPU 0  1.000  0.948  0.765  0.000  0.002  0.000  0.626  0.000              12459422               9264650         100           0       0.000      99.000     229.461        1778791567   1305      0     38          45   1305
     GPU 0  1.000  0.000  0.000  0.000  0.002  0.000  0.000  0.000              11534425               8870892         100           0       0.000      99.000     229.461        1778791567   1305      0     38          45   1305
     GPU 0  1.000  0.950  0.742  0.000  0.002  0.000  0.609  0.000              10226694               7993729         100           0       0.000      99.000     229.220        1778814484   1305      0     38          45   1305
     GPU 0  1.000  0.949  0.768  0.000  0.002  0.000  0.629  0.000               7924621               6875497         100           0       0.000      99.000     229.220        1778814484   1305      0     38          45   1305
     GPU 0  1.000  0.000  0.000  0.000  0.002  0.000  0.000  0.000               3467538               1536568         100           0       0.000      99.000     229.220        1778814484   1305      0     38          45   1305
     GPU 0  1.000  0.000  0.000  0.000  0.002  0.000  0.000  0.000               3467538               1536568         100           0       0.000      99.000     229.220        1778814484   1305      0     38          45   1305
     GPU 0  1.000  0.000  0.000  0.000  0.002  0.000  0.000  0.000               3467538               1536568         100           0       0.000      99.000     229.220        1778814484   1305      0     38          45   1305
     GPU 0  1.000  0.000  0.000  0.000  0.002  0.000  0.000  0.000               3467538               1536568         100           0       0.000      99.000     230.580        1778814484   1305      0     38          45   1305
     GPU 0  1.000  0.947  0.764  0.000  0.002  0.000  0.609  0.000               1339619               1925703         100           0       0.000      99.000     230.580        1778838994   1305      0     38          45   1305
     GPU 0  1.000  0.000  0.000  0.000  0.002  0.000  0.000  0.000               8128177               6285989         100           0       0.000      99.000     230.580        1778838994   1305      0     38          45   1305

# Entity  GRACT  SMACT  SMOCC  TENSO  DRAMA  FP64A  FP32A  FP16A                 PCITX                 PCIRX       GPUTL       MCUTL       MUSAM       GUSAM       POWER             TOTEC  SACLK  PSTAT  TMPTR       MMTMP  SMCLK
      Id                                                                                                                                                               W                mJ                    C           C       
     GPU 0  1.000  0.944  0.739  0.000  0.002  0.000  0.622  0.000               7681721               6097738         100           0       0.000      99.000     230.580        1778838994   1305      0     38          45   1305
     GPU 0  1.000  0.951  0.767  0.000  0.002  0.000  0.613  0.000               9799822               7484015         100           0       0.000      99.000     230.580        1778838994   1305      0     38          45   1305
     GPU 0  1.000  0.951  0.767  0.000  0.002  0.000  0.613  0.000               9799822               7484015         100           0       0.000      99.000     230.580        1778838994   1305      0     38          45   1305
     GPU 0  1.000  0.000  0.000  0.000  0.002  0.000  0.000  0.000              11688851               9308279         100           0       0.000      99.000     230.290        1778861319   1305      0     38          45   1305
     GPU 0  1.000  0.944  0.740  0.000  0.002  0.000  0.621  0.000               8046943               6033253         100           0       0.000      99.000     230.290        1778861319   1305      0     38          45   1305
     GPU 0  1.000  0.953  0.780  0.000  0.002  0.000  0.635  0.000               5281833               3265075         100           0       0.000      99.000     230.290        1778861319   1305      0     38          45   1305
     GPU 0  1.000  0.000  0.000  0.000  0.002  0.000  0.000  0.000               6254902               4968977         100           0       0.000      99.000     230.290        1778861319   1305      0     38          45   1305
     GPU 0  1.000  0.000  0.000  0.000  0.002  0.000  0.000  0.000               6254902               4968977         100           0       0.000      99.000     230.290        1778861319   1305      0     38          45   1305
     GPU 0  1.000  0.946  0.751  0.000  0.002  0.000  0.609  0.000               6257448               5340437         100           0       0.000      99.000     229.461        1778884398   1305      0     38          45   1305
     GPU 0  1.000  0.953  0.752  0.000  0.002  0.000  0.630  0.000              12712465               8906693         100           0       0.000      99.000     229.461        1778884398   1305      0     38          45   1305
     GPU 0  1.000  0.000  0.000  0.000  0.002  0.000  0.000  0.000               8376947               6319908         100           0       0.000      99.000     229.461        1778884398   1305      0     38          45   1305
     GPU 0  1.000  0.000  0.000  0.000  0.002  0.000  0.000  0.000               8376947               6319908         100           0       0.000      99.000     229.461        1778884398   1305      0     38          45   1305
     GPU 0  1.000  0.940  0.748  0.000  0.002  0.000  0.619  0.000               9622862               7632668         100           0       0.000      99.000     228.930        1778907576   1305      0     38          45   1305
     GPU 0  1.000  0.956  0.768  0.000  0.002  0.000  0.635  0.000               7983828               6619898         100           0       0.000      99.000     228.930        1778907576   1305      0     38          45   1305

# Entity  GRACT  SMACT  SMOCC  TENSO  DRAMA  FP64A  FP32A  FP16A                 PCITX                 PCIRX       GPUTL       MCUTL       MUSAM       GUSAM       POWER             TOTEC  SACLK  PSTAT  TMPTR       MMTMP  SMCLK
      Id                                                                                                                                                               W                mJ                    C           C       
     GPU 0  1.000  0.000  0.000  0.000  0.002  0.000  0.000  0.000               2668313               1566145         100           0       0.000      99.000     228.930        1778907576   1305      0     39          45   1305
     GPU 0  1.000  0.943  0.741  0.000  0.001  0.000  0.623  0.000               3417585               1367149         100           0       0.000      99.000     228.930        1778907576   1305      0     39          45   1305
     GPU 0  1.000  0.944  0.773  0.000  0.002  0.000  0.628  0.000               4905926               3292022         100           0       0.000      99.000     228.930        1778907576   1305      0     39          45   1305
     GPU 0  1.000  0.944  0.773  0.000  0.002  0.000  0.628  0.000               4905926               3292022         100           0       0.000      99.000     228.930        1778907576   1305      0     39          45   1305
     GPU 0  1.000  0.000  0.000  0.000  0.002  0.000  0.000  0.000               6993424               5321846         100           0       0.000      99.000     231.650        1778930959   1305      0     39          45   1305
     GPU 0  1.000  0.934  0.744  0.000  0.002  0.000  0.601  0.000              10413624               6647034         100           0       0.000      99.000     231.650        1778930959   1305      0     39          45   1305
     GPU 0  1.000  0.945  0.759  0.000  0.002  0.000  0.613  0.000               6967277               5058574         100           0       0.000      99.000     231.650        1778930959   1305      0     39          45   1305
     GPU 0  1.000  0.945  0.759  0.000  0.002  0.000  0.613  0.000               6967277               5058574         100           0       0.000      99.000     231.650        1778930959   1305      0     39          45   1305
     GPU 0  1.000  0.000  0.000  0.000  0.002  0.000  0.000  0.000              10604862               8231550         100           0       0.000      99.000     232.478        1778954402   1305      0     39          45   1305
     GPU 0  1.000  0.937  0.761  0.000  0.002  0.000  0.622  0.000              11516943               8282559         100           0       0.000      99.000     232.478        1778954402   1305      0     39          45   1305
     GPU 0  1.000  0.939  0.746  0.000  0.002  0.000  0.604  0.000              10768756               8274576         100           0       0.000      99.000     232.478        1778954402   1305      0     39          45   1305
     GPU 0  1.000  0.000  0.000  0.000  0.002  0.000  0.000  0.000               5495728               5253847         100           0       0.000      99.000     232.478        1778954402   1305      0     39          45   1305
     GPU 0  1.000  0.937  0.732  0.000  0.001  0.000  0.618  0.000               3658782               1835518         100           0       0.000      99.000     232.478        1778954402   1305      0     39          45   1305
     GPU 0  1.000  0.875  0.669  0.000  0.002  0.000  0.563  0.000               3418658               2148560         100           0       0.000      99.000     232.478        1778954402   1305      0     39          45   1305

# Entity  GRACT  SMACT  SMOCC  TENSO  DRAMA  FP64A  FP32A  FP16A                 PCITX                 PCIRX       GPUTL       MCUTL       MUSAM       GUSAM       POWER             TOTEC  SACLK  PSTAT  TMPTR       MMTMP  SMCLK
      Id                                                                                                                                                               W                mJ                    C           C       
     GPU 0  1.000  0.875  0.669  0.000  0.002  0.000  0.563  0.000               3418658               2148560         100           0       0.000      99.000     231.892        1778977897   1305      0     39          45   1305
     GPU 0  1.000  0.000  0.000  0.000  0.001  0.000  0.000  0.000               6665379               3486587         100           0       0.000      99.000     231.892        1778977897   1305      0     39          45   1305
     GPU 0  1.000  0.939  0.746  0.000  0.002  0.000  0.614  0.000               9820499               6581758         100           0       0.000      99.000     231.892        1778977897   1305      0     39          45   1305
     GPU 0  1.000  0.935  0.743  0.000  0.001  0.000  0.617  0.000               7320271               5441395         100           0       0.000      99.000     231.892        1778977897   1305      0     39          45   1305
     GPU 0  1.000  0.935  0.743  0.000  0.001  0.000  0.617  0.000               7320271               5441395         100           0       0.000      99.000     231.892        1779001675   1305      0     39          45   1305
     GPU 0  1.000  0.000  0.000  0.000  0.002  0.000  0.000  0.000               9721385               7448021         100           0       0.000      99.000     230.821        1779001675   1305      0     39          45   1305
     GPU 0  1.000  0.932  0.728  0.000  0.002  0.000  0.614  0.000               3776674               2148909         100           0       0.000      99.000     230.821        1779001675   1305      0     39          45   1305
     GPU 0  1.000  0.951  0.770  0.000  0.002  0.000  0.613  0.000               9337318               6740584         100           0       0.000      99.000     230.821        1779001675   1305      0     39          45   1305
     GPU 0  1.000  0.000  0.000  0.000  0.002  0.000  0.000  0.000               6977833               5716927         100           0       0.000      99.000     230.821        1779001675   1305      0     39          45   1305
     GPU 0  1.000  0.000  0.000  0.000  0.002  0.000  0.000  0.000               6977833               5716927         100           0       0.000      99.000     230.821        1779001675   1305      0     39          45   1305
     GPU 0  1.000  0.946  0.751  0.000  0.002  0.000  0.625  0.000               5200456               3145715         100           0       0.000      99.000     230.821        1779024665   1305      0     39          45   1305
     GPU 0  1.000  0.954  0.732  0.000  0.002  0.000  0.631  0.000               7494710               4718346         100           0       0.000      99.000     230.821        1779024665   1305      0     39          45   1305
     GPU 0  1.000  0.000  0.000  0.000  0.002  0.000  0.000  0.000               8301138               6246450         100           0       0.000      99.000     230.821        1779024665   1305      0     39          45   1305
     GPU 0  1.000  0.000  0.000  0.000  0.002  0.000  0.000  0.000               8301138               6246450         100           0       0.000      99.000     230.821        1779024665   1305      0     39          45   1305

# Entity  GRACT  SMACT  SMOCC  TENSO  DRAMA  FP64A  FP32A  FP16A                 PCITX                 PCIRX       GPUTL       MCUTL       MUSAM       GUSAM       POWER             TOTEC  SACLK  PSTAT  TMPTR       MMTMP  SMCLK
      Id                                                                                                                                                               W                mJ                    C           C       
     GPU 0  1.000  0.950  0.773  0.000  0.002  0.000  0.630  0.000               3643362               3559380         100           0       0.000      99.000     230.048        1779047931   1305      0     39          45   1305
     GPU 0  1.000  0.943  0.747  0.000  0.002  0.000  0.602  0.000               9184149               7619679         100           0       0.000      99.000     230.048        1779047931   1305      0     39          45   1305
     GPU 0  1.000  0.000  0.000  0.000  0.001  0.000  0.000  0.000               5727739               5042852         100           0       0.000      99.000     230.048        1779047931   1305      0     39          45   1305
     GPU 0  1.000  0.950  0.746  0.000  0.001  0.000  0.628  0.000               3381340               1326902         100           0       0.000      99.000     230.048        1779047931   1305      0     39          45   1305
     GPU 0  1.000  0.950  0.746  0.000  0.001  0.000  0.628  0.000               3381340               1326902         100           0       0.000      99.000     230.048        1779047931   1305      0     39          45   1305
     GPU 0  1.000  0.937  0.773  0.000  0.001  0.000  0.621  0.000               5994831               3669303         100           0       0.000      99.000     230.048        1779047931   1305      0     39          45   1305
     GPU 0  1.000  0.000  0.000  0.000  0.002  0.000  0.000  0.000               8258466               5163843         100           0       0.000      99.000     228.150        1779071195   1305      0     39          45   1305
     GPU 0  1.000  0.950  0.758  0.000  0.002  0.000  0.617  0.000              10065541               5886097         100           0       0.000      99.000     228.150        1779071195   1305      0     39          45   1305
     GPU 0  1.000  0.940  0.735  0.000  0.002  0.000  0.619  0.000               8600532               6381837         100           0       0.000      99.000     228.150        1779071195   1305      0     39          46   1305
     GPU 0  1.000  0.940  0.735  0.000  0.002  0.000  0.619  0.000               8600532               6381837         100           0       0.000      99.000     228.150        1779071195   1305      0     39          46   1305
     GPU 0  1.000  0.000  0.000  0.000  0.002  0.000  0.000  0.000               3557637               3599313         100           0       0.000      99.000     230.290        1779094406   1305      0     39          45   1305
     GPU 0  1.000  0.952  0.762  0.000  0.002  0.000  0.632  0.000               4860265               4941727         100           0       0.000      99.000     230.290        1779094406   1305      0     39          45   1305
     GPU 0  1.000  0.958  0.792  0.000  0.001  0.000  0.637  0.000               4499475               1577382         100           0       0.000      99.000     230.290        1779094406   1305      0     39          45   1305
     GPU 0  1.000  0.000  0.000  0.000  0.001  0.000  0.000  0.000               3422916               1749627         100           0       0.000      99.000     230.290        1779094406   1305      0     39          46   1305

# Entity  GRACT  SMACT  SMOCC  TENSO  DRAMA  FP64A  FP32A  FP16A                 PCITX                 PCIRX       GPUTL       MCUTL       MUSAM       GUSAM       POWER             TOTEC  SACLK  PSTAT  TMPTR       MMTMP  SMCLK
      Id                                                                                                                                                               W                mJ                    C           C       
     GPU 0  1.000  0.946  0.749  0.000  0.002  0.000  0.624  0.000               5882428               3121601         100           0       0.000      99.000     230.290        1779094406   1305      0     39          45   1305
     GPU 0  1.000  0.946  0.749  0.000  0.002  0.000  0.624  0.000               5882428               3121601         100           0       0.000      99.000     230.290        1779094406   1305      0     39          45   1305
     GPU 0  1.000  0.954  0.774  0.000  0.001  0.000  0.635  0.000               6739128               4485671         100           0       0.000      99.000     230.290        1779117697   1305      0     39          45   1305
     GPU 0  1.000  0.000  0.000  0.000  0.002  0.000  0.000  0.000              11983172               6274631         100           0       0.000      99.000     230.290        1779117697   1305      0     39          45   1305
     GPU 0  1.000  0.000  0.000  0.000  0.002  0.000  0.000  0.000              11983172               6274631         100           0       0.000      99.000     230.290        1779117697   1305      0     39          46   1305
     GPU 0  1.000  0.953  0.768  0.000  0.002  0.000  0.615  0.000               3854039               3979642         100           0       0.000      99.000     230.290        1779117697   1305      0     39          45   1305
     GPU 0  1.000  0.955  0.769  0.000  0.002  0.000  0.634  0.000              10864253               8171068         100           0       0.000      99.000     231.111        1779140936   1305      0     39          45   1305
     GPU 0  1.000  0.000  0.000  0.000  0.002  0.000  0.000  0.000               3056310               3178991         100           0       0.000      99.000     231.111        1779140936   1305      0     39          46   1305
     GPU 0  1.000  0.942  0.743  0.000  0.002  0.000  0.620  0.000               3759004               2235041         100           0       0.000      99.000     231.111        1779140936   1305      0     39          46   1305
     GPU 0  1.000  0.934  0.767  0.000  0.002  0.000  0.609  0.000               3658953               1877575         100           0       0.000      99.000     231.111        1779140936   1305      0     40          46   1305
     GPU 0  1.000  0.000  0.000  0.000  0.002  0.000  0.000  0.000               4851228               3018436         100           0       0.000      99.000     231.111        1779140936   1305      0     40          46   1305
     GPU 0  1.000  0.000  0.000  0.000  0.002  0.000  0.000  0.000               4851228               3018436         100           0       0.000      99.000     231.111        1779140936   1305      0     40          46   1305
     GPU 0  1.000  0.947  0.756  0.000  0.002  0.000  0.627  0.000               6870804               4612771         100           0       0.000      99.000     230.580        1779164187   1305      0     40          46   1305
     GPU 0  1.000  0.953  0.766  0.000  0.002  0.000  0.634  0.000               9997385               5865426         100           0       0.000      99.000     230.580        1779164187   1305      0     40          46   1305

# Entity  GRACT  SMACT  SMOCC  TENSO  DRAMA  FP64A  FP32A  FP16A                 PCITX                 PCIRX       GPUTL       MCUTL       MUSAM       GUSAM       POWER             TOTEC  SACLK  PSTAT  TMPTR       MMTMP  SMCLK
      Id                                                                                                                                                               W                mJ                    C           C       
     GPU 0  1.000  0.000  0.000  0.000  0.002  0.000  0.000  0.000               6731261               5382058         100           0       0.000      99.000     230.580        1779164187   1305      0     40          46   1305
     GPU 0  1.000  0.000  0.000  0.000  0.002  0.000  0.000  0.000               6731261               5382058         100           0       0.000      99.000     230.580        1779164187   1305      0     40          46   1305
     GPU 0  1.000  0.953  0.767  0.000  0.002  0.000  0.618  0.000               8135644               6877110         100           0       0.000      99.000     230.048        1779164187   1305      0     40          46   1305
     GPU 0  1.000  0.908  0.648  0.000  0.002  0.000  0.580  0.000               3589155               1409675         100           0       0.000      99.000     230.048        1779187714   1305      0     40          46   1305
     GPU 0  1.000  0.000  0.000  0.000  0.002  0.000  0.000  0.000               4116407               2276176         100           0       0.000      99.000     230.048        1779187714   1305      0     40          46   1305
     GPU 0  1.000  0.953  0.750  0.000  0.002  0.000  0.628  0.000               5005956               3530987         100           0       0.000      99.000     230.048        1779187714   1305      0     40          46   1305
     GPU 0  1.000  0.953  0.774  0.000  0.002  0.000  0.612  0.000               7546728               5416703         100           0       0.000      99.000     230.048        1779187714   1305      0     40          46   1305
     GPU 0  1.000  0.953  0.774  0.000  0.002  0.000  0.612  0.000               7546728               5416703         100           0       0.000      99.000     230.048        1779187714   1305      0     40          46   1305
     GPU 0  0.739  0.000  0.000  0.000  0.002  0.000  0.000  0.000             646244769               7078290         100           0       0.000      99.000     230.290        1779210735   1305      0     39          46   1305
     GPU 0  0.000  0.000  0.000  0.000  0.000  0.000  0.000  0.000               9859638               5630007         100           0       0.000      99.000     230.290        1779210735   1305      0     38          46   1305
     GPU 0  0.000  0.000  0.000  0.000  0.000  0.000  0.000  0.000              11267554               5998506         100           0       0.000      99.000     230.290        1779210735   1305      0     37          46   1305
     GPU 0  0.000  0.000  0.000  0.000  0.000  0.000  0.000  0.000              13112036               7759910         100           0       0.000      99.000     230.290        1779210735   1305      0     35          46   1305
     GPU 0  0.000  0.000  0.000  0.000  0.000  0.000  0.000  0.000              13112036               7759910         100           0       0.000      99.000     230.290        1779210735   1305      0     35          45   1305
     GPU 0  0.000  0.000  0.000  0.000  0.000  0.000  0.000  0.000               8346534               4598888         100           0       0.000      99.000      98.991        1779222187   1305      0     35          46   1305

# Entity  GRACT  SMACT  SMOCC  TENSO  DRAMA  FP64A  FP32A  FP16A                 PCITX                 PCIRX       GPUTL       MCUTL       MUSAM       GUSAM       POWER             TOTEC  SACLK  PSTAT  TMPTR       MMTMP  SMCLK
      Id                                                                                                                                                               W                mJ                    C           C       
     GPU 0  0.000  0.000  0.000  0.000  0.000  0.000  0.000  0.000              10553451               6805910          35           0       0.000      35.000      98.991        1779222187   1305      0     34          46   1305
     GPU 0  0.000  0.000  0.000  0.000  0.000  0.000  0.000  0.000              10974162               7049247          35           0       0.000      35.000      98.991        1779222187   1305      0     34          46   1305
     GPU 0  0.000  0.000  0.000  0.000  0.000  0.000  0.000  0.000              10986363               6986182          35           0       0.000      35.000      98.991        1779222187   1305      0     34          46   1305
     GPU 0  0.000  0.000  0.000  0.000  0.000  0.000  0.000  0.000              10569126               6863418          35           0       0.000      35.000      98.991        1779222187   1305      0     33          45   1305
     GPU 0  0.000  0.000  0.000  0.000  0.000  0.000  0.000  0.000              10271326               6805032          35           0       0.000      35.000      98.991        1779232074   1305      0     33          45   1305
     GPU 0  0.000  0.000  0.000  0.000  0.000  0.000  0.000  0.000              10758878               7002460          35           0       0.000      35.000      98.991        1779232074   1305      0     33          45   1305
     GPU 0  0.000  0.000  0.000  0.000  0.000  0.000  0.000  0.000              11420540               7154307          35           0       0.000      35.000      98.991        1779232074   1305      0     33          45   1305
     GPU 0  0.000  0.000  0.000  0.000  0.000  0.000  0.000  0.000               6408735               4911713          35           0       0.000      35.000      98.991        1779232074   1305      0     33          45   1305
     GPU 0  0.000  0.000  0.000  0.000  0.000  0.000  0.000  0.000               6408735               4911713          35           0       0.000      35.000      98.991        1779232074   1305      0     33          45   1305
     GPU 0  0.000  0.000  0.000  0.000  0.000  0.000  0.000  0.000               3295701                274641          35           0       0.000      35.000      98.700        1779242077   1305      0     32          45   1305
     GPU 0  0.000  0.000  0.000  0.000  0.000  0.000  0.000  0.000              10176777               3855798           0           0       0.000      35.000      98.700        1779242077   1305      0     32          45   1305
     GPU 0  0.000  0.000  0.000  0.000  0.000  0.000  0.000  0.000               8798483               4819246           0           0       0.000       0.000      98.700        1779242077   1305      0     32          45   1305
     GPU 0  0.000  0.000  0.000  0.000  0.000  0.000  0.000  0.000               4978798               2199135           0           0       0.000       0.000      98.700        1779242077   1305      0     32          45   1305
     GPU 0  0.000  0.000  0.000  0.000  0.000  0.000  0.000  0.000               6381847               3792176           0           0       0.000       0.000      98.700        1779242077   1305      0     32          45   1305

# Entity  GRACT  SMACT  SMOCC  TENSO  DRAMA  FP64A  FP32A  FP16A                 PCITX                 PCIRX       GPUTL       MCUTL       MUSAM       GUSAM       POWER             TOTEC  SACLK  PSTAT  TMPTR       MMTMP  SMCLK
      Id                                                                                                                                                               W                mJ                    C           C       
     GPU 0  0.000  0.000  0.000  0.000  0.000  0.000  0.000  0.000               6381847               3792176           0           0       0.000       0.000      98.700        1779252020   1305      0     32          45   1305
     GPU 0  0.000  0.000  0.000  0.000  0.000  0.000  0.000  0.000               7340900               4665526           0           0       0.000       0.000      98.700        1779252020   1305      0     32          45   1305
     GPU 0  0.000  0.000  0.000  0.000  0.000  0.000  0.000  0.000               8455573               5399409           0           0       0.000       0.000      98.700        1779252020   1305      0     32          45   1305
     GPU 0  0.000  0.000  0.000  0.000  0.000  0.000  0.000  0.000              10189616               6229865           0           0       0.000       0.000      98.700        1779252020   1305      0     32          45   1305
     GPU 0  0.000  0.000  0.000  0.000  0.000  0.000  0.000  0.000              10189616               6229865           0           0       0.000       0.000      98.458        1779252020   1305      0     32          45   1305
     GPU 0  0.000  0.000  0.000  0.000  0.000  0.000  0.000  0.000               9819869               6245787           0           0       0.000       0.000      98.458        1779262067   1305      0     32          45   1305
     GPU 0  0.000  0.000  0.000  0.000  0.000  0.000  0.000  0.000              10038142               6482007           0           0       0.000       0.000      98.458        1779262067   1305      0     31          45   1305
     GPU 0  0.000  0.000  0.000  0.000  0.000  0.000  0.000  0.000              10038142               6482007           0           0       0.000       0.000      98.458        1779262067   1305      0     31          45   1305
     GPU 0  0.000  0.000  0.000  0.000  0.000  0.000  0.000  0.000               9108607               5878084           0           0       0.000       0.000      98.458        1779262067   1305      0     31          45   1305
     GPU 0  0.000  0.000  0.000  0.000  0.000  0.000  0.000  0.000               9108607               5878084           0           0       0.000       0.000      98.458        1779262067   1305      0     31          45   1305
     GPU 0  0.000  0.000  0.000  0.000  0.000  0.000  0.000  0.000               9108607               5878084           0           0       0.000       0.000      98.458        1779271959   1305      0     31          45   1305
     GPU 0  0.000  0.000  0.000  0.000  0.000  0.000  0.000  0.000               4150949              13366056           0           0       0.000       0.000      98.700        1779271959   1305      0     31          45   1305
     GPU 0  0.000  0.000  0.000  0.000  0.000  0.000  0.000  0.000               4150949              13366056           0           0       0.000       0.000      98.700        1779271959   1305      0     31          45   1305
     GPU 0  0.000  0.000  0.000  0.000  0.000  0.000  0.000  0.000               6176118               7981307           0           0       0.000       0.000      98.700        1779271959   1305      0     31          45   1305

# Entity  GRACT  SMACT  SMOCC  TENSO  DRAMA  FP64A  FP32A  FP16A                 PCITX                 PCIRX       GPUTL       MCUTL       MUSAM       GUSAM       POWER             TOTEC  SACLK  PSTAT  TMPTR       MMTMP  SMCLK
      Id                                                                                                                                                               W                mJ                    C           C       
     GPU 0  0.000  0.000  0.000  0.000  0.000  0.000  0.000  0.000               6176118               7981307           0           0       0.000       0.000      98.700        1779271959   1305      0     31          45   1305
     GPU 0  0.000  0.000  0.000  0.000  0.000  0.000  0.000  0.000               8665024               7540555           0           0       0.000       0.000      98.458        1779281938   1305      0     31          45   1305
     GPU 0  0.000  0.000  0.000  0.000  0.000  0.000  0.000  0.000               8983854               7196593           0           0       0.000       0.000      98.458        1779281938   1305      0     31          45   1305
     GPU 0  0.000  0.000  0.000  0.000  0.000  0.000  0.000  0.000               8983854               7196593           6           0       0.000       0.000      98.458        1779281938   1305      0     31          45   1305
     GPU 0  0.000  0.000  0.000  0.000  0.000  0.000  0.000  0.000               8983854               7196593           6           0       0.000       0.000      98.458        1779281938   1305      0     31          45   1305
     GPU 0  0.000  0.000  0.000  0.000  0.000  0.000  0.000  0.000               8983854               7196593           6           0       0.000       0.000      98.458        1779281938   1305      0     31          45   1305
     GPU 0  0.000  0.000  0.000  0.000  0.000  0.000  0.000  0.000              21290839              11433969           6           0       0.000       0.000      98.458        1779292446   1305      0     31          45   1305
     GPU 0  0.000  0.000  0.000  0.000  0.000  0.000  0.000  0.000              10944086               7628957           6           0       0.000       0.000      98.458        1779292446   1305      0     31          45   1305
     GPU 0  0.000  0.000  0.000  0.000  0.000  0.000  0.000  0.000              11207910               6793148           6           0       0.000       0.000      98.458        1779292446   1305      0     31          45   1305
     GPU 0  0.000  0.000  0.000  0.000  0.000  0.000  0.000  0.000              11207910               6793148           6           0       0.000       0.000      98.458        1779292446   1305      0     31          45   1305
     GPU 0  0.000  0.000  0.000  0.000  0.000  0.000  0.000  0.000              10900180               6992344           6           0       0.000       0.000      98.700        1779292446   1305      0     31          45   1305
     GPU 0  0.000  0.000  0.000  0.000  0.000  0.000  0.000  0.000               8544468               5053851           6           0       0.000       0.000      98.700        1779301984   1305      0     31          45   1305
     GPU 0  0.000  0.000  0.000  0.000  0.000  0.000  0.000  0.000               2128945                 83752           6           0       0.000       0.000      98.700        1779301984   1305      0     31          45   1305
     GPU 0  0.000  0.000  0.000  0.000  0.000  0.000  0.000  0.000               1923011                163416           0           0       0.000       0.000      98.700        1779301984   1305      0     31          45   1305

# Entity  GRACT  SMACT  SMOCC  TENSO  DRAMA  FP64A  FP32A  FP16A                 PCITX                 PCIRX       GPUTL       MCUTL       MUSAM       GUSAM       POWER             TOTEC  SACLK  PSTAT  TMPTR       MMTMP  SMCLK
      Id                                                                                                                                                               W                mJ                    C           C       
     GPU 0  0.000  0.000  0.000  0.000  0.000  0.000  0.000  0.000               1654253                 83378           0           0       0.000       0.000      98.700        1779301984   1305      0     31          45   1305
     GPU 0  0.000  0.000  0.000  0.000  0.000  0.000  0.000  0.000               1654253                 83378           0           0       0.000       0.000      98.700        1779301984   1305      0     31          45   1305
     GPU 0  0.000  0.000  0.000  0.000  0.000  0.000  0.000  0.000               4912578               2394252           0           0       0.000       0.000      99.240        1779312004   1305      0     31          45   1305
     GPU 0  0.000  0.000  0.000  0.000  0.000  0.000  0.000  0.000               7400917               4134368           0           0       0.000       0.000      99.240        1779312004   1305      0     31          45   1305
     GPU 0  0.000  0.000  0.000  0.000  0.000  0.000  0.000  0.000               9164703               5439799           0           0       0.000       0.000      99.240        1779312004   1305      0     30          45   1305
     GPU 0  0.000  0.000  0.000  0.000  0.000  0.000  0.000  0.000              11321342               6910076           0           0       0.000       0.000      99.240        1779312004   1305      0     30          45   1305
     GPU 0  0.000  0.000  0.000  0.000  0.000  0.000  0.000  0.000              11321342               6910076           0           0       0.000       0.000      99.240        1779312004   1305      0     30          45   1305
     GPU 0  0.000  0.000  0.000  0.000  0.000  0.000  0.000  0.000               6949992               4583960           0           0       0.000       0.000      99.240        1779322069   1305      0     30          45   1305
     GPU 0  0.000  0.000  0.000  0.000  0.000  0.000  0.000  0.000               6055905               4721599           0           0       0.000       0.000      99.240        1779322069   1305      0     30          45   1305
     GPU 0  0.000  0.000  0.000  0.000  0.000  0.000  0.000  0.000               2605155               1153212           0           0       0.000       0.000      99.240        1779322069   1305      0     30          45   1305
     GPU 0  0.000  0.000  0.000  0.000  0.000  0.000  0.000  0.000               2044516                163394           0           0       0.000       0.000      99.240        1779322069   1305      0     30          45   1305
     GPU 0  0.000  0.000  0.000  0.000  0.000  0.000  0.000  0.000               4513695               1991950           0           0       0.000       0.000      99.240        1779322069   1305      0     30          45   1305
     GPU 0  0.000  0.000  0.000  0.000  0.000  0.000  0.000  0.000               4513695               1991950           0           0       0.000       0.000      99.240        1779332059   1305      0     30          45   1305
     GPU 0  0.000  0.000  0.000  0.000  0.000  0.000  0.000  0.000               7223733               4083786           0           0       0.000       0.000      99.240        1779332059   1305      0     30          45   1305

# Entity  GRACT  SMACT  SMOCC  TENSO  DRAMA  FP64A  FP32A  FP16A                 PCITX                 PCIRX       GPUTL       MCUTL       MUSAM       GUSAM       POWER             TOTEC  SACLK  PSTAT  TMPTR       MMTMP  SMCLK
      Id                                                                                                                                                               W                mJ                    C           C       
     GPU 0  0.000  0.000  0.000  0.000  0.000  0.000  0.000  0.000               9610294               6029826           0           0       0.000       0.000      99.240        1779332059   1305      0     30          45   1305
     GPU 0  0.000  0.000  0.000  0.000  0.000  0.000  0.000  0.000               9004655               5904955           0           0       0.000       0.000      99.240        1779332059   1305      0     30          45   1305
     GPU 0  0.000  0.000  0.000  0.000  0.000  0.000  0.000  0.000               9004655               5904955           0           0       0.000       0.000      99.240        1779332059   1305      0     30          45   1305
     GPU 0  0.000  0.000  0.000  0.000  0.000  0.000  0.000  0.000               8422670               4832468           0           0       0.000       0.000      99.240        1779342177   1305      0     30          45   1305
     GPU 0  0.000  0.000  0.000  0.000  0.000  0.000  0.000  0.000               1005009                 83750           0           0       0.000       0.000      99.240        1779342177   1305      0     30          45   1305
     GPU 0  0.000  0.000  0.000  0.000  0.000  0.000  0.000  0.000              11868214               7107773           0           0       0.000       0.000      99.240        1779342177   1305      0     30          45   1305
     GPU 0  0.000  0.000  0.000  0.000  0.000  0.000  0.000  0.000              10426006               6747672           0           0       0.000       0.000      99.240        1779342177   1305      0     30          45   1305
     GPU 0  0.000  0.000  0.000  0.000  0.000  0.000  0.000  0.000              10193071               6676468           0           0       0.000       0.000      99.240        1779342177   1305      0     30          45   1305
     GPU 0  0.000  0.000  0.000  0.000  0.000  0.000  0.000  0.000               7631004               5242502           0           0       0.000       0.000      99.240        1779352118   1305      0     30          45   1305
     GPU 0  0.000  0.000  0.000  0.000  0.000  0.000  0.000  0.000               3795768               1770879           0           0       0.000       0.000      99.240        1779352118   1305      0     30          45   1305
     GPU 0  0.000  0.000  0.000  0.000  0.000  0.000  0.000  0.000               3795768               1770879           0           0       0.000       0.000      99.240        1779352118   1305      0     30          45   1305
     GPU 0  0.000  0.000  0.000  0.000  0.000  0.000  0.000  0.000               3304031                275335           0           0       0.000       0.000      99.240        1779352118   1305      0     30          45   1305
     GPU 0  0.000  0.000  0.000  0.000  0.000  0.000  0.000  0.000               4414241               1784965           0           0       0.000       0.000      99.240        1779352118   1305      0     30          45   1305
     GPU 0  0.000  0.000  0.000  0.000  0.000  0.000  0.000  0.000               7682590               4069120           0           0       0.000       0.000      99.240        1779362179   1305      0     30          45   1305

# Entity  GRACT  SMACT  SMOCC  TENSO  DRAMA  FP64A  FP32A  FP16A                 PCITX                 PCIRX       GPUTL       MCUTL       MUSAM       GUSAM       POWER             TOTEC  SACLK  PSTAT  TMPTR       MMTMP  SMCLK
      Id                                                                                                                                                               W                mJ                    C           C       
     GPU 0  0.000  0.000  0.000  0.000  0.000  0.000  0.000  0.000              11995562               6205297           0           0       0.000       0.000      99.240        1779362179   1305      0     30          45   1305
     GPU 0  0.000  0.000  0.000  0.000  0.000  0.000  0.000  0.000              10719573               6552515           0           0       0.000       0.000      99.240        1779362179   1305      0     30          45   1305
     GPU 0  0.000  0.000  0.000  0.000  0.000  0.000  0.000  0.000              10719573               6552515           0           0       0.000       0.000      99.240        1779362179   1305      0     30          45   1305
     GPU 0  0.000  0.000  0.000  0.000  0.000  0.000  0.000  0.000               9974749               6573861           0           0       0.000       0.000      99.240        1779362179   1305      0     30          45   1305
     GPU 0  0.000  0.000  0.000  0.000  0.000  0.000  0.000  0.000              10975512               7119440           0           0       0.000       0.000      99.240        1779372154   1305      0     30          45   1305
     GPU 0  0.000  0.000  0.000  0.000  0.000  0.000  0.000  0.000              10604308               7037768           0           0       0.000       0.000      99.240        1779372154   1305      0     30          45   1305
     GPU 0  0.000  0.000  0.000  0.000  0.000  0.000  0.000  0.000               9947467               6590911           0           0       0.000       0.000      99.240        1779372154   1305      0     30          45   1305
     GPU 0  0.000  0.000  0.000  0.000  0.000  0.000  0.000  0.000               9730742               6454179           0           0       0.000       0.000      99.240        1779372154   1305      0     30          45   1305
     GPU 0  0.000  0.000  0.000  0.000  0.000  0.000  0.000  0.000              10403997               6731003           0           0       0.000       0.000      99.240        1779372154   1305      0     30          45   1305
     GPU 0  0.000  0.000  0.000  0.000  0.000  0.000  0.000  0.000              10403997               6731003           0           0       0.000       0.000      99.240        1779382206   1305      0     30          45   1305
     GPU 0  0.000  0.000  0.000  0.000  0.000  0.000  0.000  0.000               8044296               4697950           0           0       0.000       0.000      99.240        1779382206   1305      0     30          45   1305
     GPU 0  0.000  0.000  0.000  0.000  0.000  0.000  0.000  0.000               1004651                     0           0           0       0.000       0.000      99.240        1779382206   1305      0     30          45   1305
     GPU 0  0.000  0.000  0.000  0.000  0.000  0.000  0.000  0.000               9549971               5906373           0           0       0.000       0.000      99.240        1779382206   1305      0     30          45   1305
     GPU 0  0.000  0.000  0.000  0.000  0.000  0.000  0.000  0.000               4009389               2680913           0           0       0.000       0.000      99.240        1779382206   1305      0     30          45   1305

# Entity  GRACT  SMACT  SMOCC  TENSO  DRAMA  FP64A  FP32A  FP16A                 PCITX                 PCIRX       GPUTL       MCUTL       MUSAM       GUSAM       POWER             TOTEC  SACLK  PSTAT  TMPTR       MMTMP  SMCLK
      Id                                                                                                                                                               W                mJ                    C           C       
     GPU 0  0.000  0.000  0.000  0.000  0.000  0.000  0.000  0.000               4009389               2680913           0           0       0.000       0.000      99.240        1779392273   1305      0     30          45   1305
     GPU 0  0.000  0.000  0.000  0.000  0.000  0.000  0.000  0.000               2203753                121486           0           0       0.000       0.000      99.240        1779392273   1305      0     30          45   1305
     GPU 0  0.000  0.000  0.000  0.000  0.000  0.000  0.000  0.000               1921568                163615           0           0       0.000       0.000      99.240        1779392273   1305      0     30          45   1305
     GPU 0  0.000  0.000  0.000  0.000  0.000  0.000  0.000  0.000               4752242               2131661           0           0       0.000       0.000      99.240        1779392273   1305      0     30          45   1305
     GPU 0  0.000  0.000  0.000  0.000  0.000  0.000  0.000  0.000               8643614               5030718           0           0       0.000       0.000      99.240        1779392273   1305      0     30          45   1305
     GPU 0  0.000  0.000  0.000  0.000  0.000  0.000  0.000  0.000               8643614               5030718           0           0       0.000       0.000      99.240        1779402348   1305      0     30          45   1305
     GPU 0  0.000  0.000  0.000  0.000  0.000  0.000  0.000  0.000               8402844               5603524           0           0       0.000       0.000      99.240        1779402348   1305      0     30          45   1305
     GPU 0  0.000  0.000  0.000  0.000  0.000  0.000  0.000  0.000               3147372                 41859           0           0       0.000       0.000      99.240        1779402348   1305      0     30          45   1305
     GPU 0  0.000  0.000  0.000  0.000  0.000  0.000  0.000  0.000               2046507                121721           0           0       0.000       0.000      99.240        1779402348   1305      0     30          45   1305
