# Entity  GRACT  SMACT  SMOCC  TENSO  DRAMA  FP64A  FP32A  FP16A                 PCITX                 PCIRX       GPUTL       MCUTL       MUSAM       GUSAM       POWER             TOTEC  SACLK  PSTAT  TMPTR       MMTMP  SMCLK
      Id                                                                                                                                                               W                mJ                    C           C       
     GPU 0  0.000  0.000  0.000  0.000  0.000  0.000  0.000  0.000             117333333              10666666           0           0       0.000       0.000      76.729        6239238584    975      0     26          43    210
     GPU 0  0.000  0.000  0.000  0.000  0.000  0.000  0.000  0.000               9068248               4846895           0           0       0.000       0.000      76.729        6239238584    975      0     26          43    210
     GPU 0  0.000  0.000  0.000  0.000  0.000  0.000  0.000  0.000               9068248               4846895           0           0       0.000       0.000      76.729        6239238584    975      0     26          43    210
     GPU 0  0.000  0.000  0.000  0.000  0.000  0.000  0.000  0.000               9549928               6371081           0           0       0.000       0.000      76.729        6239238584    975      0     26          43    210
     GPU 0  0.000  0.000  0.000  0.000  0.000  0.000  0.000  0.000               4839721               2816057           0           0       0.000       0.000      78.383        6239246463    975      0     26          43    210
     GPU 0  0.000  0.000  0.000  0.000  0.000  0.000  0.000  0.000               9276960               5317926           0           0       0.000       0.000      78.383        6239246463    975      0     26          43    210
     GPU 0  0.000  0.000  0.000  0.000  0.000  0.000  0.000  0.000               9276960               5317926           0           0       0.000       0.000      78.383        6239246463    975      0     26          43    210
     GPU 0  0.000  0.000  0.000  0.000  0.000  0.000  0.000  0.000               9098378               5384011           0           0       0.000       0.000      78.383        6239246463    975      0     26          43    210
     GPU 0  0.000  0.000  0.000  0.000  0.000  0.000  0.000  0.000               3018507                274409           0           0       0.000       0.000      78.383        6239246463    975      0     26          43    210
     GPU 0  0.000  0.000  0.000  0.000  0.000  0.000  0.000  0.000               1172535                 83752           0           0       0.000       0.000      78.383        6239254342    975      0     26          43    210
     GPU 0  0.000  0.000  0.000  0.000  0.000  0.000  0.000  0.000               3139274                273969           0           0       0.000       0.000      78.383        6239254342    975      0     26          43    210
     GPU 0  0.000  0.000  0.000  0.000  0.000  0.000  0.000  0.000               3153754                275270           0           0       0.000       0.000      78.383        6239254342    975      0     26          43    210
     GPU 0  0.000  0.000  0.000  0.000  0.000  0.000  0.000  0.000               5602164               1615244           0           0       0.000       0.000      78.383        6239254342    975      0     26          43    210
     GPU 0  0.000  0.000  0.000  0.000  0.000  0.000  0.000  0.000               5602164               1615244           0           0       0.000       0.000      78.383        6239254342    975      0     26          43    210
     GPU 0  0.000  0.000  0.000  0.000  0.000  0.000  0.000  0.000               4000374               1911833           0           0       0.000       0.000      78.383        6239262248    975      0     26          43    210

# Entity  GRACT  SMACT  SMOCC  TENSO  DRAMA  FP64A  FP32A  FP16A                 PCITX                 PCIRX       GPUTL       MCUTL       MUSAM       GUSAM       POWER             TOTEC  SACLK  PSTAT  TMPTR       MMTMP  SMCLK
      Id                                                                                                                                                               W                mJ                    C           C       
     GPU 0  0.000  0.000  0.000  0.000  0.000  0.000  0.000  0.000               6474477               3511293           0           0       0.000       0.000      78.383        6239262248    975      0     26          43    210
     GPU 0  0.000  0.000  0.000  0.000  0.000  0.000  0.000  0.000               9399616               6427616           0           0       0.000       0.000      78.383        6239262248    975      0     26          43    210
     GPU 0  0.000  0.000  0.000  0.000  0.000  0.000  0.000  0.000               9399616               6427616           0           0       0.000       0.000      78.383        6239262248    975      0     26          43    210
     GPU 0  0.000  0.000  0.000  0.000  0.000  0.000  0.000  0.000               2847750               2093716           0           0       0.000       0.000      78.383        6239262248    975      0     26          43    210
     GPU 0  0.000  0.000  0.000  0.000  0.000  0.000  0.000  0.000              10359333               6795387           0           0       0.000       0.000      78.383        6239270232    975      0     26          43    210
     GPU 0  0.000  0.000  0.000  0.000  0.000  0.000  0.000  0.000               3130230                273140           0           0       0.000       0.000      78.383        6239270232    975      0     26          43    210
     GPU 0  0.000  0.000  0.000  0.000  0.000  0.000  0.000  0.000               8610635               6794353           0           0       0.000       0.000      78.383        6239270232    975      0     26          43    210
     GPU 0  0.000  0.000  0.000  0.000  0.000  0.000  0.000  0.000               8610635               6794353           0           0       0.000       0.000      78.383        6239270232    975      0     26          43    210
     GPU 0  0.000  0.000  0.000  0.000  0.000  0.000  0.000  0.000               8344325               7828823           0           0       0.000       0.000      78.383        6239270232    975      0     26          43    210
     GPU 0  0.000  0.000  0.000  0.000  0.000  0.000  0.000  0.000               6012143               3739259           0           0       0.000       0.000      78.383        6239278064    975      0     26          43    210
     GPU 0  0.000  0.000  0.000  0.000  0.000  0.000  0.000  0.000               5602117              22913164           0           0       0.000       0.000      78.383        6239278064    975      0     26          43    210
     GPU 0  0.000  0.000  0.000  0.000  0.000  0.000  0.000  0.000               5602117              22913164           0           0       0.000       0.000      78.383        6239278064    975      0     26          43    210
     GPU 0  0.000  0.000  0.000  0.000  0.000  0.000  0.000  0.000              12399153              14592742           0           0       0.000       0.000      78.383        6239278064    975      0     26          43    210
     GPU 0  0.000  0.000  0.000  0.000  0.000  0.000  0.000  0.000               1326073               1392376           0           0       0.000       0.000      78.383        6239285986    975      0     27          43    210

# Entity  GRACT  SMACT  SMOCC  TENSO  DRAMA  FP64A  FP32A  FP16A                 PCITX                 PCIRX       GPUTL       MCUTL       MUSAM       GUSAM       POWER             TOTEC  SACLK  PSTAT  TMPTR       MMTMP  SMCLK
      Id                                                                                                                                                               W                mJ                    C           C       
     GPU 0  0.000  0.000  0.000  0.000  0.000  0.000  0.000  0.000               7007627               5288775           0           0       0.000       0.000      78.383        6239285986    975      0     27          43    210
     GPU 0  0.000  0.000  0.000  0.000  0.000  0.000  0.000  0.000               6877227               4567318           0           0       0.000       0.000      78.383        6239285986    975      0     26          43    210
     GPU 0  0.000  0.000  0.000  0.000  0.000  0.000  0.000  0.000               6877227               4567318           0           0       0.000       0.000      78.383        6239285986    975      0     26          43    210
     GPU 0  0.000  0.000  0.000  0.000  0.000  0.000  0.000  0.000                960965                591363           0           0       0.000       0.000      78.383        6239285986    975      0     26          43    210
     GPU 0  0.000  0.000  0.000  0.000  0.000  0.000  0.000  0.000               1585960               2587619           0           0       0.000       0.000      78.383        6239285986    975      0     26          43    210
     GPU 0  0.000  0.000  0.000  0.000  0.000  0.000  0.000  0.000               1585960               2587619           0           0       0.000       0.000      78.383        6239293913    975      0     26          43    210
     GPU 0  0.000  0.000  0.000  0.000  0.000  0.000  0.000  0.000               8196942               5177016           0           0       0.000       0.000      78.383        6239293913    975      0     26          43    210
     GPU 0  0.000  0.000  0.000  0.000  0.000  0.000  0.000  0.000               1900651               2090716           0           0       0.000       0.000      78.383        6239293913    975      0     26          43    210
     GPU 0  0.000  0.000  0.000  0.000  0.000  0.000  0.000  0.000               1900651               2090716           0           0       0.000       0.000      78.383        6239293913    975      0     27          43    210
     GPU 0  0.000  0.000  0.000  0.000  0.000  0.000  0.000  0.000               1900651               2090716           0           0       0.000       0.000      78.383        6239293913    975      0     27          43    210
     GPU 0  0.000  0.000  0.000  0.000  0.000  0.000  0.000  0.000               8572899               6820648           0           0       0.000       0.000      78.383        6239301865    975      0     26          43    210
     GPU 0  0.000  0.000  0.000  0.000  0.000  0.000  0.000  0.000               8572899               6820648           0           0       0.000       0.000      78.383        6239301865    975      0     26          43    210
     GPU 0  0.000  0.000  0.000  0.000  0.000  0.000  0.000  0.000              16160968               8850054           0           0       0.000       0.000      78.383        6239301865    975      0     26          43    210
     GPU 0  0.000  0.000  0.000  0.000  0.000  0.000  0.000  0.000              16160968               8850054           0           0       0.000       0.000      78.383        6239301865    975      0     26          43    210

# Entity  GRACT  SMACT  SMOCC  TENSO  DRAMA  FP64A  FP32A  FP16A                 PCITX                 PCIRX       GPUTL       MCUTL       MUSAM       GUSAM       POWER             TOTEC  SACLK  PSTAT  TMPTR       MMTMP  SMCLK
      Id                                                                                                                                                               W                mJ                    C           C       
     GPU 0  0.000  0.000  0.000  0.000  0.000  0.000  0.000  0.000              13241863             190751809           0           0       0.000       0.000      78.383        6239301865    975      0     26          43    210
     GPU 0  0.000  0.000  0.000  0.000  0.000  0.000  0.000  0.000              12603037              14224174           0           0       0.000       0.000      78.383        6239309803    975      0     27          43    210
     GPU 0  0.000  0.000  0.000  0.000  0.000  0.000  0.000  0.000              11518887              15093715           0           0       0.000       0.000      78.383        6239309803    975      0     26          43    210
     GPU 0  0.192  0.000  0.000  0.000  0.000  0.000  0.000  0.000              15734766              22573082           0           0       0.000       0.000      78.383        6239309803    975      0     27          43    975
     GPU 0  0.081  0.000  0.000  0.000  0.000  0.000  0.000  0.000               8968478              30192580           0           0       0.000       0.000      78.383        6239309803    975      0     27          43    975
     GPU 0  0.012  0.000  0.000  0.000  0.002  0.000  0.000  0.000             401067750            3588330458           0           0       0.000       0.000      78.383        6239309803    975      0     27          43    975
     GPU 0  0.901  0.944  0.740  0.000  0.001  0.000  0.628  0.000             112249184             978899771           0           0       0.000       0.000      85.690        6239318082    975      0     27          43    975
     GPU 0  0.901  0.944  0.740  0.000  0.001  0.000  0.628  0.000             112249184             978899771           0           0       0.000       0.000      85.690        6239318082    975      0     28          43    975
     GPU 0  1.000  0.000  0.000  0.000  0.001  0.000  0.000  0.000               4889570               3304580           0           0       0.000       0.000      85.690        6239318082    975      0     28          43    975
     GPU 0  1.000  0.938  0.752  0.000  0.001  0.000  0.620  0.000               7218619               4992123          45           0       0.000      44.000      85.690        6239318082    975      0     29          43    975
     GPU 0  1.000  0.930  0.709  0.000  0.001  0.000  0.609  0.000              10293700               5821652          45           0       0.000      44.000      85.690        6239318082    975      0     29          43    975
     GPU 0  1.000  0.000  0.000  0.000  0.001  0.000  0.000  0.000              10206951               6694381          45           0       0.000      44.000     161.748        6239333708    975      0     30          43    975
     GPU 0  1.000  0.946  0.757  0.000  0.001  0.000  0.605  0.000              13793325               9631919          45           0       0.000      44.000     161.748        6239333708    975      0     30          43    975
     GPU 0  1.000  0.937  0.751  0.000  0.001  0.000  0.602  0.000              11448292               8355300          45           0       0.000      44.000     161.748        6239333708    975      0     30          43    975

# Entity  GRACT  SMACT  SMOCC  TENSO  DRAMA  FP64A  FP32A  FP16A                 PCITX                 PCIRX       GPUTL       MCUTL       MUSAM       GUSAM       POWER             TOTEC  SACLK  PSTAT  TMPTR       MMTMP  SMCLK
      Id                                                                                                                                                               W                mJ                    C           C       
     GPU 0  1.000  0.937  0.751  0.000  0.001  0.000  0.602  0.000              11448292               8355300          45           0       0.000      44.000     161.748        6239333708    975      0     30          43    975
     GPU 0  1.000  0.000  0.000  0.000  0.001  0.000  0.000  0.000               6128100               4498750          45           0       0.000      44.000     161.748        6239333708    975      0     30          43    975
     GPU 0  1.000  0.941  0.751  0.000  0.001  0.000  0.622  0.000               6057383               4771514          45           0       0.000      44.000     162.287        6239350059    975      0     31          43    975
     GPU 0  1.000  0.939  0.743  0.000  0.001  0.000  0.620  0.000               8453124               6375032          45           0       0.000      44.000     162.287        6239350059    975      0     31          43    975
     GPU 0  1.000  0.000  0.000  0.000  0.001  0.000  0.000  0.000              12179816               8483198          45           0       0.000      44.000     162.287        6239350059    975      0     31          43    975
     GPU 0  1.000  0.000  0.000  0.000  0.001  0.000  0.000  0.000              12179816               8483198          45           0       0.000      44.000     162.287        6239350059    975      0     31          43    975
     GPU 0  1.000  0.945  0.758  0.000  0.001  0.000  0.627  0.000              11497824               7208039         100           0       0.000      99.000     162.287        6239350059    975      0     31          43    975
     GPU 0  1.000  0.954  0.772  0.000  0.001  0.000  0.626  0.000               4591607               4307196         100           0       0.000      99.000     162.287        6239366486    975      0     31          44    975
     GPU 0  1.000  0.000  0.000  0.000  0.001  0.000  0.000  0.000               3512927               1244560         100           0       0.000      99.000     162.819        6239366486    975      0     31          44    975
     GPU 0  1.000  0.936  0.740  0.000  0.001  0.000  0.618  0.000               2293715               1190735         100           0       0.000      99.000     162.819        6239366486    975      0     31          43    975
     GPU 0  1.000  0.921  0.693  0.000  0.001  0.000  0.603  0.000               4553249               2964751         100           0       0.000      99.000     162.819        6239366486    975      0     31          44    975
     GPU 0  1.000  0.921  0.693  0.000  0.001  0.000  0.603  0.000               4553249               2964751         100           0       0.000      99.000     162.819        6239366486    975      0     31          44    975
     GPU 0  1.000  0.000  0.000  0.000  0.001  0.000  0.000  0.000               6392322               4422375         100           0       0.000      99.000     162.287        6239382885    975      0     32          43    975
     GPU 0  1.000  0.942  0.756  0.000  0.001  0.000  0.624  0.000               8480519               6062017         100           0       0.000      99.000     162.287        6239382885    975      0     32          44    975

# Entity  GRACT  SMACT  SMOCC  TENSO  DRAMA  FP64A  FP32A  FP16A                 PCITX                 PCIRX       GPUTL       MCUTL       MUSAM       GUSAM       POWER             TOTEC  SACLK  PSTAT  TMPTR       MMTMP  SMCLK
      Id                                                                                                                                                               W                mJ                    C           C       
     GPU 0  1.000  0.935  0.737  0.000  0.001  0.000  0.617  0.000              10600670               7846271         100           0       0.000      99.000     162.287        6239382885    975      0     32          43    975
     GPU 0  1.000  0.000  0.000  0.000  0.001  0.000  0.000  0.000              10673696               7582438         100           0       0.000      99.000     162.287        6239382885    975      0     32          43    975
     GPU 0  1.000  0.000  0.000  0.000  0.001  0.000  0.000  0.000              10673696               7582438         100           0       0.000      99.000     162.287        6239382885    975      0     32          44    975
     GPU 0  1.000  0.941  0.750  0.000  0.001  0.000  0.616  0.000              11087102               7124240         100           0       0.000      99.000     162.287        6239399279    975      0     32          43    975
     GPU 0  1.000  0.934  0.750  0.000  0.001  0.000  0.620  0.000              10641430               7225440         100           0       0.000      99.000     161.990        6239399279    975      0     32          43    975
     GPU 0  1.000  0.000  0.000  0.000  0.001  0.000  0.000  0.000               9965042               7678684         100           0       0.000      99.000     161.990        6239399279    975      0     32          43    975
     GPU 0  1.000  0.934  0.739  0.000  0.001  0.000  0.617  0.000               6068802               4312827         100           0       0.000      99.000     161.990        6239399279    975      0     32          43    975
     GPU 0  1.000  0.945  0.755  0.000  0.001  0.000  0.630  0.000               2687119               2108111         100           0       0.000      99.000     161.990        6239399279    975      0     32          43    975
     GPU 0  1.000  0.000  0.000  0.000  0.001  0.000  0.000  0.000               2459325               1322279         100           0       0.000      99.000     164.181        6239415786    975      0     32          43    975
     GPU 0  1.000  0.000  0.000  0.000  0.001  0.000  0.000  0.000               2459325               1322279         100           0       0.000      99.000     164.181        6239415786    975      0     32          43    975
     GPU 0  1.000  0.937  0.746  0.000  0.001  0.000  0.616  0.000               4896302               3124866         100           0       0.000      99.000     164.181        6239415786    975      0     32          44    975
     GPU 0  1.000  0.955  0.785  0.000  0.001  0.000  0.624  0.000               4987434               3338627         100           0       0.000      99.000     164.181        6239415786    975      0     32          44    975
     GPU 0  1.000  0.000  0.000  0.000  0.001  0.000  0.000  0.000               8975517               5491086         100           0       0.000      99.000     164.181        6239415786    975      0     32          43    975
     GPU 0  1.000  0.000  0.000  0.000  0.001  0.000  0.000  0.000               8975517               5491086         100           0       0.000      99.000     164.181        6239415786    975      0     32          43    975

# Entity  GRACT  SMACT  SMOCC  TENSO  DRAMA  FP64A  FP32A  FP16A                 PCITX                 PCIRX       GPUTL       MCUTL       MUSAM       GUSAM       POWER             TOTEC  SACLK  PSTAT  TMPTR       MMTMP  SMCLK
      Id                                                                                                                                                               W                mJ                    C           C       
     GPU 0  1.000  0.946  0.763  0.000  0.001  0.000  0.628  0.000              10259626               6338390         100           0       0.000      99.000     164.181        6239432574    975      0     32          43    975
     GPU 0  1.000  0.934  0.745  0.000  0.001  0.000  0.618  0.000               8937313               6541875         100           0       0.000      99.000     164.181        6239432574    975      0     32          43    975
     GPU 0  1.000  0.000  0.000  0.000  0.001  0.000  0.000  0.000              10176565               7632722         100           0       0.000      99.000     164.181        6239432574    975      0     32          43    975
     GPU 0  1.000  0.939  0.753  0.000  0.001  0.000  0.617  0.000               7678490               6183622         100           0       0.000      99.000     164.181        6239432574    975      0     32          44    975
     GPU 0  1.000  0.000  0.000  0.000  0.001  0.000  0.000  0.000               1174047                838605         100           0       0.000      99.000     164.720        6239449020    975      0     32          44    975
     GPU 0  1.000  0.000  0.000  0.000  0.001  0.000  0.000  0.000               1174047                838605         100           0       0.000      99.000     164.720        6239449020    975      0     33          44    975
     GPU 0  1.000  0.949  0.769  0.000  0.001  0.000  0.632  0.000              11433714               7099952         100           0       0.000      99.000     164.720        6239449020    975      0     33          44    975
     GPU 0  1.000  0.938  0.745  0.000  0.001  0.000  0.620  0.000              12545274               9170463         100           0       0.000      99.000     164.720        6239449020    975      0     33          44    975
     GPU 0  1.000  0.000  0.000  0.000  0.001  0.000  0.000  0.000               9222632               7084000         100           0       0.000      99.000     164.720        6239449020    975      0     33          43    975
     GPU 0  1.000  0.933  0.739  0.000  0.001  0.000  0.616  0.000               9020584               7016906         100           0       0.000      99.000     163.890        6239449020    975      0     33          44    975
     GPU 0  1.000  0.890  0.693  0.000  0.001  0.000  0.563  0.000               5795732               3205610         100           0       0.000      99.000     163.890        6239465847    975      0     33          44    975
     GPU 0  1.000  0.000  0.000  0.000  0.001  0.000  0.000  0.000               2072757               1254627         100           0       0.000      99.000     163.890        6239465847    975      0     33          44    975
     GPU 0  1.000  0.000  0.000  0.000  0.001  0.000  0.000  0.000               2072757               1254627         100           0       0.000      99.000     163.890        6239465847    975      0     33          44    975
     GPU 0  1.000  0.937  0.737  0.000  0.001  0.000  0.595  0.000               2088157               1483611         100           0       0.000      99.000     163.890        6239465847    975      0     33          44    975

# Entity  GRACT  SMACT  SMOCC  TENSO  DRAMA  FP64A  FP32A  FP16A                 PCITX                 PCIRX       GPUTL       MCUTL       MUSAM       GUSAM       POWER             TOTEC  SACLK  PSTAT  TMPTR       MMTMP  SMCLK
      Id                                                                                                                                                               W                mJ                    C           C       
     GPU 0  1.000  0.926  0.769  0.000  0.001  0.000  0.608  0.000               4713780               3014594         100           0       0.000      99.000     163.351        6239482064    975      0     33          44    975
     GPU 0  1.000  0.000  0.000  0.000  0.002  0.000  0.000  0.000               7232609               5057870         100           0       0.000      99.000     163.351        6239482064    975      0     33          44    975
     GPU 0  1.000  0.940  0.757  0.000  0.001  0.000  0.623  0.000               8001480               5311408         100           0       0.000      99.000     163.351        6239482064    975      0     33          44    975
     GPU 0  1.000  0.940  0.757  0.000  0.001  0.000  0.623  0.000               8001480               5311408         100           0       0.000      99.000     163.351        6239482064    975      0     33          44    975
     GPU 0  1.000  0.945  0.769  0.000  0.001  0.000  0.630  0.000              10108396               6469657         100           0       0.000      99.000     163.351        6239482064    975      0     33          44    975
     GPU 0  1.000  0.000  0.000  0.000  0.001  0.000  0.000  0.000               6749297               4782169         100           0       0.000      99.000     162.819        6239482064    975      0     33          44    975
     GPU 0  1.000  0.940  0.765  0.000  0.001  0.000  0.601  0.000               3318322               1452650         100           0       0.000      99.000     162.819        6239498640    975      0     33          44    975
     GPU 0  1.000  0.964  0.765  0.000  0.001  0.000  0.645  0.000               2292554                909140         100           0       0.000      99.000     162.819        6239498640    975      0     33          44    975
     GPU 0  1.000  0.964  0.765  0.000  0.001  0.000  0.645  0.000               2292554                909140         100           0       0.000      99.000     162.819        6239498640    975      0     33          44    975
     GPU 0  1.000  0.000  0.000  0.000  0.001  0.000  0.000  0.000               4395483               2518155         100           0       0.000      99.000     162.819        6239498640    975      0     33          44    975
     GPU 0  1.000  0.940  0.759  0.000  0.001  0.000  0.623  0.000               4869886               3230020         100           0       0.000      99.000     162.529        6239514935    975      0     33          44    975
     GPU 0  1.000  0.945  0.755  0.000  0.001  0.000  0.625  0.000               8087647               5662652         100           0       0.000      99.000     162.529        6239514935    975      0     33          44    975
     GPU 0  1.000  0.000  0.000  0.000  0.001  0.000  0.000  0.000               9428877               7218148         100           0       0.000      99.000     162.529        6239514935    975      0     33          44    975
     GPU 0  1.000  0.000  0.000  0.000  0.001  0.000  0.000  0.000               9428877               7218148         100           0       0.000      99.000     162.529        6239514935    975      0     33          44    975

# Entity  GRACT  SMACT  SMOCC  TENSO  DRAMA  FP64A  FP32A  FP16A                 PCITX                 PCIRX       GPUTL       MCUTL       MUSAM       GUSAM       POWER             TOTEC  SACLK  PSTAT  TMPTR       MMTMP  SMCLK
      Id                                                                                                                                                               W                mJ                    C           C       
     GPU 0  1.000  0.945  0.745  0.000  0.001  0.000  0.601  0.000               7611932               5196615         100           0       0.000      99.000     162.529        6239514935    975      0     33          44    975
     GPU 0  1.000  0.942  0.752  0.000  0.001  0.000  0.623  0.000               9697036               6813099         100           0       0.000      99.000     163.351        6239514935    975      0     33          44    975
     GPU 0  1.000  0.000  0.000  0.000  0.001  0.000  0.000  0.000               3508999               1243699         100           0       0.000      99.000     163.351        6239531484    975      0     33          44    975
     GPU 0  1.000  0.949  0.771  0.000  0.002  0.000  0.632  0.000               2250411               1433195         100           0       0.000      99.000     163.351        6239531484    975      0     33          44    975
     GPU 0  1.000  0.949  0.771  0.000  0.002  0.000  0.632  0.000               2250411               1433195         100           0       0.000      99.000     163.351        6239531484    975      0     33          44    975
     GPU 0  1.000  0.933  0.768  0.000  0.001  0.000  0.612  0.000               4475543               2717710         100           0       0.000      99.000     163.351        6239531484    975      0     33          44    975
     GPU 0  1.000  0.000  0.000  0.000  0.001  0.000  0.000  0.000               4764693               3215320         100           0       0.000      99.000     163.109        6239547813    975      0     33          44    975
     GPU 0  1.000  0.938  0.757  0.000  0.001  0.000  0.618  0.000               7897745               5633292         100           0       0.000      99.000     163.109        6239547813    975      0     33          44    975
     GPU 0  1.000  0.938  0.757  0.000  0.001  0.000  0.618  0.000               7897745               5633292         100           0       0.000      99.000     163.109        6239547813    975      0     33          44    975
     GPU 0  1.000  0.937  0.745  0.000  0.001  0.000  0.618  0.000               4855542               4060335         100           0       0.000      99.000     163.109        6239547813    975      0     33          44    975
     GPU 0  1.000  0.000  0.000  0.000  0.001  0.000  0.000  0.000               1172639               1088879         100           0       0.000      99.000     163.109        6239547813    975      0     33          44    975
     GPU 0  1.000  0.934  0.732  0.000  0.001  0.000  0.602  0.000               6902444               4787039         100           0       0.000      99.000     162.529        6239547813    975      0     33          44    975
     GPU 0  1.000  0.000  0.000  0.000  0.001  0.000  0.000  0.000               3554399               1286595         100           0       0.000      99.000     162.529        6239564358    975      0     33          44    975
     GPU 0  1.000  0.938  0.754  0.000  0.001  0.000  0.616  0.000               3553410               1370078         100           0       0.000      99.000     162.529        6239564358    975      0     33          44    975

# Entity  GRACT  SMACT  SMOCC  TENSO  DRAMA  FP64A  FP32A  FP16A                 PCITX                 PCIRX       GPUTL       MCUTL       MUSAM       GUSAM       POWER             TOTEC  SACLK  PSTAT  TMPTR       MMTMP  SMCLK
      Id                                                                                                                                                               W                mJ                    C           C       
     GPU 0  1.000  0.938  0.754  0.000  0.001  0.000  0.616  0.000               3553410               1370078         100           0       0.000      99.000     162.529        6239564358    975      0     33          44    975
     GPU 0  1.000  0.962  0.798  0.000  0.001  0.000  0.649  0.000               2450445               1114298         100           0       0.000      99.000     162.529        6239564358    975      0     33          44    975
     GPU 0  1.000  0.000  0.000  0.000  0.001  0.000  0.000  0.000               4090923               2662195         100           0       0.000      99.000     163.109        6239580685    975      0     33          44    975
     GPU 0  1.000  0.941  0.752  0.000  0.001  0.000  0.623  0.000               7549294               5324372         100           0       0.000      99.000     163.109        6239580685    975      0     33          44    975
     GPU 0  1.000  0.935  0.747  0.000  0.001  0.000  0.616  0.000              10175779               7101814         100           0       0.000      99.000     163.109        6239580685    975      0     33          44    975
     GPU 0  1.000  0.935  0.747  0.000  0.001  0.000  0.616  0.000              10175779               7101814         100           0       0.000      99.000     163.109        6239580685    975      0     33          44    975
     GPU 0  1.000  0.000  0.000  0.000  0.001  0.000  0.000  0.000               7869416               5124822         100           0       0.000      99.000     163.109        6239580685    975      0     33          44    975
     GPU 0  1.000  0.934  0.738  0.000  0.001  0.000  0.616  0.000              10010327               7063105         100           0       0.000      99.000     162.529        6239580685    975      0     33          44    975
     GPU 0  1.000  0.999  0.817  0.000  0.001  0.000  0.678  0.000               3594866                987372         100           0       0.000      99.000     162.529        6239597329    975      0     33          44    975
     GPU 0  1.000  0.000  0.000  0.000  0.001  0.000  0.000  0.000               2298507               1276720         100           0       0.000      99.000     162.529        6239597329    975      0     33          44    975
     GPU 0  1.000  0.000  0.000  0.000  0.001  0.000  0.000  0.000               2298507               1276720         100           0       0.000      99.000     162.529        6239597329    975      0     33          44    975
     GPU 0  1.000  0.936  0.732  0.000  0.001  0.000  0.616  0.000               4357075               2834067         100           0       0.000      99.000     162.529        6239597329    975      0     33          44    975
     GPU 0  1.000  0.944  0.762  0.000  0.001  0.000  0.625  0.000               6136760               4188588         100           0       0.000      99.000     162.529        6239613556    975      0     33          44    975
     GPU 0  1.000  0.000  0.000  0.000  0.001  0.000  0.000  0.000               8949339               6424167         100           0       0.000      99.000     162.529        6239613556    975      0     33          44    975

# Entity  GRACT  SMACT  SMOCC  TENSO  DRAMA  FP64A  FP32A  FP16A                 PCITX                 PCIRX       GPUTL       MCUTL       MUSAM       GUSAM       POWER             TOTEC  SACLK  PSTAT  TMPTR       MMTMP  SMCLK
      Id                                                                                                                                                               W                mJ                    C           C       
     GPU 0  1.000  0.000  0.000  0.000  0.001  0.000  0.000  0.000               8949339               6424167         100           0       0.000      99.000     162.529        6239613556    975      0     33          44    975
     GPU 0  1.000  0.948  0.755  0.000  0.001  0.000  0.628  0.000               6413828               4647256         100           0       0.000      99.000     162.529        6239613556    975      0     33          44    975
     GPU 0  1.000  0.000  0.000  0.000  0.001  0.000  0.000  0.000               1169798               1086241         100           0       0.000      99.000     162.529        6239613556    975      0     33          44    975
     GPU 0  1.000  0.939  0.744  0.000  0.001  0.000  0.619  0.000               7877160               5174991         100           0       0.000      99.000     165.784        6239613556    975      0     33          44    975
     GPU 0  1.000  0.930  0.712  0.000  0.001  0.000  0.610  0.000               3530638               1553551         100           0       0.000      99.000     165.784        6239630415    975      0     33          44    975
     GPU 0  1.000  0.000  0.000  0.000  0.002  0.000  0.000  0.000               4290426               2908512         100           0       0.000      99.000     165.784        6239630415    975      0     34          44    975
     GPU 0  1.000  0.000  0.000  0.000  0.002  0.000  0.000  0.000               4290426               2908512         100           0       0.000      99.000     165.784        6239630415    975      0     34          44    975
     GPU 0  1.000  0.931  0.734  0.000  0.001  0.000  0.614  0.000               4404988               3111000         100           0       0.000      99.000     165.784        6239630415    975      0     34          44    975
     GPU 0  1.000  0.934  0.737  0.000  0.001  0.000  0.616  0.000               8869674               6222812         100           0       0.000      99.000     165.252        6239646861    975      0     34          44    975
     GPU 0  1.000  0.000  0.000  0.000  0.001  0.000  0.000  0.000               8029480               6075810         100           0       0.000      99.000     165.252        6239646861    975      0     34          44    975
     GPU 0  1.000  0.000  0.000  0.000  0.001  0.000  0.000  0.000               8029480               6075810         100           0       0.000      99.000     165.252        6239646861    975      0     34          44    975
     GPU 0  1.000  0.937  0.735  0.000  0.001  0.000  0.606  0.000               8412086               5918708         100           0       0.000      99.000     165.252        6239646861    975      0     34          44    975
     GPU 0  1.000  0.940  0.750  0.000  0.001  0.000  0.621  0.000               6560049               5431985         100           0       0.000      99.000     165.252        6239646861    975      0     34          44    975
     GPU 0  1.000  0.000  0.000  0.000  0.001  0.000  0.000  0.000               3489869               1154922         100           0       0.000      99.000     162.287        6239646861    975      0     34          44    975

# Entity  GRACT  SMACT  SMOCC  TENSO  DRAMA  FP64A  FP32A  FP16A                 PCITX                 PCIRX       GPUTL       MCUTL       MUSAM       GUSAM       POWER             TOTEC  SACLK  PSTAT  TMPTR       MMTMP  SMCLK
      Id                                                                                                                                                               W                mJ                    C           C       
     GPU 0  1.000  0.943  0.760  0.000  0.002  0.000  0.623  0.000               3845607               2111193         100           0       0.000      99.000     162.287        6239663865    975      0     34          44    975
     GPU 0  1.000  0.943  0.760  0.000  0.002  0.000  0.623  0.000               3845607               2111193         100           0       0.000      99.000     162.287        6239663865    975      0     34          44    975
     GPU 0  1.000  0.965  0.825  0.000  0.001  0.000  0.650  0.000               4710402               2715275         100           0       0.000      99.000     162.287        6239663865    975      0     34          44    975
     GPU 0  1.000  0.000  0.000  0.000  0.001  0.000  0.000  0.000               6189519               4868957         100           0       0.000      99.000     162.287        6239663865    975      0     34          44    975
     GPU 0  1.000  0.941  0.737  0.000  0.001  0.000  0.611  0.000               7892419               6234227         100           0       0.000      99.000     162.529        6239679848    975      0     34          44    975
     GPU 0  1.000  0.941  0.737  0.000  0.001  0.000  0.611  0.000               7892419               6234227         100           0       0.000      99.000     162.529        6239679848    975      0     34          44    975
     GPU 0  1.000  0.942  0.746  0.000  0.001  0.000  0.621  0.000              10728992               7256551         100           0       0.000      99.000     162.529        6239679848    975      0     34          44    975
     GPU 0  1.000  0.000  0.000  0.000  0.001  0.000  0.000  0.000               9314111               6479833         100           0       0.000      99.000     162.529        6239679848    975      0     34          44    975
     GPU 0  1.000  0.932  0.731  0.000  0.001  0.000  0.613  0.000               4312467               2020097         100           0       0.000      99.000     162.529        6239679848    975      0     34          44    975
     GPU 0  1.000  0.934  0.735  0.000  0.001  0.000  0.616  0.000              12511401               9161139         100           0       0.000      99.000     163.109        6239696429    975      0     34          44    975
     GPU 0  1.000  0.000  0.000  0.000  0.001  0.000  0.000  0.000              11453443               8935755         100           0       0.000      99.000     163.109        6239696429    975      0     34          44    975
     GPU 0  1.000  0.939  0.742  0.000  0.001  0.000  0.620  0.000              10003651               7366491         100           0       0.000      99.000     163.109        6239696429    975      0     34          44    975
     GPU 0  1.000  0.939  0.742  0.000  0.001  0.000  0.620  0.000              10003651               7366491         100           0       0.000      99.000     163.109        6239696429    975      0     34          44    975
     GPU 0  1.000  0.946  0.757  0.000  0.001  0.000  0.593  0.000               4687626               4583602         100           0       0.000      99.000     163.109        6239696429    975      0     34          44    975

# Entity  GRACT  SMACT  SMOCC  TENSO  DRAMA  FP64A  FP32A  FP16A                 PCITX                 PCIRX       GPUTL       MCUTL       MUSAM       GUSAM       POWER             TOTEC  SACLK  PSTAT  TMPTR       MMTMP  SMCLK
      Id                                                                                                                                                               W                mJ                    C           C       
     GPU 0  1.000  0.000  0.000  0.000  0.001  0.000  0.000  0.000               3425994               1476614         100           0       0.000      99.000     163.109        6239712967    975      0     34          44    975
     GPU 0  1.000  0.947  0.754  0.000  0.001  0.000  0.626  0.000               5736480               4143013         100           0       0.000      99.000     163.109        6239712967    975      0     34          44    975
     GPU 0  1.000  0.000  0.000  0.000  0.001  0.000  0.000  0.000               6243003               3427891         100           0       0.000      99.000     163.109        6239712967    975      0     34          44    975
     GPU 0  1.000  0.944  0.743  0.000  0.001  0.000  0.625  0.000               6468986               3867309         100           0       0.000      99.000     163.109        6239712967    975      0     34          44    975
     GPU 0  1.000  0.944  0.764  0.000  0.001  0.000  0.605  0.000               6949832               4720328         100           0       0.000      99.000     163.109        6239712967    975      0     34          44    975
     GPU 0  1.000  0.944  0.764  0.000  0.001  0.000  0.605  0.000               6949832               4720328         100           0       0.000      99.000     163.109        6239712967    975      0     34          44    975
     GPU 0  1.000  0.000  0.000  0.000  0.001  0.000  0.000  0.000               9614980               6264232         100           0       0.000      99.000     163.109        6239729684    975      0     34          44    975
     GPU 0  1.000  0.948  0.768  0.000  0.001  0.000  0.631  0.000               7280902               4976376         100           0       0.000      99.000     163.109        6239729684    975      0     34          44    975
     GPU 0  1.000  0.927  0.731  0.000  0.001  0.000  0.611  0.000               7323111               6067653         100           0       0.000      99.000     163.109        6239729684    975      0     34          44    975
     GPU 0  1.000  0.927  0.731  0.000  0.001  0.000  0.611  0.000               7323111               6067653         100           0       0.000      99.000     163.109        6239729684    975      0     34          44    975
     GPU 0  1.000  0.000  0.000  0.000  0.001  0.000  0.000  0.000               3423996               1284531         100           0       0.000      99.000     163.351        6239745886    975      0     34          44    975
     GPU 0  1.000  0.942  0.765  0.000  0.001  0.000  0.627  0.000               1172155                920978         100           0       0.000      99.000     163.351        6239745886    975      0     34          44    975
     GPU 0  1.000  0.000  0.000  0.000  0.001  0.000  0.000  0.000               3382554               1201277         100           0       0.000      99.000     163.351        6239745886    975      0     34          44    975
     GPU 0  1.000  0.937  0.747  0.000  0.001  0.000  0.620  0.000               5793551               2811163         100           0       0.000      99.000     163.351        6239745886    975      0     34          44    975

# Entity  GRACT  SMACT  SMOCC  TENSO  DRAMA  FP64A  FP32A  FP16A                 PCITX                 PCIRX       GPUTL       MCUTL       MUSAM       GUSAM       POWER             TOTEC  SACLK  PSTAT  TMPTR       MMTMP  SMCLK
      Id                                                                                                                                                               W                mJ                    C           C       
     GPU 0  1.000  0.933  0.729  0.000  0.001  0.000  0.611  0.000               7598238               4431773         100           0       0.000      99.000     163.351        6239745886    975      0     34          44    975
     GPU 0  1.000  0.933  0.729  0.000  0.001  0.000  0.611  0.000               7598238               4431773         100           0       0.000      99.000     163.109        6239745886    975      0     34          44    975
     GPU 0  1.000  0.000  0.000  0.000  0.001  0.000  0.000  0.000               7432405               4581643         100           0       0.000      99.000     163.109        6239762632    975      0     34          44    975
     GPU 0  1.000  0.940  0.753  0.000  0.001  0.000  0.622  0.000               9128173               6716353         100           0       0.000      99.000     163.109        6239762632    975      0     34          45    975
     GPU 0  1.000  0.936  0.753  0.000  0.001  0.000  0.619  0.000               7394739               6015761         100           0       0.000      99.000     163.109        6239762632    975      0     34          44    975
     GPU 0  1.000  0.936  0.753  0.000  0.001  0.000  0.619  0.000               7394739               6015761         100           0       0.000      99.000     163.109        6239762632    975      0     34          44    975
     GPU 0  1.000  0.000  0.000  0.000  0.001  0.000  0.000  0.000               5875116               4050241         100           0       0.000      99.000     162.819        6239778911    975      0     34          44    975
     GPU 0  1.000  0.943  0.751  0.000  0.001  0.000  0.625  0.000               7982605               5362621         100           0       0.000      99.000     162.819        6239778911    975      0     34          44    975
     GPU 0  1.000  0.987  0.781  0.000  0.001  0.000  0.661  0.000               5300656               2252177         100           0       0.000      99.000     162.819        6239778911    975      0     34          44    975
     GPU 0  1.000  0.000  0.000  0.000  0.001  0.000  0.000  0.000               6809319               4519253         100           0       0.000      99.000     162.819        6239778911    975      0     34          44    975
     GPU 0  1.000  0.940  0.753  0.000  0.001  0.000  0.621  0.000              10308633               7516213         100           0       0.000      99.000     162.819        6239778911    975      0     34          44    975
     GPU 0  1.000  0.940  0.753  0.000  0.001  0.000  0.621  0.000              10308633               7516213         100           0       0.000      99.000     162.819        6239795430    975      0     34          44    975
     GPU 0  1.000  0.950  0.767  0.000  0.001  0.000  0.603  0.000               9439158               6204435         100           0       0.000      99.000     162.819        6239795430    975      0     34          44    975
     GPU 0  1.000  0.000  0.000  0.000  0.001  0.000  0.000  0.000               7035381               5553929         100           0       0.000      99.000     162.819        6239795430    975      0     34          44    975

# Entity  GRACT  SMACT  SMOCC  TENSO  DRAMA  FP64A  FP32A  FP16A                 PCITX                 PCIRX       GPUTL       MCUTL       MUSAM       GUSAM       POWER             TOTEC  SACLK  PSTAT  TMPTR       MMTMP  SMCLK
      Id                                                                                                                                                               W                mJ                    C           C       
     GPU 0  1.000  0.945  0.762  0.000  0.001  0.000  0.625  0.000               8754887               6836687         100           0       0.000      99.000     162.819        6239795430    975      0     34          44    975
     GPU 0  1.000  0.945  0.762  0.000  0.001  0.000  0.625  0.000               8754887               6836687         100           0       0.000      99.000     162.819        6239795430    975      0     34          44    975
     GPU 0  1.000  0.935  0.745  0.000  0.001  0.000  0.617  0.000               6869501               5571024         100           0       0.000      99.000     162.819        6239811918    975      0     34          45    975
     GPU 0  1.000  0.000  0.000  0.000  0.001  0.000  0.000  0.000               7659223               6076382         100           0       0.000      99.000     163.109        6239811918    975      0     34          44    975
     GPU 0  1.000  0.942  0.742  0.000  0.001  0.000  0.604  0.000               4738814               2726769         100           0       0.000      99.000     163.109        6239811918    975      0     34          44    975
     GPU 0  1.000  0.926  0.736  0.000  0.001  0.000  0.605  0.000               7726641               4465798         100           0       0.000      99.000     163.109        6239811918    975      0     34          44    975
     GPU 0  1.000  0.926  0.736  0.000  0.001  0.000  0.605  0.000               7726641               4465798         100           0       0.000      99.000     163.109        6239811918    975      0     34          44    975
     GPU 0  1.000  0.000  0.000  0.000  0.001  0.000  0.000  0.000               6977311               5366587         100           0       0.000      99.000     163.109        6239811918    975      0     34          44    975
     GPU 0  1.000  0.932  0.735  0.000  0.001  0.000  0.612  0.000               7397373               5659841         100           0       0.000      99.000     163.109        6239828804    975      0     34          44    975
     GPU 0  1.000  0.941  0.753  0.000  0.001  0.000  0.623  0.000               6439922               5001309         100           0       0.000      99.000     163.109        6239828804    975      0     34          44    975
     GPU 0  1.000  0.941  0.753  0.000  0.001  0.000  0.623  0.000               6439922               5001309         100           0       0.000      99.000     163.109        6239828804    975      0     34          44    975
     GPU 0  1.000  0.000  0.000  0.000  0.001  0.000  0.000  0.000               8126413               5738755         100           0       0.000      99.000     163.109        6239828804    975      0     34          44    975
     GPU 0  1.000  0.937  0.743  0.000  0.001  0.000  0.600  0.000               4125923               1327578         100           0       0.000      99.000     163.109        6239845007    975      0     34          44    975
     GPU 0  1.000  0.937  0.741  0.000  0.001  0.000  0.608  0.000              12075561               8349169         100           0       0.000      99.000     163.109        6239845007    975      0     34          45    975

# Entity  GRACT  SMACT  SMOCC  TENSO  DRAMA  FP64A  FP32A  FP16A                 PCITX                 PCIRX       GPUTL       MCUTL       MUSAM       GUSAM       POWER             TOTEC  SACLK  PSTAT  TMPTR       MMTMP  SMCLK
      Id                                                                                                                                                               W                mJ                    C           C       
     GPU 0  1.000  0.000  0.000  0.000  0.001  0.000  0.000  0.000               6529636               3769654         100           0       0.000      99.000     163.109        6239845007    975      0     34          44    975
     GPU 0  1.000  0.000  0.000  0.000  0.001  0.000  0.000  0.000               6529636               3769654         100           0       0.000      99.000     163.109        6239845007    975      0     34          45    975
     GPU 0  1.000  0.944  0.769  0.000  0.001  0.000  0.628  0.000               6979077               4858646         100           0       0.000      99.000     163.109        6239845007    975      0     34          45    975
     GPU 0  1.000  0.938  0.739  0.000  0.001  0.000  0.619  0.000               9096726               6487120         100           0       0.000      99.000     163.109        6239861481    975      0     34          45    975
     GPU 0  1.000  0.000  0.000  0.000  0.001  0.000  0.000  0.000               3683002               3347729         100           0       0.000      99.000     163.109        6239861481    975      0     34          44    975
     GPU 0  1.000  0.000  0.000  0.000  0.001  0.000  0.000  0.000               3683002               3347729         100           0       0.000      99.000     163.109        6239861481    975      0     34          44    975
     GPU 0  1.000  0.942  0.758  0.000  0.001  0.000  0.622  0.000               8931081               6733815         100           0       0.000      99.000     163.109        6239861481    975      0     34          44    975
     GPU 0  1.000  0.939  0.752  0.000  0.001  0.000  0.620  0.000               7536929               6238894         100           0       0.000      99.000     163.109        6239861481    975      0     34          44    975
     GPU 0  1.000  0.000  0.000  0.000  0.001  0.000  0.000  0.000               3578970               1365269         100           0       0.000      99.000     163.109        6239878047    975      0     34          45    975
     GPU 0  1.000  0.939  0.744  0.000  0.001  0.000  0.620  0.000               1171977               1004551         100           0       0.000      99.000     163.890        6239878047    975      0     34          45    975
     GPU 0  1.000  0.000  0.000  0.000  0.001  0.000  0.000  0.000              11078386               7772941         100           0       0.000      99.000     163.890        6239878047    975      0     34          45    975
     GPU 0  1.000  0.000  0.000  0.000  0.001  0.000  0.000  0.000              11078386               7772941         100           0       0.000      99.000     163.890        6239878047    975      0     34          45    975
     GPU 0  1.000  0.949  0.768  0.000  0.001  0.000  0.629  0.000              12038749               8659731         100           0       0.000      99.000     163.890        6239878047    975      0     34          45    975
     GPU 0  1.000  0.934  0.760  0.000  0.001  0.000  0.619  0.000               7706573               5207865         100           0       0.000      99.000     162.819        6239894552    975      0     34          45    975

# Entity  GRACT  SMACT  SMOCC  TENSO  DRAMA  FP64A  FP32A  FP16A                 PCITX                 PCIRX       GPUTL       MCUTL       MUSAM       GUSAM       POWER             TOTEC  SACLK  PSTAT  TMPTR       MMTMP  SMCLK
      Id                                                                                                                                                               W                mJ                    C           C       
     GPU 0  1.000  0.000  0.000  0.000  0.001  0.000  0.000  0.000               4677810               4175463         100           0       0.000      99.000     162.819        6239894552    975      0     34          45    975
     GPU 0  1.000  0.000  0.000  0.000  0.001  0.000  0.000  0.000               4677810               4175463         100           0       0.000      99.000     162.819        6239894552    975      0     34          45    975
     GPU 0  1.000  0.931  0.733  0.000  0.001  0.000  0.614  0.000               9920686               7326897         100           0       0.000      99.000     162.819        6239894552    975      0     34          45    975
     GPU 0  1.000  0.934  0.730  0.000  0.001  0.000  0.597  0.000               9541804               7376275         100           0       0.000      99.000     162.819        6239894552    975      0     34          45    975
     GPU 0  1.000  0.000  0.000  0.000  0.001  0.000  0.000  0.000               6431132               5144380         100           0       0.000      99.000     162.819        6239910994    975      0     34          44    975
     GPU 0  1.000  0.950  0.762  0.000  0.002  0.000  0.612  0.000               1255650               1171940         100           0       0.000      99.000     163.351        6239910994    975      0     34          45    975
     GPU 0  1.000  0.000  0.000  0.000  0.001  0.000  0.000  0.000               7407877               6344203         100           0       0.000      99.000     163.351        6239910994    975      0     34          45    975
     GPU 0  1.000  0.000  0.000  0.000  0.001  0.000  0.000  0.000               7407877               6344203         100           0       0.000      99.000     163.351        6239910994    975      0     34          44    975
     GPU 0  1.000  0.935  0.744  0.000  0.001  0.000  0.618  0.000               6813690               3915083         100           0       0.000      99.000     163.351        6239910994    975      0     34          44    975
     GPU 0  1.000  0.938  0.759  0.000  0.001  0.000  0.597  0.000               7288890               5002644         100           0       0.000      99.000     163.890        6239927582    975      0     34          45    975
     GPU 0  1.000  0.000  0.000  0.000  0.001  0.000  0.000  0.000              10426945               6685392         100           0       0.000      99.000     163.890        6239927582    975      0     34          45    975
     GPU 0  1.000  0.940  0.748  0.000  0.001  0.000  0.621  0.000               7412974               5611689         100           0       0.000      99.000     163.890        6239927582    975      0     34          45    975
     GPU 0  1.000  0.940  0.748  0.000  0.001  0.000  0.621  0.000               7412974               5611689         100           0       0.000      99.000     163.890        6239927582    975      0     34          45    975
     GPU 0  0.000  0.000  0.000  0.000  0.001  0.000  0.000  0.000            1393485685               4197136         100           0       0.000      99.000     163.890        6239927582    975      0     34          44    975

# Entity  GRACT  SMACT  SMOCC  TENSO  DRAMA  FP64A  FP32A  FP16A                 PCITX                 PCIRX       GPUTL       MCUTL       MUSAM       GUSAM       POWER             TOTEC  SACLK  PSTAT  TMPTR       MMTMP  SMCLK
      Id                                                                                                                                                               W                mJ                    C           C       
     GPU 0  0.000  0.000  0.000  0.000  0.000  0.000  0.000  0.000               8792778               5596768         100           0       0.000      99.000      88.957        6239941097    975      0     33          44    975
     GPU 0  0.000  0.000  0.000  0.000  0.000  0.000  0.000  0.000               8224766               4838505         100           0       0.000      99.000      88.957        6239941097    975      0     32          44    975
     GPU 0  0.000  0.000  0.000  0.000  0.000  0.000  0.000  0.000               3306815                275567         100           0       0.000      99.000      88.957        6239941097    975      0     31          44    975
     GPU 0  0.000  0.000  0.000  0.000  0.000  0.000  0.000  0.000               6134941               2234702         100           0       0.000      99.000      88.957        6239941097    975      0     31          45    975
     GPU 0  0.000  0.000  0.000  0.000  0.000  0.000  0.000  0.000               6134941               2234702          44           0       0.000      43.000      88.957        6239941097    975      0     31          44    975
     GPU 0  0.000  0.000  0.000  0.000  0.000  0.000  0.000  0.000               8929271               3608150          44           0       0.000      43.000      86.521        6239949922    975      0     31          44    975
     GPU 0  0.000  0.000  0.000  0.000  0.000  0.000  0.000  0.000               5221790               2109938          44           0       0.000      43.000      86.521        6239949922    975      0     31          44    975
     GPU 0  0.000  0.000  0.000  0.000  0.000  0.000  0.000  0.000               4728979               2182529          44           0       0.000      43.000      86.521        6239949922    975      0     31          44    975
     GPU 0  0.000  0.000  0.000  0.000  0.000  0.000  0.000  0.000               7073478               3899576          44           0       0.000      43.000      86.521        6239949922    975      0     30          44    975
     GPU 0  0.000  0.000  0.000  0.000  0.000  0.000  0.000  0.000               9551070               6327152          44           0       0.000      43.000      86.521        6239949922    975      0     30          45    975
     GPU 0  0.000  0.000  0.000  0.000  0.000  0.000  0.000  0.000               9130888               6157132          44           0       0.000      43.000      86.521        6239958675    975      0     30          44    975
     GPU 0  0.000  0.000  0.000  0.000  0.000  0.000  0.000  0.000               9130888               6157132          44           0       0.000      43.000      86.521        6239958675    975      0     30          45    975
     GPU 0  0.000  0.000  0.000  0.000  0.000  0.000  0.000  0.000              10804336               6861501          44           0       0.000      43.000      86.521        6239958675    975      0     30          44    975
     GPU 0  0.000  0.000  0.000  0.000  0.000  0.000  0.000  0.000               9129506               4909171          44           0       0.000      43.000      86.521        6239958675    975      0     30          44    975

# Entity  GRACT  SMACT  SMOCC  TENSO  DRAMA  FP64A  FP32A  FP16A                 PCITX                 PCIRX       GPUTL       MCUTL       MUSAM       GUSAM       POWER             TOTEC  SACLK  PSTAT  TMPTR       MMTMP  SMCLK
      Id                                                                                                                                                               W                mJ                    C           C       
     GPU 0  0.000  0.000  0.000  0.000  0.000  0.000  0.000  0.000               3063309                 41867           0           0       0.000       0.000      86.521        6239958675    975      0     30          44    975
     GPU 0  0.000  0.000  0.000  0.000  0.000  0.000  0.000  0.000               3063309                 41867           0           0       0.000       0.000      86.763        6239958675    975      0     30          44    975
     GPU 0  0.000  0.000  0.000  0.000  0.000  0.000  0.000  0.000               3141203                     0           0           0       0.000       0.000      86.763        6239967600    975      0     30          44    975
     GPU 0  0.000  0.000  0.000  0.000  0.000  0.000  0.000  0.000               2385623                331335           0           0       0.000       0.000      86.763        6239967600    975      0     30          44    975
     GPU 0  0.000  0.000  0.000  0.000  0.000  0.000  0.000  0.000               2162410                163429           0           0       0.000       0.000      86.763        6239967600    975      0     30          44    975
     GPU 0  0.000  0.000  0.000  0.000  0.000  0.000  0.000  0.000               4441958               2039059           0           0       0.000       0.000      86.763        6239967600    975      0     30          44    975
     GPU 0  0.000  0.000  0.000  0.000  0.000  0.000  0.000  0.000               6419685               3518673           0           0       0.000       0.000      86.763        6239976266    975      0     30          44    975
     GPU 0  0.000  0.000  0.000  0.000  0.000  0.000  0.000  0.000               6419685               3518673           0           0       0.000       0.000      86.763        6239976266    975      0     30          44    975
     GPU 0  0.000  0.000  0.000  0.000  0.000  0.000  0.000  0.000               9127675               5749263           0           0       0.000       0.000      86.763        6239976266    975      0     30          44    975
     GPU 0  0.000  0.000  0.000  0.000  0.000  0.000  0.000  0.000               5941569               4058001           0           0       0.000       0.000      86.763        6239976266    975      0     29          44    975
     GPU 0  0.000  0.000  0.000  0.000  0.000  0.000  0.000  0.000              10105420               5331412           0           0       0.000       0.000      86.763        6239976266    975      0     29          44    975
     GPU 0  0.000  0.000  0.000  0.000  0.000  0.000  0.000  0.000              10105420               5331412           0           0       0.000       0.000      86.763        6239985028    975      0     29          44    975
     GPU 0  0.005  0.000  0.000  0.000  0.000  0.000  0.000  0.000               4216820               7888363           0           0       0.000       0.000      86.763        6239985028    975      0     29          44    975
     GPU 0  0.005  0.000  0.000  0.000  0.000  0.000  0.000  0.000               4216820               7888363           0           0       0.000       0.000      86.763        6239985028    975      0     29          44    975

# Entity  GRACT  SMACT  SMOCC  TENSO  DRAMA  FP64A  FP32A  FP16A                 PCITX                 PCIRX       GPUTL       MCUTL       MUSAM       GUSAM       POWER             TOTEC  SACLK  PSTAT  TMPTR       MMTMP  SMCLK
      Id                                                                                                                                                               W                mJ                    C           C       
     GPU 0  0.005  0.000  0.000  0.000  0.000  0.000  0.000  0.000               4216820               7888363           0           0       0.000       0.000      86.763        6239985028    975      0     29          44    975
     GPU 0  0.000  0.000  0.000  0.000  0.000  0.000  0.000  0.000              10113424              11939459           0           0       0.000       0.000      86.763        6239985028    975      0     29          44    975
     GPU 0  0.000  0.000  0.000  0.000  0.000  0.000  0.000  0.000               8600444              11773424           0           0       0.000       0.000      86.763        6239985028    975      0     29          44    975
     GPU 0  0.000  0.000  0.000  0.000  0.000  0.000  0.000  0.000               1182394               1182394           0           0       0.000       0.000      86.763        6239993812    975      0     29          44    975
     GPU 0  0.000  0.000  0.000  0.000  0.000  0.000  0.000  0.000               1182394               1182394           0           0       0.000       0.000      86.763        6239993812    975      0     29          44    975
     GPU 0  0.000  0.000  0.000  0.000  0.000  0.000  0.000  0.000              13532540               8604505           0           0       0.000       0.000      86.763        6239993812    975      0     29          44    975
     GPU 0  0.000  0.000  0.000  0.000  0.000  0.000  0.000  0.000               1046773                677324           8           0       0.000       0.000      86.763        6239993812    975      0     29          44    975
     GPU 0  0.000  0.000  0.000  0.000  0.000  0.000  0.000  0.000               4376588               4345755           8           0       0.000       0.000      86.521        6240002576    975      0     29          44    975
     GPU 0  0.000  0.000  0.000  0.000  0.000  0.000  0.000  0.000               7750754               4618397           8           0       0.000       0.000      86.521        6240002576    975      0     29          44    975
     GPU 0  0.000  0.000  0.000  0.000  0.000  0.000  0.000  0.000               8715494               5164934           8           0       0.000       0.000      86.521        6240002576    975      0     29          44    975
     GPU 0  0.000  0.000  0.000  0.000  0.000  0.000  0.000  0.000               8715494               5164934           8           0       0.000       0.000      86.521        6240002576    975      0     29          44    975
     GPU 0  0.000  0.000  0.000  0.000  0.000  0.000  0.000  0.000              10749431               7123059           8           0       0.000       0.000      86.521        6240002576    975      0     29          44    975
     GPU 0  0.000  0.000  0.000  0.000  0.000  0.000  0.000  0.000               9388369               5924226           8           0       0.000       0.000      86.763        6240002576    975      0     29          44    975
     GPU 0  0.000  0.000  0.000  0.000  0.000  0.000  0.000  0.000              11289829               7607450           8           0       0.000       0.000      86.763        6240011368    975      0     29          44    975

# Entity  GRACT  SMACT  SMOCC  TENSO  DRAMA  FP64A  FP32A  FP16A                 PCITX                 PCIRX       GPUTL       MCUTL       MUSAM       GUSAM       POWER             TOTEC  SACLK  PSTAT  TMPTR       MMTMP  SMCLK
      Id                                                                                                                                                               W                mJ                    C           C       
     GPU 0  0.000  0.000  0.000  0.000  0.000  0.000  0.000  0.000              12000510               7557299           8           0       0.000       0.000      86.763        6240011368    975      0     29          44    975
     GPU 0  0.000  0.000  0.000  0.000  0.000  0.000  0.000  0.000               5161963               3044972           8           0       0.000       0.000      86.763        6240011368    975      0     29          44    975
     GPU 0  0.000  0.000  0.000  0.000  0.000  0.000  0.000  0.000              10428892               6366182           8           0       0.000       0.000      86.763        6240011368    975      0     29          44    975
     GPU 0  0.000  0.000  0.000  0.000  0.000  0.000  0.000  0.000               9192842               5851812           0           0       0.000       0.000      86.763        6240020124    975      0     29          44    975
     GPU 0  0.000  0.000  0.000  0.000  0.000  0.000  0.000  0.000               7532857               4206839           0           0       0.000       0.000      86.521        6240020124    975      0     29          44    975
     GPU 0  0.000  0.000  0.000  0.000  0.000  0.000  0.000  0.000               7532857               4206839           0           0       0.000       0.000      86.521        6240020124    975      0     29          44    975
     GPU 0  0.000  0.000  0.000  0.000  0.000  0.000  0.000  0.000               9544094               5865179           0           0       0.000       0.000      86.521        6240020124    975      0     29          44    975
     GPU 0  0.000  0.000  0.000  0.000  0.000  0.000  0.000  0.000               7341821               4258277           0           0       0.000       0.000      86.521        6240020124    975      0     29          44    975
     GPU 0  0.000  0.000  0.000  0.000  0.000  0.000  0.000  0.000                920213                 83655           0           0       0.000       0.000      86.521        6240028854    975      0     29          44    975
     GPU 0  0.000  0.000  0.000  0.000  0.000  0.000  0.000  0.000                920213                 83655           0           0       0.000       0.000      86.521        6240028854    975      0     29          44    975
     GPU 0  0.000  0.000  0.000  0.000  0.000  0.000  0.000  0.000               6215776               3892137           0           0       0.000       0.000      86.521        6240028854    975      0     29          44    975
     GPU 0  0.000  0.000  0.000  0.000  0.000  0.000  0.000  0.000               9251918               6248656           0           0       0.000       0.000      86.521        6240028854    975      0     29          44    975
     GPU 0  0.000  0.000  0.000  0.000  0.000  0.000  0.000  0.000               6700082               4194147           0           0       0.000       0.000      86.521        6240028854    975      0     29          44    975
     GPU 0  0.000  0.000  0.000  0.000  0.000  0.000  0.000  0.000               3297209                274767           0           0       0.000       0.000      86.521        6240028854    975      0     29          44    975

# Entity  GRACT  SMACT  SMOCC  TENSO  DRAMA  FP64A  FP32A  FP16A                 PCITX                 PCIRX       GPUTL       MCUTL       MUSAM       GUSAM       POWER             TOTEC  SACLK  PSTAT  TMPTR       MMTMP  SMCLK
      Id                                                                                                                                                               W                mJ                    C           C       
     GPU 0  0.000  0.000  0.000  0.000  0.000  0.000  0.000  0.000               5582693               3245752           0           0       0.000       0.000      86.763        6240037619    975      0     29          44    975
     GPU 0  0.000  0.000  0.000  0.000  0.000  0.000  0.000  0.000               4662432               1994853           0           0       0.000       0.000      86.763        6240037619    975      0     29          44    975
     GPU 0  0.000  0.000  0.000  0.000  0.000  0.000  0.000  0.000               4662432               1994853           0           0       0.000       0.000      86.763        6240037619    975      0     29          44    975
     GPU 0  0.000  0.000  0.000  0.000  0.000  0.000  0.000  0.000               6605345               3929695           0           0       0.000       0.000      86.763        6240037619    975      0     29          44    975
     GPU 0  0.000  0.000  0.000  0.000  0.000  0.000  0.000  0.000               7603273               4905327           0           0       0.000       0.000      86.521        6240037619    975      0     29          44    975
     GPU 0  0.000  0.000  0.000  0.000  0.000  0.000  0.000  0.000               7603273               4905327           0           0       0.000       0.000      86.521        6240046445    975      0     29          44    975
     GPU 0  0.000  0.000  0.000  0.000  0.000  0.000  0.000  0.000               4770198               2719184           0           0       0.000       0.000      86.521        6240046445    975      0     29          44    975
     GPU 0  0.000  0.000  0.000  0.000  0.000  0.000  0.000  0.000               8445177               5691502           0           0       0.000       0.000      86.521        6240046445    975      0     29          44    975
     GPU 0  0.000  0.000  0.000  0.000  0.000  0.000  0.000  0.000               6665559               4485939           0           0       0.000       0.000      86.521        6240046445    975      0     29          44    975
     GPU 0  0.000  0.000  0.000  0.000  0.000  0.000  0.000  0.000               3066618                 83715           0           0       0.000       0.000      86.521        6240055143    975      0     29          44    975
     GPU 0  0.000  0.000  0.000  0.000  0.000  0.000  0.000  0.000               3255052                232923           0           0       0.000       0.000      86.521        6240055143    975      0     29          44    975
     GPU 0  0.000  0.000  0.000  0.000  0.000  0.000  0.000  0.000               5506876               1919553           0           0       0.000       0.000      86.521        6240055143    975      0     29          44    975
     GPU 0  0.000  0.000  0.000  0.000  0.000  0.000  0.000  0.000               5506876               1919553           0           0       0.000       0.000      86.521        6240055143    975      0     29          44    975
     GPU 0  0.000  0.000  0.000  0.000  0.000  0.000  0.000  0.000               5356831               2904397           0           0       0.000       0.000      86.521        6240055143    975      0     29          44    975

# Entity  GRACT  SMACT  SMOCC  TENSO  DRAMA  FP64A  FP32A  FP16A                 PCITX                 PCIRX       GPUTL       MCUTL       MUSAM       GUSAM       POWER             TOTEC  SACLK  PSTAT  TMPTR       MMTMP  SMCLK
      Id                                                                                                                                                               W                mJ                    C           C       
     GPU 0  0.000  0.000  0.000  0.000  0.000  0.000  0.000  0.000               6891494               4132231           0           0       0.000       0.000      86.521        6240055143    975      0     29          44    975
     GPU 0  0.000  0.000  0.000  0.000  0.000  0.000  0.000  0.000               8272957               5330295           0           0       0.000       0.000      86.521        6240063903    975      0     29          44    975
     GPU 0  0.000  0.000  0.000  0.000  0.000  0.000  0.000  0.000               8272957               5330295           0           0       0.000       0.000      86.521        6240063903    975      0     28          44    975
     GPU 0  0.000  0.000  0.000  0.000  0.000  0.000  0.000  0.000               3937041               3056739           0           0       0.000       0.000      86.521        6240063903    975      0     28          44    975
     GPU 0  0.000  0.000  0.000  0.000  0.000  0.000  0.000  0.000               9332761               5914138           0           0       0.000       0.000      86.521        6240063903    975      0     28          44    975
     GPU 0  0.000  0.000  0.000  0.000  0.000  0.000  0.000  0.000               7464881               5201157           0           0       0.000       0.000      86.521        6240063903    975      0     28          44    975
     GPU 0  0.000  0.000  0.000  0.000  0.000  0.000  0.000  0.000               4400083               2112432           0           0       0.000       0.000      86.521        6240072634    975      0     28          44    975
     GPU 0  0.000  0.000  0.000  0.000  0.000  0.000  0.000  0.000               3017113                274283           0           0       0.000       0.000      86.521        6240072634    975      0     28          44    975
     GPU 0  0.000  0.000  0.000  0.000  0.000  0.000  0.000  0.000               6519325               3725328           0           0       0.000       0.000      86.521        6240072634    975      0     28          44    975
     GPU 0  0.000  0.000  0.000  0.000  0.000  0.000  0.000  0.000               6519325               3725328           0           0       0.000       0.000      86.521        6240072634    975      0     28          44    975
     GPU 0  0.000  0.000  0.000  0.000  0.000  0.000  0.000  0.000               3257367                 41907           0           0       0.000       0.000      86.521        6240072634    975      0     28          44    975
     GPU 0  0.000  0.000  0.000  0.000  0.000  0.000  0.000  0.000               4443285               2014478           0           0       0.000       0.000      86.521        6240081502    975      0     28          44    975
     GPU 0  0.000  0.000  0.000  0.000  0.000  0.000  0.000  0.000               6388872               2826004           0           0       0.000       0.000      86.521        6240081502    975      0     28          44    975
     GPU 0  0.000  0.000  0.000  0.000  0.000  0.000  0.000  0.000               4866331               2565153           0           0       0.000       0.000      86.521        6240081502    975      0     28          44    975

# Entity  GRACT  SMACT  SMOCC  TENSO  DRAMA  FP64A  FP32A  FP16A                 PCITX                 PCIRX       GPUTL       MCUTL       MUSAM       GUSAM       POWER             TOTEC  SACLK  PSTAT  TMPTR       MMTMP  SMCLK
      Id                                                                                                                                                               W                mJ                    C           C       
     GPU 0  0.000  0.000  0.000  0.000  0.000  0.000  0.000  0.000               4866331               2565153           0           0       0.000       0.000      86.521        6240081502    975      0     28          44    975
     GPU 0  0.000  0.000  0.000  0.000  0.000  0.000  0.000  0.000               5957321               3682764           0           0       0.000       0.000      86.521        6240081502    975      0     28          44    975
     GPU 0  0.000  0.000  0.000  0.000  0.000  0.000  0.000  0.000               2709692               2115749           0           0       0.000       0.000      86.521        6240090162    975      0     28          44    975
     GPU 0  0.000  0.000  0.000  0.000  0.000  0.000  0.000  0.000               2709692               2115749           0           0       0.000       0.000      86.521        6240090162    975      0     28          44    975
     GPU 0  0.000  0.000  0.000  0.000  0.000  0.000  0.000  0.000               5523414               1894713           0           0       0.000       0.000      86.521        6240090162    975      0     28          44    975
     GPU 0  0.000  0.000  0.000  0.000  0.000  0.000  0.000  0.000               5774588               3133909           0           0       0.000       0.000      86.521        6240090162    975      0     28          44    975
     GPU 0  0.000  0.000  0.000  0.000  0.000  0.000  0.000  0.000               5310034               4150657           0           0       0.000       0.000      86.521        6240090162    975      0     28          44    975
     GPU 0  0.000  0.000  0.000  0.000  0.000  0.000  0.000  0.000               5310034               4150657           0           0       0.000       0.000      86.521        6240098990    975      0     28          44    975
     GPU 0  0.000  0.000  0.000  0.000  0.000  0.000  0.000  0.000               6194457               3448997           0           0       0.000       0.000      86.521        6240098990    975      0     28          44    975
     GPU 0  0.000  0.000  0.000  0.000  0.000  0.000  0.000  0.000               4586160               3541607           0           0       0.000       0.000      86.521        6240098990    975      0     28          44    975
