# Entity  GRACT  SMACT  SMOCC  TENSO  DRAMA  FP64A  FP32A  FP16A                 PCITX                 PCIRX       GPUTL       MCUTL       MUSAM       GUSAM       POWER             TOTEC  SACLK  PSTAT  TMPTR       MMTMP  SMCLK
      Id                                                                                                                                                               W                mJ                    C           C       
     GPU 0  0.000  0.000  0.000  0.000  0.000  0.000  0.000  0.000             118438761              10767160           0           0       0.000       0.000      77.020        3754241339   1155      0     27          43    210
     GPU 0  0.000  0.000  0.000  0.000  0.000  0.000  0.000  0.000               8570066               4353024           0           0       0.000       0.000      77.020        3754241339   1155      0     27          42    210
     GPU 0  0.000  0.000  0.000  0.000  0.000  0.000  0.000  0.000               8570066               4353024           0           0       0.000       0.000      77.020        3754241339   1155      0     27          42    210
     GPU 0  0.000  0.000  0.000  0.000  0.000  0.000  0.000  0.000               6545452               2365680           0           0       0.000       0.000      78.632        3754249310   1155      0     27          42    210
     GPU 0  0.000  0.000  0.000  0.000  0.000  0.000  0.000  0.000               9091584               5075678           0           0       0.000       0.000      78.632        3754249310   1155      0     27          42    210
     GPU 0  0.000  0.000  0.000  0.000  0.000  0.000  0.000  0.000               8192471               5734295           0           0       0.000       0.000      78.632        3754249310   1155      0     27          42    210
     GPU 0  0.000  0.000  0.000  0.000  0.000  0.000  0.000  0.000               8192471               5734295           0           0       0.000       0.000      78.632        3754249310   1155      0     27          42    210
     GPU 0  0.000  0.000  0.000  0.000  0.000  0.000  0.000  0.000               3088750                989068           0           0       0.000       0.000      78.632        3754249310   1155      0     27          42    210
     GPU 0  0.000  0.000  0.000  0.000  0.000  0.000  0.000  0.000               1003942                250985           0           0       0.000       0.000      78.632        3754257260   1155      0     27          42    210
     GPU 0  0.000  0.000  0.000  0.000  0.000  0.000  0.000  0.000               5064713               4230598           0           0       0.000       0.000      78.632        3754257260   1155      0     27          42    210
     GPU 0  0.000  0.000  0.000  0.000  0.000  0.000  0.000  0.000               3180700                232072           0           0       0.000       0.000      78.632        3754257260   1155      0     27          42    210
     GPU 0  0.000  0.000  0.000  0.000  0.000  0.000  0.000  0.000               1919558                 83775           0           0       0.000       0.000      78.632        3754257260   1155      0     27          42    210
     GPU 0  0.000  0.000  0.000  0.000  0.000  0.000  0.000  0.000               3896984               1684825           0           0       0.000       0.000      78.632        3754257260   1155      0     27          42    210
     GPU 0  0.000  0.000  0.000  0.000  0.000  0.000  0.000  0.000               3896984               1684825           0           0       0.000       0.000      78.632        3754265079   1155      0     27          42    210
     GPU 0  0.000  0.000  0.000  0.000  0.000  0.000  0.000  0.000               6184951               3555493           0           0       0.000       0.000      78.632        3754265079   1155      0     27          42    210

# Entity  GRACT  SMACT  SMOCC  TENSO  DRAMA  FP64A  FP32A  FP16A                 PCITX                 PCIRX       GPUTL       MCUTL       MUSAM       GUSAM       POWER             TOTEC  SACLK  PSTAT  TMPTR       MMTMP  SMCLK
      Id                                                                                                                                                               W                mJ                    C           C       
     GPU 0  0.000  0.000  0.000  0.000  0.000  0.000  0.000  0.000               8251726               5735728           0           0       0.000       0.000      78.632        3754265079   1155      0     27          42    210
     GPU 0  0.000  0.000  0.000  0.000  0.000  0.000  0.000  0.000               8251726               5735728           0           0       0.000       0.000      78.632        3754265079   1155      0     27          42    210
     GPU 0  0.000  0.000  0.000  0.000  0.000  0.000  0.000  0.000               5124491               3331726           0           0       0.000       0.000      78.632        3754265079   1155      0     27          42    210
     GPU 0  0.000  0.000  0.000  0.000  0.000  0.000  0.000  0.000                919992                 83635           0           0       0.000       0.000      78.632        3754273120   1155      0     27          42    210
     GPU 0  0.000  0.000  0.000  0.000  0.000  0.000  0.000  0.000               8194958               5677551           0           0       0.000       0.000      78.632        3754273120   1155      0     27          42    210
     GPU 0  0.000  0.000  0.000  0.000  0.000  0.000  0.000  0.000               3429849               2598707           0           0       0.000       0.000      78.632        3754273120   1155      0     27          42    210
     GPU 0  0.000  0.000  0.000  0.000  0.000  0.000  0.000  0.000               6944882               5801527           0           0       0.000       0.000      78.632        3754273120   1155      0     27          43    210
     GPU 0  0.000  0.000  0.000  0.000  0.000  0.000  0.000  0.000               6944882               5801527           0           0       0.000       0.000      78.632        3754273120   1155      0     27          42    210
     GPU 0  0.000  0.000  0.000  0.000  0.000  0.000  0.000  0.000               5870098               5419999           0           0       0.000       0.000      78.632        3754280938   1155      0     27          42    210
     GPU 0  0.000  0.000  0.000  0.000  0.000  0.000  0.000  0.000              10099871               5719825           0           0       0.000       0.000      78.632        3754280938   1155      0     27          42    210
     GPU 0  0.000  0.000  0.000  0.000  0.000  0.000  0.000  0.000               5191979              22854888           0           0       0.000       0.000      78.632        3754280938   1155      0     27          42    210
     GPU 0  0.000  0.000  0.000  0.000  0.000  0.000  0.000  0.000               5191979              22854888           0           0       0.000       0.000      78.632        3754280938   1155      0     27          43    210
     GPU 0  0.000  0.000  0.000  0.000  0.000  0.000  0.000  0.000              11949896              20220639           0           0       0.000       0.000      78.632        3754280938   1155      0     27          42    210
     GPU 0  0.000  0.000  0.000  0.000  0.000  0.000  0.000  0.000               1341600               1192533           0           0       0.000       0.000      78.923        3754288890   1155      0     27          42    210

# Entity  GRACT  SMACT  SMOCC  TENSO  DRAMA  FP64A  FP32A  FP16A                 PCITX                 PCIRX       GPUTL       MCUTL       MUSAM       GUSAM       POWER             TOTEC  SACLK  PSTAT  TMPTR       MMTMP  SMCLK
      Id                                                                                                                                                               W                mJ                    C           C       
     GPU 0  0.000  0.000  0.000  0.000  0.000  0.000  0.000  0.000               2502319               2752551           0           0       0.000       0.000      78.923        3754288890   1155      0     27          42    210
     GPU 0  0.000  0.000  0.000  0.000  0.000  0.000  0.000  0.000               6827258               4640402           0           0       0.000       0.000      78.923        3754288890   1155      0     27          42    210
     GPU 0  0.000  0.000  0.000  0.000  0.000  0.000  0.000  0.000               6827258               4640402           0           0       0.000       0.000      78.923        3754288890   1155      0     27          42    210
     GPU 0  0.000  0.000  0.000  0.000  0.000  0.000  0.000  0.000                932120                573612           0           0       0.000       0.000      78.923        3754288890   1155      0     27          42    210
     GPU 0  0.000  0.000  0.000  0.000  0.000  0.000  0.000  0.000               1667665               2918414           0           0       0.000       0.000      78.632        3754296968   1155      0     27          42    210
     GPU 0  0.000  0.000  0.000  0.000  0.000  0.000  0.000  0.000               1667665               2918414           0           0       0.000       0.000      78.632        3754296968   1155      0     27          44    210
     GPU 0  0.000  0.000  0.000  0.000  0.000  0.000  0.000  0.000               3733904               3294621           0           0       0.000       0.000      78.632        3754296968   1155      0     27          42    210
     GPU 0  0.000  0.000  0.000  0.000  0.000  0.000  0.000  0.000               1004128                860681           0           0       0.000       0.000      78.632        3754296968   1155      0     27          42    210
     GPU 0  0.000  0.000  0.000  0.000  0.000  0.000  0.000  0.000               1004128                860681           0           0       0.000       0.000      78.632        3754296968   1155      0     27          43    210
     GPU 0  0.000  0.000  0.000  0.000  0.000  0.000  0.000  0.000               1004128                860681           0           0       0.000       0.000      78.632        3754304816   1155      0     27          43    210
     GPU 0  0.000  0.000  0.000  0.000  0.000  0.000  0.000  0.000               9068385               7128112           0           0       0.000       0.000      78.632        3754304816   1155      0     27          44    210
     GPU 0  0.000  0.000  0.000  0.000  0.000  0.000  0.000  0.000               9068385               7128112           0           0       0.000       0.000      78.632        3754304816   1155      0     27          43    210
     GPU 0  0.000  0.000  0.000  0.000  0.000  0.000  0.000  0.000               5233345              13457175           0           0       0.000       0.000      78.632        3754304816   1155      0     27          43    210
     GPU 0  0.000  0.000  0.000  0.000  0.000  0.000  0.000  0.000               6549799              24872657           0           0       0.000       0.000      78.632        3754304816   1155      0     27          42    210

# Entity  GRACT  SMACT  SMOCC  TENSO  DRAMA  FP64A  FP32A  FP16A                 PCITX                 PCIRX       GPUTL       MCUTL       MUSAM       GUSAM       POWER             TOTEC  SACLK  PSTAT  TMPTR       MMTMP  SMCLK
      Id                                                                                                                                                               W                mJ                    C           C       
     GPU 0  0.000  0.000  0.000  0.000  0.000  0.000  0.000  0.000               8760307              16651272           0           0       0.000       0.000      78.632        3754312752   1155      0     27          42    210
     GPU 0  0.000  0.000  0.000  0.000  0.000  0.000  0.000  0.000               8760307              16651272           0           0       0.000       0.000      78.632        3754312752   1155      0     27          42    210
     GPU 0  0.323  0.000  0.000  0.000  0.000  0.000  0.000  0.000              11913825              13385881           0           0       0.000       0.000      78.632        3754312752   1155      0     27          42   1155
     GPU 0  0.019  0.000  0.000  0.000  0.000  0.000  0.000  0.000              14595082              79201488           0           0       0.000       0.000      78.632        3754312752   1155      0     27          42   1155
     GPU 0  0.013  0.000  0.000  0.000  0.001  0.000  0.000  0.000             341765710            3014214445           0           0       0.000       0.000      78.632        3754312752   1155      0     27          43   1155
     GPU 0  0.013  0.000  0.000  0.000  0.001  0.000  0.000  0.000             341765710            3014214445           0           0       0.000       0.000      89.787        3754321136   1155      0     27          42   1155
     GPU 0  0.500  0.000  0.000  0.000  0.002  0.000  0.000  0.000             375618299            3293922228           0           0       0.000      19.000      89.787        3754321136   1155      0     27          44   1155
     GPU 0  1.000  0.935  0.747  0.000  0.001  0.000  0.607  0.000              11376536               8323552          19           0       0.000      19.000      89.787        3754321136   1155      0     29          42   1155
     GPU 0  1.000  0.000  0.000  0.000  0.002  0.000  0.000  0.000               9106787               6685512          19           0       0.000      19.000      89.787        3754321136   1155      0     30          44   1155
     GPU 0  1.000  0.936  0.739  0.000  0.001  0.000  0.620  0.000               8556322               5714436          19           0       0.000      19.000      89.787        3754321136   1155      0     31          44   1155
     GPU 0  1.000  0.926  0.747  0.000  0.001  0.000  0.611  0.000              10077238               7331905          19           0       0.000      19.000     189.389        3754338570   1155      0     31          42   1155
     GPU 0  1.000  0.926  0.747  0.000  0.001  0.000  0.611  0.000              10077238               7331905          19           0       0.000      19.000     189.389        3754338570   1155      0     31          44   1155
     GPU 0  1.000  0.000  0.000  0.000  0.001  0.000  0.000  0.000               6471537               5396734          19           0       0.000      19.000     189.389        3754338570   1155      0     31          44   1155
     GPU 0  1.000  0.930  0.753  0.000  0.001  0.000  0.614  0.000              10454862               7910428          19           0       0.000      19.000     189.389        3754338570   1155      0     32          43   1155

# Entity  GRACT  SMACT  SMOCC  TENSO  DRAMA  FP64A  FP32A  FP16A                 PCITX                 PCIRX       GPUTL       MCUTL       MUSAM       GUSAM       POWER             TOTEC  SACLK  PSTAT  TMPTR       MMTMP  SMCLK
      Id                                                                                                                                                               W                mJ                    C           C       
     GPU 0  1.000  0.936  0.747  0.000  0.001  0.000  0.619  0.000              10478604               7888672          19           0       0.000      19.000     189.389        3754356923   1155      0     32          43   1155
     GPU 0  1.000  0.000  0.000  0.000  0.001  0.000  0.000  0.000              10351378               7907711          19           0       0.000      19.000     188.269        3754356923   1155      0     32          44   1155
     GPU 0  1.000  0.936  0.738  0.000  0.002  0.000  0.598  0.000              10405716               7773594          19           0       0.000      19.000     188.269        3754356923   1155      0     32          43   1155
     GPU 0  1.000  0.934  0.757  0.000  0.002  0.000  0.619  0.000              10913214               8238130         100           0       0.000      99.000     188.269        3754356923   1155      0     32          43   1155
     GPU 0  1.000  0.000  0.000  0.000  0.001  0.000  0.000  0.000               9819411               7254578         100           0       0.000      99.000     188.269        3754356923   1155      0     32          43   1155
     GPU 0  1.000  0.928  0.740  0.000  0.002  0.000  0.612  0.000              10215516               7918035         100           0       0.000      99.000     188.269        3754356923   1155      0     32          43   1155
     GPU 0  1.000  0.928  0.740  0.000  0.002  0.000  0.612  0.000              10215516               7918035         100           0       0.000      99.000     187.730        3754376073   1155      0     33          43   1155
     GPU 0  1.000  0.935  0.741  0.000  0.001  0.000  0.602  0.000              11888856               7604699         100           0       0.000      99.000     187.730        3754376073   1155      0     33          43   1155
     GPU 0  1.000  0.000  0.000  0.000  0.001  0.000  0.000  0.000               6385395               3593895         100           0       0.000      99.000     187.730        3754376073   1155      0     33          43   1155
     GPU 0  1.000  0.933  0.742  0.000  0.002  0.000  0.617  0.000               6993612               4309058         100           0       0.000      99.000     187.730        3754376073   1155      0     33          43   1155
     GPU 0  1.000  0.940  0.736  0.000  0.002  0.000  0.596  0.000               7015785               5112086         100           0       0.000      99.000     188.269        3754394981   1155      0     33          43   1155
     GPU 0  1.000  0.000  0.000  0.000  0.001  0.000  0.000  0.000               9389332               6592145         100           0       0.000      99.000     188.269        3754394981   1155      0     33          43   1155
     GPU 0  1.000  0.941  0.752  0.000  0.001  0.000  0.622  0.000              10299511               7678604         100           0       0.000      99.000     188.269        3754394981   1155      0     33          43   1155
     GPU 0  1.000  0.941  0.752  0.000  0.001  0.000  0.622  0.000              10299511               7678604         100           0       0.000      99.000     188.269        3754394981   1155      0     33          44   1155

# Entity  GRACT  SMACT  SMOCC  TENSO  DRAMA  FP64A  FP32A  FP16A                 PCITX                 PCIRX       GPUTL       MCUTL       MUSAM       GUSAM       POWER             TOTEC  SACLK  PSTAT  TMPTR       MMTMP  SMCLK
      Id                                                                                                                                                               W                mJ                    C           C       
     GPU 0  1.000  0.943  0.750  0.000  0.001  0.000  0.626  0.000              10669283               7951736         100           0       0.000      99.000     188.269        3754394981   1155      0     33          43   1155
     GPU 0  1.000  0.000  0.000  0.000  0.002  0.000  0.000  0.000               8032214               6028930         100           0       0.000      99.000     188.269        3754394981   1155      0     33          43   1155
     GPU 0  1.000  0.938  0.743  0.000  0.002  0.000  0.604  0.000               6697053               4726297         100           0       0.000      99.000     188.850        3754414031   1155      0     33          44   1155
     GPU 0  1.000  0.938  0.743  0.000  0.002  0.000  0.604  0.000               6697053               4726297         100           0       0.000      99.000     188.850        3754414031   1155      0     34          44   1155
     GPU 0  1.000  0.936  0.739  0.000  0.001  0.000  0.617  0.000              11278302               8313005         100           0       0.000      99.000     188.850        3754414031   1155      0     34          44   1155
     GPU 0  1.000  0.000  0.000  0.000  0.001  0.000  0.000  0.000               8554403               6206879         100           0       0.000      99.000     188.850        3754414031   1155      0     34          44   1155
     GPU 0  1.000  0.940  0.751  0.000  0.002  0.000  0.608  0.000               9699590               7323226         100           0       0.000      99.000     188.850        3754433047   1155      0     34          43   1155
     GPU 0  1.000  0.935  0.741  0.000  0.002  0.000  0.618  0.000              10699375               8234348         100           0       0.000      99.000     188.559        3754433047   1155      0     34          43   1155
     GPU 0  1.000  0.000  0.000  0.000  0.001  0.000  0.000  0.000              10722436               7968611         100           0       0.000      99.000     188.559        3754433047   1155      0     34          43   1155
     GPU 0  1.000  0.934  0.736  0.000  0.002  0.000  0.616  0.000              10777219               8227365         100           0       0.000      99.000     188.559        3754433047   1155      0     34          43   1155
     GPU 0  1.000  0.938  0.736  0.000  0.002  0.000  0.601  0.000              10421161               8009050         100           0       0.000      99.000     188.559        3754433047   1155      0     34          43   1155
     GPU 0  1.000  0.000  0.000  0.000  0.001  0.000  0.000  0.000              10786224               8163396         100           0       0.000      99.000     188.559        3754433047   1155      0     34          43   1155
     GPU 0  1.000  0.000  0.000  0.000  0.001  0.000  0.000  0.000              10786224               8163396         100           0       0.000      99.000     187.488        3754452206   1155      0     34          43   1155
     GPU 0  1.000  0.936  0.740  0.000  0.001  0.000  0.617  0.000              11285892               7152173         100           0       0.000      99.000     187.488        3754452206   1155      0     34          43   1155

# Entity  GRACT  SMACT  SMOCC  TENSO  DRAMA  FP64A  FP32A  FP16A                 PCITX                 PCIRX       GPUTL       MCUTL       MUSAM       GUSAM       POWER             TOTEC  SACLK  PSTAT  TMPTR       MMTMP  SMCLK
      Id                                                                                                                                                               W                mJ                    C           C       
     GPU 0  1.000  0.886  0.698  0.000  0.001  0.000  0.560  0.000               6161421               3759134         100           0       0.000      99.000     187.488        3754452206   1155      0     34          43   1155
     GPU 0  1.000  0.000  0.000  0.000  0.001  0.000  0.000  0.000               8032938               4915716         100           0       0.000      99.000     187.488        3754452206   1155      0     34          43   1155
     GPU 0  1.000  0.946  0.751  0.000  0.001  0.000  0.625  0.000               8110796               5414388         100           0       0.000      99.000     187.488        3754471196   1155      0     34          43   1155
     GPU 0  1.000  0.931  0.734  0.000  0.001  0.000  0.614  0.000              10108800               7384456         100           0       0.000      99.000     189.098        3754471196   1155      0     34          43   1155
     GPU 0  1.000  0.000  0.000  0.000  0.002  0.000  0.000  0.000              10116898               7525265         100           0       0.000      99.000     189.098        3754471196   1155      0     34          43   1155
     GPU 0  1.000  0.000  0.000  0.000  0.002  0.000  0.000  0.000              10116898               7525265         100           0       0.000      99.000     189.098        3754471196   1155      0     34          43   1155
     GPU 0  1.000  0.944  0.743  0.000  0.002  0.000  0.608  0.000              10185660               7852571         100           0       0.000      99.000     189.098        3754471196   1155      0     34          43   1155
     GPU 0  1.000  0.943  0.747  0.000  0.001  0.000  0.622  0.000              10049716               7663649         100           0       0.000      99.000     189.098        3754471196   1155      0     34          43   1155
     GPU 0  1.000  0.000  0.000  0.000  0.001  0.000  0.000  0.000              10459788               7975792         100           0       0.000      99.000     189.098        3754490321   1155      0     34          43   1155
     GPU 0  1.000  0.000  0.000  0.000  0.001  0.000  0.000  0.000              10459788               7975792         100           0       0.000      99.000     189.098        3754490321   1155      0     34          43   1155
     GPU 0  1.000  0.951  0.771  0.000  0.002  0.000  0.613  0.000               4304734               4007340         100           0       0.000      99.000     189.098        3754490321   1155      0     35          43   1155
     GPU 0  1.000  0.943  0.757  0.000  0.002  0.000  0.624  0.000               3471432               1577370         100           0       0.000      99.000     189.098        3754490321   1155      0     35          43   1155
     GPU 0  1.000  0.000  0.000  0.000  0.002  0.000  0.000  0.000               6192698               4062117         100           0       0.000      99.000     188.559        3754509370   1155      0     35          43   1155
     GPU 0  1.000  0.947  0.753  0.000  0.002  0.000  0.611  0.000               6926711               4898973         100           0       0.000      99.000     188.559        3754509370   1155      0     35          43   1155

# Entity  GRACT  SMACT  SMOCC  TENSO  DRAMA  FP64A  FP32A  FP16A                 PCITX                 PCIRX       GPUTL       MCUTL       MUSAM       GUSAM       POWER             TOTEC  SACLK  PSTAT  TMPTR       MMTMP  SMCLK
      Id                                                                                                                                                               W                mJ                    C           C       
     GPU 0  1.000  0.936  0.759  0.000  0.001  0.000  0.619  0.000               8824575               6310768         100           0       0.000      99.000     188.559        3754509370   1155      0     35          44   1155
     GPU 0  1.000  0.000  0.000  0.000  0.001  0.000  0.000  0.000              10023598               7652060         100           0       0.000      99.000     188.559        3754509370   1155      0     35          43   1155
     GPU 0  1.000  0.000  0.000  0.000  0.001  0.000  0.000  0.000              10023598               7652060         100           0       0.000      99.000     188.559        3754509370   1155      0     35          44   1155
     GPU 0  1.000  0.947  0.751  0.000  0.002  0.000  0.625  0.000              10343540               7919254         100           0       0.000      99.000     188.559        3754509370   1155      0     35          43   1155
     GPU 0  1.000  0.942  0.756  0.000  0.001  0.000  0.614  0.000              10026879               7793188         100           0       0.000      99.000     189.631        3754528466   1155      0     35          44   1155
     GPU 0  1.000  0.000  0.000  0.000  0.001  0.000  0.000  0.000              11247156               8404466         100           0       0.000      99.000     189.631        3754528466   1155      0     35          43   1155
     GPU 0  1.000  0.000  0.000  0.000  0.001  0.000  0.000  0.000              11247156               8404466         100           0       0.000      99.000     189.631        3754528466   1155      0     35          44   1155
     GPU 0  1.000  0.940  0.767  0.000  0.001  0.000  0.624  0.000               6470158               5037957         100           0       0.000      99.000     189.631        3754528466   1155      0     35          43   1155
     GPU 0  1.000  0.922  0.733  0.000  0.001  0.000  0.610  0.000               3424552               1368939         100           0       0.000      99.000     189.098        3754528466   1155      0     35          43   1155
     GPU 0  1.000  0.000  0.000  0.000  0.001  0.000  0.000  0.000               1255992               1255992         100           0       0.000      99.000     189.098        3754547903   1155      0     35          43   1155
     GPU 0  1.000  0.937  0.737  0.000  0.001  0.000  0.618  0.000               7492509               6404251         100           0       0.000      99.000     189.098        3754547903   1155      0     35          43   1155
     GPU 0  1.000  0.000  0.000  0.000  0.001  0.000  0.000  0.000               2727285               2354972         100           0       0.000      99.000     189.098        3754547903   1155      0     35          43   1155
     GPU 0  1.000  0.943  0.742  0.000  0.001  0.000  0.619  0.000               2288127               1273793         100           0       0.000      99.000     189.098        3754547903   1155      0     35          43   1155
     GPU 0  1.000  0.943  0.742  0.000  0.001  0.000  0.619  0.000               2288127               1273793         100           0       0.000      99.000     189.098        3754547903   1155      0     35          43   1155

# Entity  GRACT  SMACT  SMOCC  TENSO  DRAMA  FP64A  FP32A  FP16A                 PCITX                 PCIRX       GPUTL       MCUTL       MUSAM       GUSAM       POWER             TOTEC  SACLK  PSTAT  TMPTR       MMTMP  SMCLK
      Id                                                                                                                                                               W                mJ                    C           C       
     GPU 0  1.000  0.937  0.748  0.000  0.002  0.000  0.618  0.000               4816970               3194689         100           0       0.000      99.000     188.559        3754566669   1155      0     35          43   1155
     GPU 0  1.000  0.000  0.000  0.000  0.002  0.000  0.000  0.000               7510233               5531121         100           0       0.000      99.000     188.559        3754566669   1155      0     35          43   1155
     GPU 0  1.000  0.941  0.744  0.000  0.002  0.000  0.602  0.000              10472634               8156467         100           0       0.000      99.000     188.559        3754566669   1155      0     35          43   1155
     GPU 0  1.000  0.942  0.760  0.000  0.002  0.000  0.624  0.000              11424542               8383583         100           0       0.000      99.000     188.559        3754566669   1155      0     35          43   1155
     GPU 0  1.000  0.942  0.760  0.000  0.002  0.000  0.624  0.000              11424542               8383583         100           0       0.000      99.000     188.559        3754585754   1155      0     35          43   1155
     GPU 0  1.000  0.000  0.000  0.000  0.002  0.000  0.000  0.000               3553771               3720387         100           0       0.000      99.000     188.269        3754585754   1155      0     35          43   1155
     GPU 0  1.000  0.941  0.752  0.000  0.001  0.000  0.611  0.000              10376148               8009906         100           0       0.000      99.000     188.269        3754585754   1155      0     35          43   1155
     GPU 0  1.000  0.941  0.752  0.000  0.001  0.000  0.611  0.000              10376148               8009906         100           0       0.000      99.000     188.269        3754585754   1155      0     35          43   1155
     GPU 0  1.000  0.941  0.752  0.000  0.001  0.000  0.611  0.000              10376148               8009906         100           0       0.000      99.000     188.269        3754585754   1155      0     35          43   1155
     GPU 0  1.000  0.941  0.752  0.000  0.001  0.000  0.611  0.000              10376148               8009906         100           0       0.000      99.000     188.269        3754585754   1155      0     35          43   1155
     GPU 0  1.000  0.941  0.751  0.000  0.002  0.000  0.617  0.000              10240432               6181416         100           0       0.000      99.000     188.027        3754605427   1155      0     35          44   1155
     GPU 0  1.000  0.000  0.000  0.000  0.002  0.000  0.000  0.000              12714279               8466544         100           0       0.000      99.000     188.027        3754605427   1155      0     35          44   1155
     GPU 0  1.000  0.946  0.764  0.000  0.002  0.000  0.605  0.000               6892894               5760184         100           0       0.000      99.000     188.027        3754605427   1155      0     35          44   1155
     GPU 0  1.000  0.946  0.764  0.000  0.002  0.000  0.605  0.000               6892894               5760184         100           0       0.000      99.000     188.027        3754605427   1155      0     35          43   1155

# Entity  GRACT  SMACT  SMOCC  TENSO  DRAMA  FP64A  FP32A  FP16A                 PCITX                 PCIRX       GPUTL       MCUTL       MUSAM       GUSAM       POWER             TOTEC  SACLK  PSTAT  TMPTR       MMTMP  SMCLK
      Id                                                                                                                                                               W                mJ                    C           C       
     GPU 0  1.000  0.953  0.759  0.000  0.002  0.000  0.630  0.000               7773037               6186567         100           0       0.000      99.000     188.027        3754605427   1155      0     35          43   1155
     GPU 0  1.000  0.000  0.000  0.000  0.002  0.000  0.000  0.000               6168096               3530156         100           0       0.000      99.000     183.403        3754624072   1155      0     35          44   1155
     GPU 0  1.000  0.952  0.759  0.000  0.002  0.000  0.612  0.000               6722914               4877829         100           0       0.000      99.000     183.403        3754624072   1155      0     35          45   1155
     GPU 0  1.000  0.937  0.738  0.000  0.002  0.000  0.618  0.000               8535587               6335005         100           0       0.000      99.000     183.403        3754624072   1155      0     35          45   1155
     GPU 0  1.000  0.937  0.738  0.000  0.002  0.000  0.618  0.000               8535587               6335005         100           0       0.000      99.000     183.403        3754624072   1155      0     35          45   1155
     GPU 0  1.000  0.000  0.000  0.000  0.002  0.000  0.000  0.000               6245861               5072164         100           0       0.000      99.000     183.403        3754624072   1155      0     35          44   1155
     GPU 0  1.000  0.935  0.762  0.000  0.001  0.000  0.620  0.000               8851697               6721381         100           0       0.000      99.000     184.765        3754642408   1155      0     35          45   1155
     GPU 0  1.000  0.930  0.732  0.000  0.001  0.000  0.613  0.000              11111127               8365204         100           0       0.000      99.000     184.765        3754642408   1155      0     35          45   1155
     GPU 0  1.000  0.000  0.000  0.000  0.002  0.000  0.000  0.000               8036183               6822606         100           0       0.000      99.000     184.765        3754642408   1155      0     35          45   1155
     GPU 0  1.000  0.948  0.764  0.000  0.002  0.000  0.611  0.000               2852373               2647402         100           0       0.000      99.000     184.765        3754642408   1155      0     35          44   1155
     GPU 0  1.000  0.948  0.764  0.000  0.002  0.000  0.611  0.000               2852373               2647402         100           0       0.000      99.000     184.765        3754642408   1155      0     35          44   1155
     GPU 0  1.000  0.938  0.737  0.000  0.001  0.000  0.615  0.000               4126360               1561136         100           0       0.000      99.000     185.297        3754661112   1155      0     35          45   1155
     GPU 0  1.000  0.000  0.000  0.000  0.001  0.000  0.000  0.000               1256781               1256781         100           0       0.000      99.000     185.297        3754661112   1155      0     35          45   1155
     GPU 0  1.000  0.000  0.000  0.000  0.001  0.000  0.000  0.000               1170874               1338142         100           0       0.000      99.000     185.297        3754661112   1155      0     35          45   1155

# Entity  GRACT  SMACT  SMOCC  TENSO  DRAMA  FP64A  FP32A  FP16A                 PCITX                 PCIRX       GPUTL       MCUTL       MUSAM       GUSAM       POWER             TOTEC  SACLK  PSTAT  TMPTR       MMTMP  SMCLK
      Id                                                                                                                                                               W                mJ                    C           C       
     GPU 0  1.000  0.934  0.751  0.000  0.001  0.000  0.616  0.000               6176141               4396383         100           0       0.000      99.000     185.297        3754661112   1155      0     35          45   1155
     GPU 0  1.000  0.956  0.842  0.000  0.002  0.000  0.612  0.000               3425172               2026733         100           0       0.000      99.000     185.297        3754661112   1155      0     35          44   1155
     GPU 0  1.000  0.000  0.000  0.000  0.002  0.000  0.000  0.000               7437882               3967847         100           0       0.000      99.000     185.297        3754679721   1155      0     35          45   1155
     GPU 0  1.000  0.945  0.754  0.000  0.001  0.000  0.626  0.000               4065642               2843460         100           0       0.000      99.000     185.297        3754679721   1155      0     35          44   1155
     GPU 0  1.000  0.945  0.754  0.000  0.001  0.000  0.626  0.000               4065642               2843460         100           0       0.000      99.000     185.297        3754679721   1155      0     35          44   1155
     GPU 0  1.000  0.946  0.762  0.000  0.001  0.000  0.630  0.000               6821374               4708518         100           0       0.000      99.000     185.297        3754679721   1155      0     35          44   1155
     GPU 0  1.000  0.000  0.000  0.000  0.001  0.000  0.000  0.000               9657582               7069737         100           0       0.000      99.000     185.297        3754679721   1155      0     35          45   1155
     GPU 0  1.000  0.943  0.754  0.000  0.002  0.000  0.606  0.000              10131512               7956167         100           0       0.000      99.000     185.297        3754698436   1155      0     35          45   1155
     GPU 0  1.000  0.938  0.765  0.000  0.001  0.000  0.622  0.000              11067721               8384663         100           0       0.000      99.000     185.297        3754698436   1155      0     35          44   1155
     GPU 0  1.000  0.938  0.765  0.000  0.001  0.000  0.622  0.000              11067721               8384663         100           0       0.000      99.000     185.297        3754698436   1155      0     35          44   1155
     GPU 0  1.000  0.000  0.000  0.000  0.002  0.000  0.000  0.000               6785132               5252762         100           0       0.000      99.000     185.297        3754698436   1155      0     35          44   1155
     GPU 0  1.000  0.941  0.741  0.000  0.001  0.000  0.617  0.000               3404566               1364593         100           0       0.000      99.000     185.297        3754698436   1155      0     35          44   1155
     GPU 0  1.000  0.000  0.000  0.000  0.002  0.000  0.000  0.000               1256432               1507719         100           0       0.000      99.000     184.232        3754698436   1155      0     35          44   1155
     GPU 0  1.000  0.943  0.763  0.000  0.002  0.000  0.607  0.000               3103030               2731860         100           0       0.000      99.000     184.232        3754717474   1155      0     35          44   1155

# Entity  GRACT  SMACT  SMOCC  TENSO  DRAMA  FP64A  FP32A  FP16A                 PCITX                 PCIRX       GPUTL       MCUTL       MUSAM       GUSAM       POWER             TOTEC  SACLK  PSTAT  TMPTR       MMTMP  SMCLK
      Id                                                                                                                                                               W                mJ                    C           C       
     GPU 0  1.000  0.939  0.748  0.000  0.001  0.000  0.620  0.000               2212478               1482961         100           0       0.000      99.000     184.232        3754717474   1155      0     35          44   1155
     GPU 0  1.000  0.939  0.748  0.000  0.001  0.000  0.620  0.000               2212478               1482961         100           0       0.000      99.000     184.232        3754717474   1155      0     35          44   1155
     GPU 0  1.000  0.000  0.000  0.000  0.001  0.000  0.000  0.000               4772997               3197610         100           0       0.000      99.000     184.232        3754717474   1155      0     35          44   1155
     GPU 0  1.000  0.932  0.726  0.000  0.001  0.000  0.612  0.000               7603769               5216641         100           0       0.000      99.000     185.055        3754735847   1155      0     35          45   1155
     GPU 0  1.000  0.937  0.744  0.000  0.001  0.000  0.618  0.000               9405831               6947759         100           0       0.000      99.000     185.055        3754735847   1155      0     36          44   1155
     GPU 0  1.000  0.937  0.744  0.000  0.001  0.000  0.618  0.000               9405831               6947759         100           0       0.000      99.000     185.055        3754735847   1155      0     36          44   1155
     GPU 0  1.000  0.000  0.000  0.000  0.002  0.000  0.000  0.000               5427426               4300915         100           0       0.000      99.000     185.055        3754735847   1155      0     36          44   1155
     GPU 0  1.000  0.943  0.768  0.000  0.002  0.000  0.607  0.000              10923549               7534736         100           0       0.000      99.000     185.055        3754735847   1155      0     36          44   1155
     GPU 0  1.000  0.938  0.748  0.000  0.001  0.000  0.620  0.000              10343079               7892990         100           0       0.000      99.000     185.055        3754754446   1155      0     36          44   1155
     GPU 0  1.000  0.000  0.000  0.000  0.001  0.000  0.000  0.000               7826104               5905262         100           0       0.000      99.000     185.055        3754754446   1155      0     36          44   1155
     GPU 0  1.000  0.948  0.753  0.000  0.001  0.000  0.628  0.000               2210205               1109552         100           0       0.000      99.000     185.055        3754754446   1155      0     36          44   1155
     GPU 0  1.000  0.948  0.753  0.000  0.001  0.000  0.628  0.000               2210205               1109552         100           0       0.000      99.000     185.055        3754754446   1155      0     36          44   1155
     GPU 0  1.000  0.933  0.744  0.000  0.001  0.000  0.616  0.000               2573048               1399482         100           0       0.000      99.000     185.055        3754754446   1155      0     36          44   1155
     GPU 0  1.000  0.000  0.000  0.000  0.001  0.000  0.000  0.000               4575195               3033174         100           0       0.000      99.000     184.474        3754773134   1155      0     36          44   1155

# Entity  GRACT  SMACT  SMOCC  TENSO  DRAMA  FP64A  FP32A  FP16A                 PCITX                 PCIRX       GPUTL       MCUTL       MUSAM       GUSAM       POWER             TOTEC  SACLK  PSTAT  TMPTR       MMTMP  SMCLK
      Id                                                                                                                                                               W                mJ                    C           C       
     GPU 0  1.000  0.936  0.746  0.000  0.001  0.000  0.619  0.000               6842882               4751359         100           0       0.000      99.000     184.474        3754773134   1155      0     36          44   1155
     GPU 0  1.000  0.936  0.746  0.000  0.001  0.000  0.619  0.000               6842882               4751359         100           0       0.000      99.000     184.474        3754773134   1155      0     36          44   1155
     GPU 0  1.000  0.949  0.772  0.000  0.002  0.000  0.613  0.000               9786917               6803137         100           0       0.000      99.000     184.474        3754773134   1155      0     36          44   1155
     GPU 0  1.000  0.000  0.000  0.000  0.001  0.000  0.000  0.000               5690782               4557995         100           0       0.000      99.000     184.474        3754773134   1155      0     36          44   1155
     GPU 0  1.000  0.936  0.743  0.000  0.001  0.000  0.616  0.000               3424020               1284942         100           0       0.000      99.000     184.765        3754791835   1155      0     36          44   1155
     GPU 0  1.000  0.949  0.759  0.000  0.001  0.000  0.627  0.000               2545253               1523466         100           0       0.000      99.000     184.765        3754791835   1155      0     36          44   1155
     GPU 0  1.000  0.949  0.759  0.000  0.001  0.000  0.627  0.000               2545253               1523466         100           0       0.000      99.000     184.765        3754791835   1155      0     36          44   1155
     GPU 0  1.000  0.000  0.000  0.000  0.001  0.000  0.000  0.000               2212816               1194094         100           0       0.000      99.000     184.765        3754791835   1155      0     36          44   1155
     GPU 0  1.000  0.940  0.747  0.000  0.001  0.000  0.621  0.000               4960023               3277020         100           0       0.000      99.000     184.765        3754791835   1155      0     36          44   1155
     GPU 0  1.000  0.941  0.755  0.000  0.001  0.000  0.621  0.000               7639857               5372094         100           0       0.000      99.000     184.765        3754810491   1155      0     36          44   1155
     GPU 0  1.000  0.000  0.000  0.000  0.002  0.000  0.000  0.000              12129576               9104964         100           0       0.000      99.000     184.765        3754810491   1155      0     36          44   1155
     GPU 0  1.000  0.000  0.000  0.000  0.002  0.000  0.000  0.000              12129576               9104964         100           0       0.000      99.000     184.765        3754810491   1155      0     36          44   1155
     GPU 0  1.000  0.932  0.735  0.000  0.001  0.000  0.615  0.000               5222836               4262066         100           0       0.000      99.000     184.765        3754810491   1155      0     36          44   1155
     GPU 0  1.000  0.938  0.741  0.000  0.001  0.000  0.619  0.000              11708916               8415943         100           0       0.000      99.000     184.765        3754810491   1155      0     36          44   1155

# Entity  GRACT  SMACT  SMOCC  TENSO  DRAMA  FP64A  FP32A  FP16A                 PCITX                 PCIRX       GPUTL       MCUTL       MUSAM       GUSAM       POWER             TOTEC  SACLK  PSTAT  TMPTR       MMTMP  SMCLK
      Id                                                                                                                                                               W                mJ                    C           C       
     GPU 0  1.000  0.000  0.000  0.000  0.001  0.000  0.000  0.000               9087030               6376196         100           0       0.000      99.000     185.055        3754829343   1155      0     36          44   1155
     GPU 0  1.000  0.937  0.750  0.000  0.001  0.000  0.618  0.000               8916224               6441536         100           0       0.000      99.000     185.055        3754829343   1155      0     36          44   1155
     GPU 0  1.000  0.937  0.750  0.000  0.001  0.000  0.618  0.000               8916224               6441536         100           0       0.000      99.000     185.055        3754829343   1155      0     36          44   1155
     GPU 0  1.000  0.944  0.752  0.000  0.001  0.000  0.624  0.000               4050943               2405619         100           0       0.000      99.000     185.055        3754829343   1155      0     36          44   1155
     GPU 0  1.000  0.000  0.000  0.000  0.001  0.000  0.000  0.000               5378651               3146695         100           0       0.000      99.000     185.055        3754829343   1155      0     36          44   1155
     GPU 0  1.000  0.937  0.749  0.000  0.002  0.000  0.620  0.000               6210065               4859788         100           0       0.000      99.000     184.765        3754848013   1155      0     36          44   1155
     GPU 0  1.000  0.963  0.801  0.000  0.001  0.000  0.641  0.000              12116647               6819888         100           0       0.000      99.000     184.765        3754848013   1155      0     36          44   1155
     GPU 0  1.000  0.963  0.801  0.000  0.001  0.000  0.641  0.000              12116647               6819888         100           0       0.000      99.000     184.765        3754848013   1155      0     36          44   1155
     GPU 0  1.000  0.000  0.000  0.000  0.002  0.000  0.000  0.000               8581900               6738435         100           0       0.000      99.000     184.765        3754848013   1155      0     36          44   1155
     GPU 0  1.000  0.937  0.760  0.000  0.002  0.000  0.620  0.000               8244129               6360879         100           0       0.000      99.000     184.765        3754848013   1155      0     36          44   1155
     GPU 0  1.000  0.946  0.766  0.000  0.001  0.000  0.627  0.000               7548010               5354567         100           0       0.000      99.000     184.765        3754866920   1155      0     36          44   1155
     GPU 0  1.000  0.946  0.766  0.000  0.001  0.000  0.627  0.000               7548010               5354567         100           0       0.000      99.000     184.232        3754866920   1155      0     36          44   1155
     GPU 0  1.000  0.000  0.000  0.000  0.002  0.000  0.000  0.000              13484807               8980141         100           0       0.000      99.000     184.232        3754866920   1155      0     36          44   1155
     GPU 0  1.000  0.936  0.734  0.000  0.001  0.000  0.616  0.000               5787045               4580689         100           0       0.000      99.000     184.232        3754866920   1155      0     36          44   1155

# Entity  GRACT  SMACT  SMOCC  TENSO  DRAMA  FP64A  FP32A  FP16A                 PCITX                 PCIRX       GPUTL       MCUTL       MUSAM       GUSAM       POWER             TOTEC  SACLK  PSTAT  TMPTR       MMTMP  SMCLK
      Id                                                                                                                                                               W                mJ                    C           C       
     GPU 0  1.000  0.946  0.756  0.000  0.001  0.000  0.626  0.000               5007926               3034557         100           0       0.000      99.000     184.232        3754866920   1155      0     36          44   1155
     GPU 0  1.000  0.000  0.000  0.000  0.001  0.000  0.000  0.000               7517740               5003700         100           0       0.000      99.000     184.232        3754866920   1155      0     36          44   1155
     GPU 0  1.000  0.937  0.744  0.000  0.001  0.000  0.619  0.000              10567212               5961054         100           0       0.000      99.000     185.297        3754885767   1155      0     36          44   1155
     GPU 0  1.000  0.937  0.744  0.000  0.001  0.000  0.619  0.000              10567212               5961054         100           0       0.000      99.000     185.297        3754885767   1155      0     36          44   1155
     GPU 0  1.000  0.937  0.762  0.000  0.002  0.000  0.602  0.000               9903353               6519476         100           0       0.000      99.000     185.297        3754885767   1155      0     36          44   1155
     GPU 0  1.000  0.000  0.000  0.000  0.002  0.000  0.000  0.000               4435927               4435927         100           0       0.000      99.000     185.297        3754885767   1155      0     36          44   1155
     GPU 0  1.000  0.940  0.741  0.000  0.002  0.000  0.621  0.000               9446979               6914181         100           0       0.000      99.000     185.594        3754904184   1155      0     36          44   1155
     GPU 0  1.000  0.940  0.741  0.000  0.002  0.000  0.621  0.000               9446979               6914181         100           0       0.000      99.000     185.594        3754904184   1155      0     36          44   1155
     GPU 0  1.000  0.936  0.744  0.000  0.001  0.000  0.617  0.000               5268302               4642176         100           0       0.000      99.000     185.594        3754904184   1155      0     36          44   1155
     GPU 0  1.000  0.000  0.000  0.000  0.001  0.000  0.000  0.000               2531383               1231878         100           0       0.000      99.000     185.594        3754904184   1155      0     36          44   1155
     GPU 0  0.500  0.939  0.767  0.000  0.001  0.000  0.624  0.000            1496631625                647282         100           0       0.000      99.000     185.594        3754904184   1155      0     36          44   1155
     GPU 0  0.000  0.000  0.000  0.000  0.001  0.000  0.000  0.000             276880768               4416139         100           0       0.000      99.000     185.594        3754904184   1155      0     36          44   1155
     GPU 0  0.000  0.000  0.000  0.000  0.000  0.000  0.000  0.000              10112782               4264128         100           0       0.000      99.000     110.928        3754921787   1155      0     34          44   1155
     GPU 0  0.000  0.000  0.000  0.000  0.000  0.000  0.000  0.000               6529331               3149360          78           0       0.000      78.000     110.928        3754921787   1155      0     33          44   1155

# Entity  GRACT  SMACT  SMOCC  TENSO  DRAMA  FP64A  FP32A  FP16A                 PCITX                 PCIRX       GPUTL       MCUTL       MUSAM       GUSAM       POWER             TOTEC  SACLK  PSTAT  TMPTR       MMTMP  SMCLK
      Id                                                                                                                                                               W                mJ                    C           C       
     GPU 0  0.000  0.000  0.000  0.000  0.000  0.000  0.000  0.000               6529331               3149360          78           0       0.000      78.000     110.928        3754921787   1155      0     33          44   1155
     GPU 0  0.000  0.000  0.000  0.000  0.000  0.000  0.000  0.000               4512564               2301556          78           0       0.000      78.000     110.928        3754921787   1155      0     33          44   1155
     GPU 0  0.000  0.000  0.000  0.000  0.000  0.000  0.000  0.000               6578322               3805718          78           0       0.000      78.000      90.029        3754930925   1155      0     32          44   1155
     GPU 0  0.000  0.000  0.000  0.000  0.000  0.000  0.000  0.000               8374616               4914985          78           0       0.000      78.000      90.029        3754930925   1155      0     32          44   1155
     GPU 0  0.000  0.000  0.000  0.000  0.000  0.000  0.000  0.000              10937880               6994488          78           0       0.000      78.000      90.029        3754930925   1155      0     32          44   1155
     GPU 0  0.000  0.000  0.000  0.000  0.000  0.000  0.000  0.000              10339346               6391007          78           0       0.000      78.000      90.029        3754930925   1155      0     32          44   1155
     GPU 0  0.000  0.000  0.000  0.000  0.000  0.000  0.000  0.000              10008410               6309835          78           0       0.000      78.000      90.029        3754930925   1155      0     31          44   1155
     GPU 0  0.000  0.000  0.000  0.000  0.000  0.000  0.000  0.000              10015826               6561768          78           0       0.000      78.000      90.029        3754940050   1155      0     31          44   1155
     GPU 0  0.000  0.000  0.000  0.000  0.000  0.000  0.000  0.000              11403031               5665581          78           0       0.000      78.000      89.787        3754940050   1155      0     31          44   1155
     GPU 0  0.000  0.000  0.000  0.000  0.000  0.000  0.000  0.000              11403031               5665581           0           0       0.000       0.000      89.787        3754940050   1155      0     31          44   1155
     GPU 0  0.000  0.000  0.000  0.000  0.000  0.000  0.000  0.000               9933436               5279292           0           0       0.000       0.000      89.787        3754940050   1155      0     31          44   1155
     GPU 0  0.000  0.000  0.000  0.000  0.000  0.000  0.000  0.000               3178069               2214988           0           0       0.000       0.000      89.787        3754940050   1155      0     31          44   1155
     GPU 0  0.000  0.000  0.000  0.000  0.000  0.000  0.000  0.000               9799229               6493345           0           0       0.000       0.000      90.029        3754949166   1155      0     31          44   1155
     GPU 0  0.000  0.000  0.000  0.000  0.000  0.000  0.000  0.000              11915879               7539044           0           0       0.000       0.000      90.029        3754949166   1155      0     31          44   1155

# Entity  GRACT  SMACT  SMOCC  TENSO  DRAMA  FP64A  FP32A  FP16A                 PCITX                 PCIRX       GPUTL       MCUTL       MUSAM       GUSAM       POWER             TOTEC  SACLK  PSTAT  TMPTR       MMTMP  SMCLK
      Id                                                                                                                                                               W                mJ                    C           C       
     GPU 0  0.000  0.000  0.000  0.000  0.000  0.000  0.000  0.000              11915879               7539044           0           0       0.000       0.000      90.029        3754949166   1155      0     31          44   1155
     GPU 0  0.000  0.000  0.000  0.000  0.000  0.000  0.000  0.000              10386731               6422522           0           0       0.000       0.000      90.029        3754949166   1155      0     31          44   1155
     GPU 0  0.000  0.000  0.000  0.000  0.000  0.000  0.000  0.000               9843922               6107202           0           0       0.000       0.000      90.029        3754949166   1155      0     30          44   1155
     GPU 0  0.000  0.000  0.000  0.000  0.000  0.000  0.000  0.000              10785283               7063999           0           0       0.000       0.000      90.029        3754958257   1155      0     30          44   1155
     GPU 0  0.000  0.000  0.000  0.000  0.000  0.000  0.000  0.000              11013811               5903920           0           0       0.000       0.000      90.029        3754958257   1155      0     30          44   1155
     GPU 0  0.000  0.000  0.000  0.000  0.000  0.000  0.000  0.000               7280252               4792006           0           0       0.000       0.000      90.029        3754958257   1155      0     30          44   1155
     GPU 0  0.000  0.000  0.000  0.000  0.000  0.000  0.000  0.000               7280252               4792006           0           0       0.000       0.000      90.029        3754958257   1155      0     30          45   1155
     GPU 0  0.000  0.000  0.000  0.000  0.000  0.000  0.000  0.000               8029372               4181626           0           0       0.000       0.000      90.029        3754958257   1155      0     30          44   1155
     GPU 0  0.000  0.000  0.000  0.000  0.000  0.000  0.000  0.000               9687218               5337422           0           0       0.000       0.000      89.787        3754967321   1155      0     30          44   1155
     GPU 0  0.000  0.000  0.000  0.000  0.000  0.000  0.000  0.000               9687218               5337422           0           0       0.000       0.000      89.787        3754967321   1155      0     30          44   1155
     GPU 0  0.000  0.000  0.000  0.000  0.000  0.000  0.000  0.000               9577096               6427251           0           0       0.000       0.000      89.787        3754967321   1155      0     30          45   1155
     GPU 0  0.000  0.000  0.000  0.000  0.000  0.000  0.000  0.000               3498068              10910643           0           0       0.000       0.000      89.787        3754967321   1155      0     30          44   1155
     GPU 0  0.000  0.000  0.000  0.000  0.000  0.000  0.000  0.000               3498068              10910643           0           0       0.000       0.000      89.787        3754967321   1155      0     30          44   1155
     GPU 0  0.000  0.000  0.000  0.000  0.000  0.000  0.000  0.000               3498068              10910643           0           0       0.000       0.000      90.320        3754967321   1155      0     30          44   1155

# Entity  GRACT  SMACT  SMOCC  TENSO  DRAMA  FP64A  FP32A  FP16A                 PCITX                 PCIRX       GPUTL       MCUTL       MUSAM       GUSAM       POWER             TOTEC  SACLK  PSTAT  TMPTR       MMTMP  SMCLK
      Id                                                                                                                                                               W                mJ                    C           C       
     GPU 0  0.000  0.000  0.000  0.000  0.000  0.000  0.000  0.000               1058901                407269           0           0       0.000       0.000      90.320        3754976534   1155      0     30          44   1155
     GPU 0  0.000  0.000  0.000  0.000  0.000  0.000  0.000  0.000               1058901                407269           0           0       0.000       0.000      90.320        3754976534   1155      0     30          44   1155
     GPU 0  0.000  0.000  0.000  0.000  0.000  0.000  0.000  0.000               1058901                407269           0           0       0.000       0.000      90.320        3754976534   1155      0     30          44   1155
     GPU 0  0.000  0.000  0.000  0.000  0.000  0.000  0.000  0.000               1058901                407269           7           0       0.000       0.000      90.320        3754976534   1155      0     30          44   1155
     GPU 0  0.000  0.000  0.000  0.000  0.000  0.000  0.000  0.000               1058901                407269           7           0       0.000       0.000      90.320        3754976534   1155      0     30          45   1155
     GPU 0  0.000  0.000  0.000  0.000  0.000  0.000  0.000  0.000               9443242              14827546           7           0       0.000       0.000      90.320        3754985725   1155      0     30          45   1155
     GPU 0  0.000  0.000  0.000  0.000  0.000  0.000  0.000  0.000               9443242              14827546           7           0       0.000       0.000      90.320        3754985725   1155      0     30          45   1155
     GPU 0  0.000  0.000  0.000  0.000  0.000  0.000  0.000  0.000              11890131               8994209           7           0       0.000       0.000      90.320        3754985725   1155      0     30          45   1155
     GPU 0  0.000  0.000  0.000  0.000  0.000  0.000  0.000  0.000               9213438               7321253           7           0       0.000       0.000      90.320        3754985725   1155      0     30          45   1155
     GPU 0  0.000  0.000  0.000  0.000  0.000  0.000  0.000  0.000              10519989               8958428           7           0       0.000       0.000      90.562        3754994709   1155      0     30          45   1155
     GPU 0  0.000  0.000  0.000  0.000  0.000  0.000  0.000  0.000               7438338               3200075           7           0       0.000       0.000      90.562        3754994709   1155      0     30          45   1155
     GPU 0  0.000  0.000  0.000  0.000  0.000  0.000  0.000  0.000               7438338               3200075           0           0       0.000       0.000      90.562        3754994709   1155      0     30          45   1155
     GPU 0  0.000  0.000  0.000  0.000  0.000  0.000  0.000  0.000               7698720               4851570           0           0       0.000       0.000      90.562        3754994709   1155      0     30          45   1155
     GPU 0  0.000  0.000  0.000  0.000  0.000  0.000  0.000  0.000               9681242               6060305           0           0       0.000       0.000      90.562        3754994709   1155      0     29          44   1155

# Entity  GRACT  SMACT  SMOCC  TENSO  DRAMA  FP64A  FP32A  FP16A                 PCITX                 PCIRX       GPUTL       MCUTL       MUSAM       GUSAM       POWER             TOTEC  SACLK  PSTAT  TMPTR       MMTMP  SMCLK
      Id                                                                                                                                                               W                mJ                    C           C       
     GPU 0  0.000  0.000  0.000  0.000  0.000  0.000  0.000  0.000               7376862               4777770           0           0       0.000       0.000      90.562        3755003889   1155      0     29          45   1155
     GPU 0  0.000  0.000  0.000  0.000  0.000  0.000  0.000  0.000               6639500               3763356           0           0       0.000       0.000      90.562        3755003889   1155      0     29          44   1155
     GPU 0  0.000  0.000  0.000  0.000  0.000  0.000  0.000  0.000               6639500               3763356           0           0       0.000       0.000      90.562        3755003889   1155      0     29          44   1155
     GPU 0  0.000  0.000  0.000  0.000  0.000  0.000  0.000  0.000               9522027               6283219           0           0       0.000       0.000      90.562        3755003889   1155      0     29          43   1155
     GPU 0  0.000  0.000  0.000  0.000  0.000  0.000  0.000  0.000               9763810               6146531           0           0       0.000       0.000      90.562        3755003889   1155      0     29          43   1155
     GPU 0  0.000  0.000  0.000  0.000  0.000  0.000  0.000  0.000              11314902               7220130           0           0       0.000       0.000      90.562        3755013032   1155      0     29          44   1155
     GPU 0  0.000  0.000  0.000  0.000  0.000  0.000  0.000  0.000              10774706               6448329           0           0       0.000       0.000      90.562        3755013032   1155      0     29          43   1155
     GPU 0  0.000  0.000  0.000  0.000  0.000  0.000  0.000  0.000               3908134               1988011           0           0       0.000       0.000      90.562        3755013032   1155      0     29          45   1155
     GPU 0  0.000  0.000  0.000  0.000  0.000  0.000  0.000  0.000               3064121                 41867           0           0       0.000       0.000      90.562        3755013032   1155      0     29          45   1155
     GPU 0  0.000  0.000  0.000  0.000  0.000  0.000  0.000  0.000               3064121                 41867           0           0       0.000       0.000      90.562        3755013032   1155      0     29          43   1155
     GPU 0  0.000  0.000  0.000  0.000  0.000  0.000  0.000  0.000               3261680                233406           0           0       0.000       0.000      90.320        3755013032   1155      0     29          44   1155
     GPU 0  0.000  0.000  0.000  0.000  0.000  0.000  0.000  0.000               6435925               2628692           0           0       0.000       0.000      90.320        3755022324   1155      0     29          44   1155
     GPU 0  0.000  0.000  0.000  0.000  0.000  0.000  0.000  0.000               7041552               3958535           0           0       0.000       0.000      90.320        3755022324   1155      0     29          43   1155
     GPU 0  0.000  0.000  0.000  0.000  0.000  0.000  0.000  0.000               9686683               6430866           0           0       0.000       0.000      90.320        3755022324   1155      0     29          45   1155

# Entity  GRACT  SMACT  SMOCC  TENSO  DRAMA  FP64A  FP32A  FP16A                 PCITX                 PCIRX       GPUTL       MCUTL       MUSAM       GUSAM       POWER             TOTEC  SACLK  PSTAT  TMPTR       MMTMP  SMCLK
      Id                                                                                                                                                               W                mJ                    C           C       
     GPU 0  0.000  0.000  0.000  0.000  0.000  0.000  0.000  0.000               9686683               6430866           0           0       0.000       0.000      90.320        3755022324   1155      0     29          45   1155
     GPU 0  0.000  0.000  0.000  0.000  0.000  0.000  0.000  0.000               7229228               5054978           0           0       0.000       0.000      90.320        3755031305   1155      0     29          43   1155
     GPU 0  0.000  0.000  0.000  0.000  0.000  0.000  0.000  0.000               7302557               4268947           0           0       0.000       0.000      90.320        3755031305   1155      0     29          45   1155
     GPU 0  0.000  0.000  0.000  0.000  0.000  0.000  0.000  0.000               6422512               4902962           0           0       0.000       0.000      90.320        3755031305   1155      0     29          43   1155
     GPU 0  0.000  0.000  0.000  0.000  0.000  0.000  0.000  0.000               3255440                     0           0           0       0.000       0.000      90.320        3755031305   1155      0     29          43   1155
     GPU 0  0.000  0.000  0.000  0.000  0.000  0.000  0.000  0.000               3068584                317050           0           0       0.000       0.000      90.320        3755031305   1155      0     29          44   1155
     GPU 0  0.000  0.000  0.000  0.000  0.000  0.000  0.000  0.000               3068584                317050           0           0       0.000       0.000      90.320        3755031305   1155      0     29          44   1155
     GPU 0  0.000  0.000  0.000  0.000  0.000  0.000  0.000  0.000               6355690               2265446           0           0       0.000       0.000      90.320        3755040545   1155      0     29          43   1155
     GPU 0  0.000  0.000  0.000  0.000  0.000  0.000  0.000  0.000               8431643               4555064           0           0       0.000       0.000      90.320        3755040545   1155      0     29          44   1155
     GPU 0  0.000  0.000  0.000  0.000  0.000  0.000  0.000  0.000               8612625               5758119           0           0       0.000       0.000      90.320        3755040545   1155      0     29          43   1155
     GPU 0  0.000  0.000  0.000  0.000  0.000  0.000  0.000  0.000               8612625               5758119           0           0       0.000       0.000      90.320        3755040545   1155      0     29          43   1155
     GPU 0  0.000  0.000  0.000  0.000  0.000  0.000  0.000  0.000               3996757               2952535           0           0       0.000       0.000      90.320        3755049591   1155      0     29          43   1155
     GPU 0  0.000  0.000  0.000  0.000  0.000  0.000  0.000  0.000              10303793               6737914           0           0       0.000       0.000      90.320        3755049591   1155      0     29          43   1155
     GPU 0  0.000  0.000  0.000  0.000  0.000  0.000  0.000  0.000              11097811               7201541           0           0       0.000       0.000      90.320        3755049591   1155      0     29          45   1155

# Entity  GRACT  SMACT  SMOCC  TENSO  DRAMA  FP64A  FP32A  FP16A                 PCITX                 PCIRX       GPUTL       MCUTL       MUSAM       GUSAM       POWER             TOTEC  SACLK  PSTAT  TMPTR       MMTMP  SMCLK
      Id                                                                                                                                                               W                mJ                    C           C       
     GPU 0  0.000  0.000  0.000  0.000  0.000  0.000  0.000  0.000               7379980               5241618           0           0       0.000       0.000      90.320        3755049591   1155      0     29          43   1155
     GPU 0  0.000  0.000  0.000  0.000  0.000  0.000  0.000  0.000               3301260                275105           0           0       0.000       0.000      90.320        3755049591   1155      0     29          45   1155
     GPU 0  0.000  0.000  0.000  0.000  0.000  0.000  0.000  0.000               3068856                275182           0           0       0.000       0.000      90.320        3755049591   1155      0     29          43   1155
     GPU 0  0.000  0.000  0.000  0.000  0.000  0.000  0.000  0.000               3068856                275182           0           0       0.000       0.000      90.320        3755058968   1155      0     29          43   1155
     GPU 0  0.000  0.000  0.000  0.000  0.000  0.000  0.000  0.000               6791307               2393248           0           0       0.000       0.000      90.320        3755058968   1155      0     29          43   1155
     GPU 0  0.000  0.000  0.000  0.000  0.000  0.000  0.000  0.000               5618678               2697143           0           0       0.000       0.000      90.320        3755058968   1155      0     29          43   1155
     GPU 0  0.000  0.000  0.000  0.000  0.000  0.000  0.000  0.000               7197646               4042577           0           0       0.000       0.000      90.320        3755058968   1155      0     29          43   1155
     GPU 0  0.000  0.000  0.000  0.000  0.000  0.000  0.000  0.000               9582863               6357406           0           0       0.000       0.000      90.320        3755067834   1155      0     29          43   1155
     GPU 0  0.000  0.000  0.000  0.000  0.000  0.000  0.000  0.000              10668205               6978665           0           0       0.000       0.000      90.320        3755067834   1155      0     29          43   1155
     GPU 0  0.000  0.000  0.000  0.000  0.000  0.000  0.000  0.000              10668205               6978665           0           0       0.000       0.000      90.320        3755067834   1155      0     29          43   1155
     GPU 0  0.000  0.000  0.000  0.000  0.000  0.000  0.000  0.000              10925617               6931912           0           0       0.000       0.000      90.320        3755067834   1155      0     29          43   1155
     GPU 0  0.000  0.000  0.000  0.000  0.000  0.000  0.000  0.000               4188264               3140597           0           0       0.000       0.000      90.320        3755067834   1155      0     29          43   1155
     GPU 0  0.000  0.000  0.000  0.000  0.000  0.000  0.000  0.000               9385169               5991332           0           0       0.000       0.000      90.320        3755067834   1155      0     29          43   1155
     GPU 0  0.000  0.000  0.000  0.000  0.000  0.000  0.000  0.000               4953249               3251032           0           0       0.000       0.000      90.320        3755077094   1155      0     29          43   1155

# Entity  GRACT  SMACT  SMOCC  TENSO  DRAMA  FP64A  FP32A  FP16A                 PCITX                 PCIRX       GPUTL       MCUTL       MUSAM       GUSAM       POWER             TOTEC  SACLK  PSTAT  TMPTR       MMTMP  SMCLK
      Id                                                                                                                                                               W                mJ                    C           C       
     GPU 0  0.000  0.000  0.000  0.000  0.000  0.000  0.000  0.000               4953249               3251032           0           0       0.000       0.000      90.320        3755077094   1155      0     29          43   1155
     GPU 0  0.000  0.000  0.000  0.000  0.000  0.000  0.000  0.000               3257485                233147           0           0       0.000       0.000      90.320        3755077094   1155      0     29          43   1155
     GPU 0  0.000  0.000  0.000  0.000  0.000  0.000  0.000  0.000               1969039                163785           0           0       0.000       0.000      90.320        3755077094   1155      0     29          43   1155
     GPU 0  0.000  0.000  0.000  0.000  0.000  0.000  0.000  0.000               3993724               1804449           0           0       0.000       0.000      90.320        3755086114   1155      0     29          43   1155
     GPU 0  0.000  0.000  0.000  0.000  0.000  0.000  0.000  0.000               7334703               4002838           0           0       0.000       0.000      90.320        3755086114   1155      0     29          43   1155
     GPU 0  0.000  0.000  0.000  0.000  0.000  0.000  0.000  0.000               9493646               5511240           0           0       0.000       0.000      90.320        3755086114   1155      0     29          43   1155
     GPU 0  0.000  0.000  0.000  0.000  0.000  0.000  0.000  0.000               9493646               5511240           0           0       0.000       0.000      90.320        3755086114   1155      0     29          43   1155
     GPU 0  0.000  0.000  0.000  0.000  0.000  0.000  0.000  0.000               6482509               4432603           0           0       0.000       0.000      90.320        3755086114   1155      0     29          43   1155
     GPU 0  0.000  0.000  0.000  0.000  0.000  0.000  0.000  0.000               6659799               4049285           0           0       0.000       0.000      90.320        3755086114   1155      0     29          43   1155
     GPU 0  0.000  0.000  0.000  0.000  0.000  0.000  0.000  0.000              11327949               7425960           0           0       0.000       0.000      90.320        3755095419   1155      0     29          43   1155
     GPU 0  0.000  0.000  0.000  0.000  0.000  0.000  0.000  0.000              10217202               6726390           0           0       0.000       0.000      90.320        3755095419   1155      0     29          43   1155
     GPU 0  0.000  0.000  0.000  0.000  0.000  0.000  0.000  0.000              10217202               6726390           0           0       0.000       0.000      90.320        3755095419   1155      0     29          43   1155
