# Entity  GRACT  SMACT  SMOCC  TENSO  DRAMA  FP64A  FP32A  FP16A                 PCITX                 PCIRX       GPUTL       MCUTL       MUSAM       GUSAM       POWER             TOTEC  SACLK  PSTAT  TMPTR       MMTMP  SMCLK
      Id                                                                                                                                                               W                mJ                    C           C       
     GPU 0  0.000  0.000  0.000  0.000  0.000  0.000  0.000  0.000             100571428                     0           0           0       0.000       0.000      77.020        7698942544    870      0     26          43    210
     GPU 0  0.000  0.000  0.000  0.000  0.000  0.000  0.000  0.000               8769037               4819022           0           0       0.000       0.000      77.020        7698942544    870      0     26          43    210
     GPU 0  0.000  0.000  0.000  0.000  0.000  0.000  0.000  0.000               8769037               4819022           0           0       0.000       0.000      77.020        7698942544    870      0     26          43    210
     GPU 0  0.000  0.000  0.000  0.000  0.000  0.000  0.000  0.000              11167146               7222795           0           0       0.000       0.000      77.020        7698942544    870      0     26          43    210
     GPU 0  0.000  0.000  0.000  0.000  0.000  0.000  0.000  0.000               4643806               2003580           0           0       0.000       0.000      78.632        7698950600    870      0     26          43    210
     GPU 0  0.000  0.000  0.000  0.000  0.000  0.000  0.000  0.000               6281020               3379861           0           0       0.000       0.000      78.632        7698950600    870      0     26          43    210
     GPU 0  0.000  0.000  0.000  0.000  0.000  0.000  0.000  0.000               6281020               3379861           0           0       0.000       0.000      78.632        7698950600    870      0     26          43    210
     GPU 0  0.000  0.000  0.000  0.000  0.000  0.000  0.000  0.000               5308394               3812448           0           0       0.000       0.000      78.632        7698950600    870      0     26          43    210
     GPU 0  0.000  0.000  0.000  0.000  0.000  0.000  0.000  0.000               4541433               3397293           0           0       0.000       0.000      78.632        7698958360    870      0     26          43    210
     GPU 0  0.000  0.000  0.000  0.000  0.000  0.000  0.000  0.000               3022224                     0           0           0       0.000       0.000      78.632        7698958360    870      0     26          43    210
     GPU 0  0.000  0.000  0.000  0.000  0.000  0.000  0.000  0.000               4418105               1913986           0           0       0.000       0.000      78.632        7698958360    870      0     26          43    210
     GPU 0  0.000  0.000  0.000  0.000  0.000  0.000  0.000  0.000               7012157               3737152           0           0       0.000       0.000      78.632        7698958360    870      0     26          43    210
     GPU 0  0.000  0.000  0.000  0.000  0.000  0.000  0.000  0.000               7012157               3737152           0           0       0.000       0.000      78.632        7698958360    870      0     26          43    210
     GPU 0  0.000  0.000  0.000  0.000  0.000  0.000  0.000  0.000               8996775               5249418           0           0       0.000       0.000      78.632        7698958360    870      0     26          43    210
     GPU 0  0.000  0.000  0.000  0.000  0.000  0.000  0.000  0.000               6483681               4683688           0           0       0.000       0.000      78.632        7698966318    870      0     26          43    210

# Entity  GRACT  SMACT  SMOCC  TENSO  DRAMA  FP64A  FP32A  FP16A                 PCITX                 PCIRX       GPUTL       MCUTL       MUSAM       GUSAM       POWER             TOTEC  SACLK  PSTAT  TMPTR       MMTMP  SMCLK
      Id                                                                                                                                                               W                mJ                    C           C       
     GPU 0  0.000  0.000  0.000  0.000  0.000  0.000  0.000  0.000               7925891               4865868           0           0       0.000       0.000      78.632        7698966318    870      0     26          43    210
     GPU 0  0.000  0.000  0.000  0.000  0.000  0.000  0.000  0.000               7925891               4865868           0           0       0.000       0.000      78.632        7698966318    870      0     26          43    210
     GPU 0  0.000  0.000  0.000  0.000  0.000  0.000  0.000  0.000               2443549               1197006           0           0       0.000       0.000      78.632        7698966318    870      0     26          43    210
     GPU 0  0.000  0.000  0.000  0.000  0.000  0.000  0.000  0.000               3298395                274866           0           0       0.000       0.000      78.632        7698974251    870      0     26          43    210
     GPU 0  0.000  0.000  0.000  0.000  0.000  0.000  0.000  0.000               5121860               1742749           0           0       0.000       0.000      78.632        7698974251    870      0     26          43    210
     GPU 0  0.000  0.000  0.000  0.000  0.000  0.000  0.000  0.000               5121860               1742749           0           0       0.000       0.000      78.632        7698974251    870      0     26          43    210
     GPU 0  0.000  0.000  0.000  0.000  0.000  0.000  0.000  0.000               6637993               3805908           0           0       0.000       0.000      78.632        7698974251    870      0     26          43    210
     GPU 0  0.000  0.000  0.000  0.000  0.000  0.000  0.000  0.000              10108815               8962351           0           0       0.000       0.000      78.632        7698974251    870      0     27          43    210
     GPU 0  0.000  0.000  0.000  0.000  0.000  0.000  0.000  0.000              10108815               8962351           0           0       0.000       0.000      78.632        7698974251    870      0     26          43    210
     GPU 0  0.000  0.000  0.000  0.000  0.000  0.000  0.000  0.000               4357607               3521901           0           0       0.000       0.000      78.632        7698982286    870      0     26          43    210
     GPU 0  0.000  0.000  0.000  0.000  0.000  0.000  0.000  0.000               6659479              10808007           0           0       0.000       0.000      78.632        7698982286    870      0     26          43    210
     GPU 0  0.000  0.000  0.000  0.000  0.000  0.000  0.000  0.000               6659479              10808007           0           0       0.000       0.000      78.632        7698982286    870      0     27          43    210
     GPU 0  0.000  0.000  0.000  0.000  0.000  0.000  0.000  0.000              12321987              20784264           0           0       0.000       0.000      78.632        7698982286    870      0     27          43    210
     GPU 0  0.000  0.000  0.000  0.000  0.000  0.000  0.000  0.000               2420928               2420928           0           0       0.000       0.000      78.632        7698982286    870      0     27          43    210

# Entity  GRACT  SMACT  SMOCC  TENSO  DRAMA  FP64A  FP32A  FP16A                 PCITX                 PCIRX       GPUTL       MCUTL       MUSAM       GUSAM       POWER             TOTEC  SACLK  PSTAT  TMPTR       MMTMP  SMCLK
      Id                                                                                                                                                               W                mJ                    C           C       
     GPU 0  0.000  0.000  0.000  0.000  0.000  0.000  0.000  0.000               1578392               2575272           0           0       0.000       0.000      78.632        7698990141    870      0     26          43    210
     GPU 0  0.000  0.000  0.000  0.000  0.000  0.000  0.000  0.000               6684738               4474037           0           0       0.000       0.000      78.632        7698990141    870      0     26          43    210
     GPU 0  0.000  0.000  0.000  0.000  0.000  0.000  0.000  0.000               1190642                595321           0           0       0.000       0.000      78.632        7698990141    870      0     27          43    210
     GPU 0  0.000  0.000  0.000  0.000  0.000  0.000  0.000  0.000               1190642                595321           0           0       0.000       0.000      78.632        7698990141    870      0     27          43    210
     GPU 0  0.000  0.000  0.000  0.000  0.000  0.000  0.000  0.000               1831339               2580524           0           0       0.000       0.000      78.632        7698990141    870      0     27          43    210
     GPU 0  0.000  0.000  0.000  0.000  0.000  0.000  0.000  0.000               7790923               4817288           0           0       0.000       0.000      78.632        7698998166    870      0     27          43    210
     GPU 0  0.000  0.000  0.000  0.000  0.000  0.000  0.000  0.000               7790923               4817288           0           0       0.000       0.000      78.632        7698998166    870      0     27          43    210
     GPU 0  0.000  0.000  0.000  0.000  0.000  0.000  0.000  0.000               4526699               3703662           0           0       0.000       0.000      78.632        7698998166    870      0     27          43    210
     GPU 0  0.000  0.000  0.000  0.000  0.000  0.000  0.000  0.000               4526699               3703662           0           0       0.000       0.000      78.632        7698998166    870      0     27          43    210
     GPU 0  0.000  0.000  0.000  0.000  0.000  0.000  0.000  0.000               4526699               3703662           0           0       0.000       0.000      78.632        7698998166    870      0     26          43    210
     GPU 0  0.000  0.000  0.000  0.000  0.000  0.000  0.000  0.000              10568721               8986179           0           0       0.000       0.000      78.632        7699006010    870      0     26          43    210
     GPU 0  0.000  0.000  0.000  0.000  0.000  0.000  0.000  0.000              10568721               8986179           0           0       0.000       0.000      78.632        7699006010    870      0     26          43    210
     GPU 0  0.000  0.000  0.000  0.000  0.000  0.000  0.000  0.000               9819288               7911944           0           0       0.000       0.000      78.632        7699006010    870      0     27          43    210
     GPU 0  0.000  0.000  0.000  0.000  0.000  0.000  0.000  0.000              13154350              27681318           0           0       0.000       0.000      78.632        7699006010    870      0     26          43    210

# Entity  GRACT  SMACT  SMOCC  TENSO  DRAMA  FP64A  FP32A  FP16A                 PCITX                 PCIRX       GPUTL       MCUTL       MUSAM       GUSAM       POWER             TOTEC  SACLK  PSTAT  TMPTR       MMTMP  SMCLK
      Id                                                                                                                                                               W                mJ                    C           C       
     GPU 0  0.000  0.000  0.000  0.000  0.000  0.000  0.000  0.000               6232892              19363517           0           0       0.000       0.000      78.632        7699006010    870      0     27          43    210
     GPU 0  0.000  0.000  0.000  0.000  0.000  0.000  0.000  0.000               6232892              19363517           0           0       0.000       0.000      78.923        7699013986    870      0     27          43    210
     GPU 0  0.000  0.000  0.000  0.000  0.000  0.000  0.000  0.000               5739567              19048708           0           0       0.000       0.000      78.923        7699013986    870      0     27          43    870
     GPU 0  0.196  0.000  0.000  0.000  0.000  0.000  0.000  0.000              18466516              21681668           0           0       0.000       0.000      78.923        7699013986    870      0     27          43    870
     GPU 0  0.059  0.000  0.000  0.000  0.000  0.000  0.000  0.000              15177227              46833377           0           0       0.000       0.000      78.923        7699013986    870      0     27          43    870
     GPU 0  0.002  0.000  0.000  0.000  0.001  0.000  0.000  0.000             281658233            2438082152           0           0       0.000       0.000      78.923        7699013986    870      0     27          43    870
     GPU 0  0.336  0.000  0.000  0.000  0.001  0.000  0.000  0.000              59645459             464105834           0           0       0.000       0.000      84.867        7699022287    870      0     27          43    870
     GPU 0  1.000  0.945  0.769  0.000  0.001  0.000  0.627  0.000               7149229               4919093           0           0       0.000       0.000      84.867        7699022287    870      0     28          43    870
     GPU 0  1.000  0.949  0.764  0.000  0.001  0.000  0.630  0.000               8051339               5811008           0           0       0.000       0.000      84.867        7699022287    870      0     28          43    870
     GPU 0  1.000  0.949  0.764  0.000  0.001  0.000  0.630  0.000               8051339               5811008          36           0       0.000      36.000      84.867        7699022287    870      0     29          43    870
     GPU 0  1.000  0.000  0.000  0.000  0.001  0.000  0.000  0.000              14112447               9371448          36           0       0.000      36.000     154.158        7699036541    870      0     29          43    870
     GPU 0  1.000  0.930  0.725  0.000  0.001  0.000  0.610  0.000               8599188               6279666          36           0       0.000      36.000     154.158        7699036541    870      0     30          43    870
     GPU 0  1.000  0.945  0.755  0.000  0.001  0.000  0.629  0.000              11048286               8101851          36           0       0.000      36.000     154.158        7699036541    870      0     30          43    870
     GPU 0  1.000  0.000  0.000  0.000  0.001  0.000  0.000  0.000              11326805               7883672          36           0       0.000      36.000     154.158        7699036541    870      0     30          43    870

# Entity  GRACT  SMACT  SMOCC  TENSO  DRAMA  FP64A  FP32A  FP16A                 PCITX                 PCIRX       GPUTL       MCUTL       MUSAM       GUSAM       POWER             TOTEC  SACLK  PSTAT  TMPTR       MMTMP  SMCLK
      Id                                                                                                                                                               W                mJ                    C           C       
     GPU 0  1.000  0.941  0.762  0.000  0.001  0.000  0.625  0.000               9481083               6664904          36           0       0.000      36.000     154.158        7699036541    870      0     30          43    870
     GPU 0  1.000  0.923  0.681  0.000  0.001  0.000  0.600  0.000               5946100               4231134          36           0       0.000      36.000     154.158        7699036541    870      0     30          43    870
     GPU 0  1.000  0.923  0.681  0.000  0.001  0.000  0.600  0.000               5946100               4231134          36           0       0.000      36.000     152.258        7699051968    870      0     30          43    870
     GPU 0  1.000  0.000  0.000  0.000  0.001  0.000  0.000  0.000               6092866               3894405          36           0       0.000      36.000     152.258        7699051968    870      0     30          43    870
     GPU 0  1.000  0.931  0.721  0.000  0.002  0.000  0.612  0.000               2251333               1190181          36           0       0.000      36.000     152.258        7699051968    870      0     30          43    870
     GPU 0  1.000  0.926  0.705  0.000  0.001  0.000  0.602  0.000               4191716               2630963         100           0       0.000      99.000     152.258        7699051968    870      0     31          43    870
     GPU 0  1.000  0.000  0.000  0.000  0.001  0.000  0.000  0.000               4556604               3136612         100           0       0.000      99.000     152.797        7699067369    870      0     31          43    870
     GPU 0  1.000  0.952  0.775  0.000  0.001  0.000  0.635  0.000               6393405               3898795         100           0       0.000      99.000     152.797        7699067369    870      0     31          43    870
     GPU 0  1.000  0.932  0.733  0.000  0.001  0.000  0.615  0.000               6526294               4453467         100           0       0.000      99.000     152.797        7699067369    870      0     31          43    870
     GPU 0  1.000  0.932  0.733  0.000  0.001  0.000  0.615  0.000               6526294               4453467         100           0       0.000      99.000     152.797        7699067369    870      0     31          44    870
     GPU 0  1.000  0.000  0.000  0.000  0.001  0.000  0.000  0.000               8275952               5593763         100           0       0.000      99.000     152.797        7699067369    870      0     31          44    870
     GPU 0  1.000  0.937  0.734  0.000  0.001  0.000  0.618  0.000              10046677               6418559         100           0       0.000      99.000     152.797        7699067369    870      0     31          43    870
     GPU 0  1.000  0.937  0.734  0.000  0.001  0.000  0.618  0.000              10046677               6418559         100           0       0.000      99.000     153.087        7699082795    870      0     31          44    870
     GPU 0  1.000  0.946  0.750  0.000  0.001  0.000  0.610  0.000               4801428               4023487         100           0       0.000      99.000     153.087        7699082795    870      0     31          44    870

# Entity  GRACT  SMACT  SMOCC  TENSO  DRAMA  FP64A  FP32A  FP16A                 PCITX                 PCIRX       GPUTL       MCUTL       MUSAM       GUSAM       POWER             TOTEC  SACLK  PSTAT  TMPTR       MMTMP  SMCLK
      Id                                                                                                                                                               W                mJ                    C           C       
     GPU 0  1.000  0.000  0.000  0.000  0.001  0.000  0.000  0.000               3426430               1216505         100           0       0.000      99.000     153.087        7699082795    870      0     31          43    870
     GPU 0  1.000  0.939  0.736  0.000  0.001  0.000  0.617  0.000               2296366               1275772         100           0       0.000      99.000     153.087        7699082795    870      0     31          44    870
     GPU 0  1.000  0.949  0.775  0.000  0.001  0.000  0.630  0.000               4040740               2525149         100           0       0.000      99.000     152.499        7699082795    870      0     31          44    870
     GPU 0  1.000  0.000  0.000  0.000  0.001  0.000  0.000  0.000               6087037               3822354         100           0       0.000      99.000     152.499        7699098230    870      0     31          44    870
     GPU 0  1.000  0.000  0.000  0.000  0.001  0.000  0.000  0.000               6087037               3822354         100           0       0.000      99.000     152.499        7699098230    870      0     31          44    870
     GPU 0  1.000  0.937  0.759  0.000  0.001  0.000  0.618  0.000               6625562               5228323         100           0       0.000      99.000     152.499        7699098230    870      0     31          44    870
     GPU 0  1.000  0.947  0.771  0.000  0.001  0.000  0.629  0.000              10159472               7589104         100           0       0.000      99.000     152.499        7699098230    870      0     31          44    870
     GPU 0  1.000  0.000  0.000  0.000  0.001  0.000  0.000  0.000               5867155               4563603         100           0       0.000      99.000     152.499        7699098230    870      0     31          44    870
     GPU 0  1.000  0.934  0.735  0.000  0.001  0.000  0.614  0.000               6947006               4830822         100           0       0.000      99.000     153.329        7699113781    870      0     31          44    870
     GPU 0  1.000  0.949  0.771  0.000  0.001  0.000  0.630  0.000               9233192               5897704         100           0       0.000      99.000     153.329        7699113781    870      0     31          44    870
     GPU 0  1.000  0.000  0.000  0.000  0.001  0.000  0.000  0.000               9243449               6681905         100           0       0.000      99.000     153.329        7699113781    870      0     32          44    870
     GPU 0  1.000  0.000  0.000  0.000  0.001  0.000  0.000  0.000               9243449               6681905         100           0       0.000      99.000     153.329        7699113781    870      0     32          44    870
     GPU 0  1.000  0.941  0.769  0.000  0.001  0.000  0.625  0.000               9404467               6506316         100           0       0.000      99.000     153.329        7699113781    870      0     32          44    870
     GPU 0  1.000  0.930  0.740  0.000  0.001  0.000  0.611  0.000               4772488               3638784         100           0       0.000      99.000     152.499        7699129106    870      0     32          44    870

# Entity  GRACT  SMACT  SMOCC  TENSO  DRAMA  FP64A  FP32A  FP16A                 PCITX                 PCIRX       GPUTL       MCUTL       MUSAM       GUSAM       POWER             TOTEC  SACLK  PSTAT  TMPTR       MMTMP  SMCLK
      Id                                                                                                                                                               W                mJ                    C           C       
     GPU 0  1.000  0.000  0.000  0.000  0.001  0.000  0.000  0.000               3347178               1119730         100           0       0.000      99.000     152.499        7699129106    870      0     32          44    870
     GPU 0  1.000  0.000  0.000  0.000  0.001  0.000  0.000  0.000               3347178               1119730         100           0       0.000      99.000     152.499        7699129106    870      0     32          44    870
     GPU 0  1.000  0.939  0.749  0.000  0.001  0.000  0.597  0.000               2172396               1035377         100           0       0.000      99.000     152.499        7699129106    870      0     32          44    870
     GPU 0  1.000  0.937  0.720  0.000  0.001  0.000  0.614  0.000               3471146               1627886         100           0       0.000      99.000     152.499        7699129106    870      0     32          44    870
     GPU 0  1.000  0.000  0.000  0.000  0.001  0.000  0.000  0.000               4660799               2531490         100           0       0.000      99.000     153.619        7699144697    870      0     32          44    870
     GPU 0  1.000  0.939  0.743  0.000  0.001  0.000  0.591  0.000               5427354               3574804         100           0       0.000      99.000     153.619        7699144697    870      0     32          44    870
     GPU 0  1.000  0.945  0.759  0.000  0.001  0.000  0.619  0.000               7143321               4953126         100           0       0.000      99.000     153.619        7699144697    870      0     32          44    870
     GPU 0  1.000  0.945  0.759  0.000  0.001  0.000  0.619  0.000               7143321               4953126         100           0       0.000      99.000     153.619        7699144697    870      0     32          44    870
     GPU 0  1.000  0.000  0.000  0.000  0.001  0.000  0.000  0.000               9368385               6698501         100           0       0.000      99.000     153.619        7699144697    870      0     32          44    870
     GPU 0  1.000  0.942  0.772  0.000  0.001  0.000  0.625  0.000               8811296               6372621         100           0       0.000      99.000     153.329        7699159996    870      0     32          44    870
     GPU 0  1.000  0.948  0.747  0.000  0.001  0.000  0.626  0.000               7937940               5514577         100           0       0.000      99.000     153.329        7699159996    870      0     32          44    870
     GPU 0  1.000  0.000  0.000  0.000  0.001  0.000  0.000  0.000               3208414               3041666         100           0       0.000      99.000     153.329        7699159996    870      0     32          44    870
     GPU 0  1.000  0.000  0.000  0.000  0.001  0.000  0.000  0.000               3208414               3041666         100           0       0.000      99.000     153.329        7699159996    870      0     32          44    870
     GPU 0  1.000  0.944  0.732  0.000  0.001  0.000  0.622  0.000               2171898               1192507         100           0       0.000      99.000     153.329        7699159996    870      0     32          44    870

# Entity  GRACT  SMACT  SMOCC  TENSO  DRAMA  FP64A  FP32A  FP16A                 PCITX                 PCIRX       GPUTL       MCUTL       MUSAM       GUSAM       POWER             TOTEC  SACLK  PSTAT  TMPTR       MMTMP  SMCLK
      Id                                                                                                                                                               W                mJ                    C           C       
     GPU 0  1.000  0.922  0.695  0.000  0.001  0.000  0.597  0.000               2296781               1070216         100           0       0.000      99.000     153.087        7699175586    870      0     32          44    870
     GPU 0  1.000  0.000  0.000  0.000  0.001  0.000  0.000  0.000               8544503               3869267         100           0       0.000      99.000     153.087        7699175586    870      0     32          44    870
     GPU 0  1.000  0.941  0.761  0.000  0.001  0.000  0.624  0.000               4294154               2809689         100           0       0.000      99.000     153.087        7699175586    870      0     32          44    870
     GPU 0  1.000  0.936  0.753  0.000  0.001  0.000  0.618  0.000               6416274               4302667         100           0       0.000      99.000     153.087        7699175586    870      0     32          44    870
     GPU 0  1.000  0.936  0.753  0.000  0.001  0.000  0.618  0.000               6416274               4302667         100           0       0.000      99.000     153.087        7699175586    870      0     32          44    870
     GPU 0  1.000  0.000  0.000  0.000  0.001  0.000  0.000  0.000               7903221               5646830         100           0       0.000      99.000     153.619        7699190902    870      0     32          44    870
     GPU 0  1.000  0.935  0.746  0.000  0.001  0.000  0.611  0.000               6161557               5052769         100           0       0.000      99.000     153.619        7699190902    870      0     32          44    870
     GPU 0  1.000  0.922  0.764  0.000  0.001  0.000  0.600  0.000               3336209               1158729         100           0       0.000      99.000     153.619        7699190902    870      0     32          44    870
     GPU 0  1.000  0.922  0.764  0.000  0.001  0.000  0.600  0.000               3336209               1158729         100           0       0.000      99.000     153.619        7699190902    870      0     32          44    870
     GPU 0  1.000  0.000  0.000  0.000  0.001  0.000  0.000  0.000               3094535               1055677         100           0       0.000      99.000     153.619        7699190902    870      0     32          44    870
     GPU 0  1.000  0.942  0.759  0.000  0.001  0.000  0.619  0.000               3272995                544035         100           0       0.000      99.000     153.087        7699206408    870      0     32          44    870
     GPU 0  1.000  0.920  0.675  0.000  0.001  0.000  0.599  0.000               8167485               3897475         100           0       0.000      99.000     153.087        7699206408    870      0     32          44    870
     GPU 0  1.000  0.000  0.000  0.000  0.001  0.000  0.000  0.000               4545013               3298440         100           0       0.000      99.000     153.087        7699206408    870      0     32          44    870
     GPU 0  1.000  0.932  0.746  0.000  0.001  0.000  0.616  0.000               6535253               4432265         100           0       0.000      99.000     153.087        7699206408    870      0     32          44    870

# Entity  GRACT  SMACT  SMOCC  TENSO  DRAMA  FP64A  FP32A  FP16A                 PCITX                 PCIRX       GPUTL       MCUTL       MUSAM       GUSAM       POWER             TOTEC  SACLK  PSTAT  TMPTR       MMTMP  SMCLK
      Id                                                                                                                                                               W                mJ                    C           C       
     GPU 0  1.000  0.932  0.746  0.000  0.001  0.000  0.616  0.000               6535253               4432265         100           0       0.000      99.000     153.087        7699206408    870      0     32          44    870
     GPU 0  1.000  0.937  0.742  0.000  0.001  0.000  0.616  0.000               8330562               6024289         100           0       0.000      99.000     153.868        7699221834    870      0     32          44    870
     GPU 0  1.000  0.000  0.000  0.000  0.001  0.000  0.000  0.000              10074076               7487230         100           0       0.000      99.000     153.868        7699221834    870      0     32          44    870
     GPU 0  1.000  0.940  0.763  0.000  0.001  0.000  0.624  0.000               8495542               5824688         100           0       0.000      99.000     153.868        7699221834    870      0     32          44    870
     GPU 0  1.000  0.935  0.758  0.000  0.001  0.000  0.617  0.000               9672501               7245555         100           0       0.000      99.000     153.868        7699221834    870      0     32          44    870
     GPU 0  1.000  0.935  0.758  0.000  0.001  0.000  0.617  0.000               9672501               7245555         100           0       0.000      99.000     153.868        7699221834    870      0     32          44    870
     GPU 0  1.000  0.000  0.000  0.000  0.001  0.000  0.000  0.000               9559826               7406577         100           0       0.000      99.000     153.087        7699237259    870      0     32          44    870
     GPU 0  1.000  0.940  0.763  0.000  0.001  0.000  0.624  0.000               8950817               7098810         100           0       0.000      99.000     153.087        7699237259    870      0     32          44    870
     GPU 0  1.000  0.946  0.768  0.000  0.001  0.000  0.628  0.000               7332835               5908140         100           0       0.000      99.000     153.087        7699237259    870      0     32          44    870
     GPU 0  1.000  0.000  0.000  0.000  0.001  0.000  0.000  0.000               3554860               2731643         100           0       0.000      99.000     153.087        7699237259    870      0     32          44    870
     GPU 0  1.000  0.948  0.758  0.000  0.001  0.000  0.629  0.000               3108860                694162         100           0       0.000      99.000     153.087        7699237259    870      0     32          44    870
     GPU 0  1.000  0.934  0.711  0.000  0.001  0.000  0.609  0.000               5725573               2825769         100           0       0.000      99.000     153.087        7699252788    870      0     32          44    870
     GPU 0  1.000  0.934  0.711  0.000  0.001  0.000  0.609  0.000               5725573               2825769         100           0       0.000      99.000     153.087        7699252788    870      0     32          44    870
     GPU 0  1.000  0.000  0.000  0.000  0.001  0.000  0.000  0.000               7821746               4674968         100           0       0.000      99.000     153.087        7699252788    870      0     32          44    870

# Entity  GRACT  SMACT  SMOCC  TENSO  DRAMA  FP64A  FP32A  FP16A                 PCITX                 PCIRX       GPUTL       MCUTL       MUSAM       GUSAM       POWER             TOTEC  SACLK  PSTAT  TMPTR       MMTMP  SMCLK
      Id                                                                                                                                                               W                mJ                    C           C       
     GPU 0  1.000  0.941  0.763  0.000  0.001  0.000  0.624  0.000              10906502               7106391         100           0       0.000      99.000     153.087        7699252788    870      0     32          44    870
     GPU 0  1.000  0.941  0.763  0.000  0.001  0.000  0.624  0.000              10906502               7106391         100           0       0.000      99.000     153.087        7699268301    870      0     32          44    870
     GPU 0  1.000  0.945  0.746  0.000  0.001  0.000  0.601  0.000               8359395               6240798         100           0       0.000      99.000     153.619        7699268301    870      0     33          44    870
     GPU 0  1.000  0.000  0.000  0.000  0.001  0.000  0.000  0.000               6482588               4384563         100           0       0.000      99.000     153.619        7699268301    870      0     33          44    870
     GPU 0  1.000  0.946  0.742  0.000  0.001  0.000  0.625  0.000              11022201               8152655         100           0       0.000      99.000     153.619        7699268301    870      0     33          44    870
     GPU 0  1.000  0.946  0.748  0.000  0.001  0.000  0.625  0.000               8224886               5758596         100           0       0.000      99.000     153.619        7699268301    870      0     33          44    870
     GPU 0  1.000  0.946  0.748  0.000  0.001  0.000  0.625  0.000               8224886               5758596         100           0       0.000      99.000     153.619        7699268301    870      0     33          44    870
     GPU 0  1.000  0.000  0.000  0.000  0.001  0.000  0.000  0.000               3380679               1433676         100           0       0.000      99.000     153.087        7699283772    870      0     33          44    870
     GPU 0  1.000  0.948  0.749  0.000  0.001  0.000  0.629  0.000               1424292                921601         100           0       0.000      99.000     153.087        7699283772    870      0     33          44    870
     GPU 0  1.000  0.000  0.000  0.000  0.001  0.000  0.000  0.000               3465677               1117586         100           0       0.000      99.000     153.087        7699283772    870      0     33          44    870
     GPU 0  1.000  0.936  0.728  0.000  0.001  0.000  0.613  0.000               3271583                651231         100           0       0.000      99.000     153.087        7699283772    870      0     33          44    870
     GPU 0  1.000  0.947  0.743  0.000  0.001  0.000  0.567  0.000               4798474               3297846         100           0       0.000      99.000     153.087        7699299210    870      0     33          44    870
     GPU 0  1.000  0.000  0.000  0.000  0.001  0.000  0.000  0.000               5369741               3498480         100           0       0.000      99.000     153.868        7699299210    870      0     33          44    870
     GPU 0  1.000  0.000  0.000  0.000  0.001  0.000  0.000  0.000               5369741               3498480         100           0       0.000      99.000     153.868        7699299210    870      0     33          44    870

# Entity  GRACT  SMACT  SMOCC  TENSO  DRAMA  FP64A  FP32A  FP16A                 PCITX                 PCIRX       GPUTL       MCUTL       MUSAM       GUSAM       POWER             TOTEC  SACLK  PSTAT  TMPTR       MMTMP  SMCLK
      Id                                                                                                                                                               W                mJ                    C           C       
     GPU 0  1.000  0.933  0.736  0.000  0.001  0.000  0.587  0.000               7455894               5243627         100           0       0.000      99.000     153.868        7699299210    870      0     33          44    870
     GPU 0  1.000  0.945  0.756  0.000  0.001  0.000  0.604  0.000               9866178               7205448         100           0       0.000      99.000     153.868        7699299210    870      0     33          44    870
     GPU 0  1.000  0.000  0.000  0.000  0.001  0.000  0.000  0.000               8709541               5714322         100           0       0.000      99.000     153.868        7699299210    870      0     33          44    870
     GPU 0  1.000  0.000  0.000  0.000  0.001  0.000  0.000  0.000               8709541               5714322         100           0       0.000      99.000     153.087        7699314754    870      0     33          44    870
     GPU 0  1.000  0.927  0.740  0.000  0.001  0.000  0.610  0.000               8402498               6276227         100           0       0.000      99.000     153.087        7699314754    870      0     33          44    870
     GPU 0  1.000  0.917  0.786  0.000  0.001  0.000  0.600  0.000               3524724               1362546         100           0       0.000      99.000     153.087        7699314754    870      0     33          44    870
     GPU 0  1.000  0.000  0.000  0.000  0.001  0.000  0.000  0.000               9830886               7244716         100           0       0.000      99.000     153.087        7699314754    870      0     33          44    870
     GPU 0  1.000  0.941  0.745  0.000  0.001  0.000  0.624  0.000               6612010               5460395         100           0       0.000      99.000     153.087        7699314754    870      0     33          44    870
     GPU 0  1.000  0.941  0.745  0.000  0.001  0.000  0.624  0.000               6612010               5460395         100           0       0.000      99.000     153.868        7699330254    870      0     33          44    870
     GPU 0  1.000  0.970  0.754  0.000  0.001  0.000  0.648  0.000               4384142               2515782         100           0       0.000      99.000     153.868        7699330254    870      0     33          44    870
     GPU 0  1.000  0.000  0.000  0.000  0.001  0.000  0.000  0.000               6612970               4166610         100           0       0.000      99.000     153.868        7699330254    870      0     33          44    870
     GPU 0  1.000  0.941  0.743  0.000  0.001  0.000  0.621  0.000               6850080               4650232         100           0       0.000      99.000     153.868        7699330254    870      0     33          44    870
     GPU 0  1.000  0.941  0.743  0.000  0.001  0.000  0.621  0.000               6850080               4650232         100           0       0.000      99.000     153.868        7699330254    870      0     33          44    870
     GPU 0  1.000  0.943  0.736  0.000  0.001  0.000  0.617  0.000               9070875               6604649         100           0       0.000      99.000     153.868        7699346024    870      0     33          44    870

# Entity  GRACT  SMACT  SMOCC  TENSO  DRAMA  FP64A  FP32A  FP16A                 PCITX                 PCIRX       GPUTL       MCUTL       MUSAM       GUSAM       POWER             TOTEC  SACLK  PSTAT  TMPTR       MMTMP  SMCLK
      Id                                                                                                                                                               W                mJ                    C           C       
     GPU 0  1.000  0.000  0.000  0.000  0.001  0.000  0.000  0.000               8113885               6187199         100           0       0.000      99.000     153.868        7699346024    870      0     33          44    870
     GPU 0  1.000  0.944  0.732  0.000  0.001  0.000  0.621  0.000               8994246               6588655         100           0       0.000      99.000     153.868        7699346024    870      0     33          44    870
     GPU 0  1.000  0.944  0.743  0.000  0.001  0.000  0.620  0.000               9922987               7511788         100           0       0.000      99.000     153.868        7699346024    870      0     33          44    870
     GPU 0  1.000  0.000  0.000  0.000  0.001  0.000  0.000  0.000               8108572               6323782         100           0       0.000      99.000     153.868        7699346024    870      0     33          44    870
     GPU 0  1.000  0.933  0.744  0.000  0.001  0.000  0.613  0.000               1256228               1088731         100           0       0.000      99.000     153.087        7699361275    870      0     33          44    870
     GPU 0  1.000  0.933  0.744  0.000  0.001  0.000  0.613  0.000               1256228               1088731         100           0       0.000      99.000     153.087        7699361275    870      0     33          44    870
     GPU 0  1.000  0.000  0.000  0.000  0.001  0.000  0.000  0.000               5230118               3794989         100           0       0.000      99.000     153.087        7699361275    870      0     33          44    870
     GPU 0  1.000  0.936  0.758  0.000  0.001  0.000  0.621  0.000               3743584               1160174         100           0       0.000      99.000     153.087        7699361275    870      0     33          44    870
     GPU 0  1.000  0.922  0.790  0.000  0.001  0.000  0.603  0.000               3504556               1284114         100           0       0.000      99.000     153.087        7699361275    870      0     33          44    870
     GPU 0  1.000  0.000  0.000  0.000  0.001  0.000  0.000  0.000               4533799               2976165         100           0       0.000      99.000     153.619        7699376843    870      0     33          44    870
     GPU 0  1.000  0.929  0.751  0.000  0.001  0.000  0.613  0.000               6070422               4574641         100           0       0.000      99.000     153.619        7699376843    870      0     33          44    870
     GPU 0  1.000  0.929  0.751  0.000  0.001  0.000  0.613  0.000               6070422               4574641         100           0       0.000      99.000     153.619        7699376843    870      0     33          44    870
     GPU 0  1.000  0.939  0.759  0.000  0.001  0.000  0.621  0.000               8120459               6090530         100           0       0.000      99.000     153.619        7699376843    870      0     33          44    870
     GPU 0  1.000  0.000  0.000  0.000  0.001  0.000  0.000  0.000               8315612               6436393         100           0       0.000      99.000     153.619        7699376843    870      0     33          44    870

# Entity  GRACT  SMACT  SMOCC  TENSO  DRAMA  FP64A  FP32A  FP16A                 PCITX                 PCIRX       GPUTL       MCUTL       MUSAM       GUSAM       POWER             TOTEC  SACLK  PSTAT  TMPTR       MMTMP  SMCLK
      Id                                                                                                                                                               W                mJ                    C           C       
     GPU 0  1.000  0.000  0.000  0.000  0.001  0.000  0.000  0.000               8315612               6436393         100           0       0.000      99.000     153.329        7699392420    870      0     33          44    870
     GPU 0  1.000  0.944  0.767  0.000  0.001  0.000  0.609  0.000               7147691               5597871         100           0       0.000      99.000     153.329        7699392420    870      0     33          44    870
     GPU 0  1.000  0.942  0.728  0.000  0.001  0.000  0.619  0.000               8890434               6785260         100           0       0.000      99.000     153.329        7699392420    870      0     33          44    870
     GPU 0  1.000  0.000  0.000  0.000  0.001  0.000  0.000  0.000              11283182               8598968         100           0       0.000      99.000     153.329        7699392420    870      0     33          44    870
     GPU 0  1.000  0.946  0.743  0.000  0.001  0.000  0.627  0.000               8349783               5642919         100           0       0.000      99.000     153.329        7699392420    870      0     33          44    870
     GPU 0  1.000  0.910  0.747  0.000  0.001  0.000  0.593  0.000               3419010               1325865         100           0       0.000      99.000     152.797        7699407805    870      0     33          44    870
     GPU 0  1.000  0.000  0.000  0.000  0.001  0.000  0.000  0.000               4839553               2842045         100           0       0.000      99.000     152.797        7699407805    870      0     33          44    870
     GPU 0  1.000  0.000  0.000  0.000  0.001  0.000  0.000  0.000               4839553               2842045         100           0       0.000      99.000     152.797        7699407805    870      0     33          44    870
     GPU 0  1.000  0.931  0.732  0.000  0.001  0.000  0.612  0.000               9264064               6812240         100           0       0.000      99.000     152.797        7699407805    870      0     33          44    870
     GPU 0  1.000  0.948  0.770  0.000  0.001  0.000  0.629  0.000               8451804               6026512         100           0       0.000      99.000     152.797        7699407805    870      0     33          44    870
     GPU 0  1.000  0.948  0.770  0.000  0.001  0.000  0.629  0.000               8451804               6026512         100           0       0.000      99.000     153.619        7699423278    870      0     33          44    870
     GPU 0  1.000  0.000  0.000  0.000  0.001  0.000  0.000  0.000               7108090               5077823         100           0       0.000      99.000     153.619        7699423278    870      0     33          44    870
     GPU 0  1.000  0.933  0.742  0.000  0.001  0.000  0.588  0.000               3515245               1441393         100           0       0.000      99.000     153.619        7699423278    870      0     33          44    870
     GPU 0  1.000  0.918  0.674  0.000  0.001  0.000  0.596  0.000               3500655               1389438         100           0       0.000      99.000     153.619        7699423278    870      0     33          44    870

# Entity  GRACT  SMACT  SMOCC  TENSO  DRAMA  FP64A  FP32A  FP16A                 PCITX                 PCIRX       GPUTL       MCUTL       MUSAM       GUSAM       POWER             TOTEC  SACLK  PSTAT  TMPTR       MMTMP  SMCLK
      Id                                                                                                                                                               W                mJ                    C           C       
     GPU 0  1.000  0.000  0.000  0.000  0.001  0.000  0.000  0.000               4870646               2620095         100           0       0.000      99.000     153.619        7699423278    870      0     33          44    870
     GPU 0  1.000  0.948  0.770  0.000  0.001  0.000  0.608  0.000               5558718               3499268         100           0       0.000      99.000     152.258        7699438732    870      0     33          44    870
     GPU 0  1.000  0.948  0.770  0.000  0.001  0.000  0.608  0.000               5558718               3499268         100           0       0.000      99.000     152.258        7699438732    870      0     33          44    870
     GPU 0  1.000  0.944  0.781  0.000  0.001  0.000  0.628  0.000               7125241               4703076         100           0       0.000      99.000     152.258        7699438732    870      0     33          44    870
     GPU 0  1.000  0.000  0.000  0.000  0.001  0.000  0.000  0.000               9373052               6254002         100           0       0.000      99.000     152.258        7699438732    870      0     33          44    870
     GPU 0  1.000  0.000  0.000  0.000  0.001  0.000  0.000  0.000               9373052               6254002         100           0       0.000      99.000     152.258        7699438732    870      0     33          44    870
     GPU 0  1.000  0.950  0.774  0.000  0.001  0.000  0.631  0.000               6541022               4636676         100           0       0.000      99.000     153.329        7699438732    870      0     33          44    870
     GPU 0  1.000  0.928  0.803  0.000  0.001  0.000  0.621  0.000               8602425               5670492         100           0       0.000      99.000     153.329        7699454205    870      0     33          44    870
     GPU 0  1.000  0.000  0.000  0.000  0.001  0.000  0.000  0.000               6544718               5163059         100           0       0.000      99.000     153.329        7699454205    870      0     33          44    870
     GPU 0  1.000  0.938  0.755  0.000  0.001  0.000  0.622  0.000               8841664               7375124         100           0       0.000      99.000     153.329        7699454205    870      0     33          44    870
     GPU 0  1.000  0.938  0.755  0.000  0.001  0.000  0.622  0.000               8841664               7375124         100           0       0.000      99.000     153.329        7699454205    870      0     33          44    870
     GPU 0  1.000  0.943  0.732  0.000  0.001  0.000  0.603  0.000               2290588               1312744         100           0       0.000      99.000     153.087        7699469746    870      0     33          44    870
     GPU 0  1.000  0.000  0.000  0.000  0.001  0.000  0.000  0.000               6495066               4275918         100           0       0.000      99.000     153.087        7699469746    870      0     33          44    870
     GPU 0  1.000  0.943  0.860  0.000  0.001  0.000  0.646  0.000               3374368               1241414         100           0       0.000      99.000     153.087        7699469746    870      0     33          44    870

# Entity  GRACT  SMACT  SMOCC  TENSO  DRAMA  FP64A  FP32A  FP16A                 PCITX                 PCIRX       GPUTL       MCUTL       MUSAM       GUSAM       POWER             TOTEC  SACLK  PSTAT  TMPTR       MMTMP  SMCLK
      Id                                                                                                                                                               W                mJ                    C           C       
     GPU 0  1.000  0.000  0.000  0.000  0.001  0.000  0.000  0.000               3507136               1201284         100           0       0.000      99.000     153.087        7699469746    870      0     33          44    870
     GPU 0  1.000  0.938  0.757  0.000  0.001  0.000  0.619  0.000               3722719               2176321         100           0       0.000      99.000     153.087        7699469746    870      0     33          44    870
     GPU 0  1.000  0.928  0.749  0.000  0.001  0.000  0.612  0.000               6995516               4510145         100           0       0.000      99.000     153.619        7699469746    870      0     33          44    870
     GPU 0  1.000  0.928  0.749  0.000  0.001  0.000  0.612  0.000               6995516               4510145         100           0       0.000      99.000     153.619        7699485369    870      0     33          44    870
     GPU 0  1.000  0.000  0.000  0.000  0.001  0.000  0.000  0.000               8951725               6585024         100           0       0.000      99.000     153.619        7699485369    870      0     33          44    870
     GPU 0  1.000  0.940  0.751  0.000  0.001  0.000  0.624  0.000               7400147               6104250         100           0       0.000      99.000     153.619        7699485369    870      0     33          44    870
     GPU 0  1.000  0.947  0.748  0.000  0.001  0.000  0.627  0.000               8316380               5474996         100           0       0.000      99.000     153.619        7699485369    870      0     33          44    870
     GPU 0  1.000  0.947  0.748  0.000  0.001  0.000  0.627  0.000               8316380               5474996         100           0       0.000      99.000     153.087        7699500786    870      0     33          44    870
     GPU 0  1.000  0.000  0.000  0.000  0.001  0.000  0.000  0.000               1173979               1173979         100           0       0.000      99.000     153.087        7699500786    870      0     33          44    870
     GPU 0  1.000  0.940  0.761  0.000  0.001  0.000  0.598  0.000               9930210               7509551         100           0       0.000      99.000     153.087        7699500786    870      0     33          44    870
     GPU 0  1.000  0.000  0.000  0.000  0.001  0.000  0.000  0.000               7294117               5910701         100           0       0.000      99.000     153.087        7699500786    870      0     33          44    870
     GPU 0  1.000  0.948  0.769  0.000  0.001  0.000  0.607  0.000               3760296               1511251         100           0       0.000      99.000     153.087        7699500786    870      0     33          44    870
     GPU 0  1.000  0.931  0.804  0.000  0.001  0.000  0.610  0.000               4038811               1117214         100           0       0.000      99.000     153.619        7699500786    870      0     33          44    870
     GPU 0  1.000  0.000  0.000  0.000  0.001  0.000  0.000  0.000               4488221               2973963         100           0       0.000      99.000     153.619        7699516384    870      0     33          44    870

# Entity  GRACT  SMACT  SMOCC  TENSO  DRAMA  FP64A  FP32A  FP16A                 PCITX                 PCIRX       GPUTL       MCUTL       MUSAM       GUSAM       POWER             TOTEC  SACLK  PSTAT  TMPTR       MMTMP  SMCLK
      Id                                                                                                                                                               W                mJ                    C           C       
     GPU 0  1.000  0.000  0.000  0.000  0.001  0.000  0.000  0.000               4488221               2973963         100           0       0.000      99.000     153.619        7699516384    870      0     33          44    870
     GPU 0  1.000  0.935  0.752  0.000  0.001  0.000  0.617  0.000               6814992               4501794         100           0       0.000      99.000     153.619        7699516384    870      0     33          44    870
     GPU 0  1.000  0.957  0.767  0.000  0.001  0.000  0.637  0.000               9779651               6525894         100           0       0.000      99.000     153.619        7699516384    870      0     33          44    870
     GPU 0  1.000  0.000  0.000  0.000  0.001  0.000  0.000  0.000               6819843               5235435         100           0       0.000      99.000     153.619        7699531821    870      0     33          44    870
     GPU 0  1.000  0.000  0.000  0.000  0.001  0.000  0.000  0.000               6819843               5235435         100           0       0.000      99.000     153.619        7699531821    870      0     33          44    870
     GPU 0  1.000  0.938  0.743  0.000  0.001  0.000  0.620  0.000              10235399               8072147         100           0       0.000      99.000     153.619        7699531821    870      0     33          44    870
     GPU 0  1.000  0.941  0.770  0.000  0.001  0.000  0.625  0.000              10217264               7500113         100           0       0.000      99.000     153.619        7699531821    870      0     33          44    870
     GPU 0  1.000  0.000  0.000  0.000  0.001  0.000  0.000  0.000               9495976               7178452         100           0       0.000      99.000     153.619        7699531821    870      0     33          44    870
     GPU 0  1.000  0.941  0.764  0.000  0.001  0.000  0.625  0.000               6938662               4797956         100           0       0.000      99.000     153.619        7699531821    870      0     33          44    870
     GPU 0  1.000  0.979  0.739  0.000  0.001  0.000  0.647  0.000               3848459                502291         100           0       0.000      99.000     153.619        7699547462    870      0     33          44    870
     GPU 0  1.000  0.000  0.000  0.000  0.001  0.000  0.000  0.000               1257749               1173899         100           0       0.000      99.000     153.619        7699547462    870      0     33          44    870
     GPU 0  1.000  1.000  0.829  0.000  0.001  0.000  0.687  0.000               3326596                651055         100           0       0.000      99.000     153.619        7699547462    870      0     33          44    870
     GPU 0  1.000  1.000  0.829  0.000  0.001  0.000  0.687  0.000               3326596                651055         100           0       0.000      99.000     153.619        7699547462    870      0     33          45    870
     GPU 0  1.000  0.000  0.000  0.000  0.001  0.000  0.000  0.000               3383878               1202363         100           0       0.000      99.000     155.230        7699562980    870      0     33          45    870

# Entity  GRACT  SMACT  SMOCC  TENSO  DRAMA  FP64A  FP32A  FP16A                 PCITX                 PCIRX       GPUTL       MCUTL       MUSAM       GUSAM       POWER             TOTEC  SACLK  PSTAT  TMPTR       MMTMP  SMCLK
      Id                                                                                                                                                               W                mJ                    C           C       
     GPU 0  1.000  0.945  0.751  0.000  0.001  0.000  0.622  0.000               7575481               3877984         100           0       0.000      99.000     155.230        7699562980    870      0     33          44    870
     GPU 0  1.000  0.941  0.766  0.000  0.001  0.000  0.628  0.000               6262256               4528339         100           0       0.000      99.000     155.230        7699562980    870      0     33          44    870
     GPU 0  1.000  0.941  0.766  0.000  0.001  0.000  0.628  0.000               6262256               4528339         100           0       0.000      99.000     155.230        7699562980    870      0     33          44    870
     GPU 0  1.000  0.000  0.000  0.000  0.001  0.000  0.000  0.000               7474479               5782819         100           0       0.000      99.000     155.230        7699562980    870      0     33          44    870
     GPU 0  1.000  0.950  0.772  0.000  0.001  0.000  0.631  0.000               7444265               5206801         100           0       0.000      99.000     155.520        7699562980    870      0     33          44    870
     GPU 0  1.000  0.917  0.793  0.000  0.001  0.000  0.599  0.000               3380520               1074898         100           0       0.000      99.000     155.520        7699578840    870      0     33          44    870
     GPU 0  1.000  0.000  0.000  0.000  0.002  0.000  0.000  0.000               1255374               1422757         100           0       0.000      99.000     155.520        7699578840    870      0     33          44    870
     GPU 0  1.000  1.000  0.869  0.000  0.001  0.000  0.692  0.000               3135080                650662         100           0       0.000      99.000     155.520        7699578840    870      0     33          45    870
     GPU 0  1.000  0.000  0.000  0.000  0.001  0.000  0.000  0.000               1171719               1004331         100           0       0.000      99.000     155.520        7699578840    870      0     33          44    870
     GPU 0  1.000  0.000  0.000  0.000  0.001  0.000  0.000  0.000               1171719               1004331         100           0       0.000      99.000     155.520        7699594401    870      0     33          44    870
     GPU 0  1.000  0.000  0.000  0.000  0.001  0.000  0.000  0.000               1170856               1170856         100           0       0.000      99.000     155.520        7699594401    870      0     33          44    870
     GPU 0  1.000  0.948  0.768  0.000  0.001  0.000  0.629  0.000               5113455               4554568         100           0       0.000      99.000     155.520        7699594401    870      0     33          44    870
     GPU 0  1.000  0.952  0.776  0.000  0.001  0.000  0.632  0.000               7162943               5021345         100           0       0.000      99.000     155.520        7699594401    870      0     33          44    870
     GPU 0  1.000  0.000  0.000  0.000  0.001  0.000  0.000  0.000               3588520                627680         100           0       0.000      99.000     155.520        7699594401    870      0     33          44    870

# Entity  GRACT  SMACT  SMOCC  TENSO  DRAMA  FP64A  FP32A  FP16A                 PCITX                 PCIRX       GPUTL       MCUTL       MUSAM       GUSAM       POWER             TOTEC  SACLK  PSTAT  TMPTR       MMTMP  SMCLK
      Id                                                                                                                                                               W                mJ                    C           C       
     GPU 0  1.000  0.951  0.775  0.000  0.001  0.000  0.632  0.000               5038501               2338999         100           0       0.000      99.000     155.230        7699594401    870      0     33          45    870
     GPU 0  1.000  0.951  0.775  0.000  0.001  0.000  0.632  0.000               5038501               2338999         100           0       0.000      99.000     155.230        7699610306    870      0     33          44    870
     GPU 0  1.000  0.927  0.720  0.000  0.001  0.000  0.602  0.000               5043250               3577660         100           0       0.000      99.000     155.230        7699610306    870      0     33          44    870
     GPU 0  1.000  0.000  0.000  0.000  0.001  0.000  0.000  0.000               5719818               4808575         100           0       0.000      99.000     155.230        7699610306    870      0     33          45    870
     GPU 0  1.000  0.941  0.731  0.000  0.001  0.000  0.592  0.000               8670644               6660375         100           0       0.000      99.000     155.230        7699610306    870      0     33          44    870
     GPU 0  1.000  0.941  0.731  0.000  0.001  0.000  0.592  0.000               8670644               6660375         100           0       0.000      99.000     153.868        7699625648    870      0     33          44    870
     GPU 0  1.000  0.937  0.745  0.000  0.001  0.000  0.617  0.000               8185983               5979245         100           0       0.000      99.000     153.868        7699625648    870      0     33          44    870
     GPU 0  1.000  0.000  0.000  0.000  0.001  0.000  0.000  0.000               3508407               1201699         100           0       0.000      99.000     153.868        7699625648    870      0     33          44    870
     GPU 0  1.000  0.928  0.721  0.000  0.001  0.000  0.609  0.000               3509644               1435149         100           0       0.000      99.000     153.868        7699625648    870      0     33          44    870
     GPU 0  1.000  0.925  0.753  0.000  0.001  0.000  0.603  0.000               5045477               2924333         100           0       0.000      99.000     153.868        7699625648    870      0     33          45    870
     GPU 0  1.000  0.925  0.753  0.000  0.001  0.000  0.603  0.000               5045477               2924333         100           0       0.000      99.000     153.619        7699641164    870      0     33          45    870
     GPU 0  1.000  0.000  0.000  0.000  0.001  0.000  0.000  0.000               5401339               3448814         100           0       0.000      99.000     153.619        7699641164    870      0     33          44    870
     GPU 0  1.000  0.940  0.729  0.000  0.001  0.000  0.619  0.000               6999819               4679813         100           0       0.000      99.000     153.619        7699641164    870      0     33          44    870
     GPU 0  1.000  0.944  0.752  0.000  0.001  0.000  0.627  0.000               9592080               6694310         100           0       0.000      99.000     153.619        7699641164    870      0     33          44    870

# Entity  GRACT  SMACT  SMOCC  TENSO  DRAMA  FP64A  FP32A  FP16A                 PCITX                 PCIRX       GPUTL       MCUTL       MUSAM       GUSAM       POWER             TOTEC  SACLK  PSTAT  TMPTR       MMTMP  SMCLK
      Id                                                                                                                                                               W                mJ                    C           C       
     GPU 0  1.000  0.944  0.752  0.000  0.001  0.000  0.627  0.000               9592080               6694310         100           0       0.000      99.000     153.619        7699641164    870      0     33          45    870
     GPU 0  1.000  0.000  0.000  0.000  0.001  0.000  0.000  0.000               8854378               5804588         100           0       0.000      99.000     153.329        7699656708    870      0     33          45    870
     GPU 0  1.000  0.941  0.747  0.000  0.001  0.000  0.598  0.000               7267815               6443614         100           0       0.000      99.000     153.329        7699656708    870      0     33          44    870
     GPU 0  1.000  0.933  0.684  0.000  0.001  0.000  0.605  0.000               3510022               1393381         100           0       0.000      99.000     153.329        7699656708    870      0     33          44    870
     GPU 0  1.000  0.000  0.000  0.000  0.001  0.000  0.000  0.000               4537055               2487737         100           0       0.000      99.000     153.329        7699656708    870      0     33          44    870
     GPU 0  1.000  0.950  0.760  0.000  0.001  0.000  0.623  0.000               6559228               3920500         100           0       0.000      99.000     153.329        7699656708    870      0     33          45    870
     GPU 0  1.000  0.950  0.760  0.000  0.001  0.000  0.623  0.000               6559228               3920500         100           0       0.000      99.000     153.868        7699672227    870      0     33          44    870
     GPU 0  0.500  0.000  0.000  0.000  0.003  0.000  0.000  0.000            2228616291               6496111         100           0       0.000      99.000     153.868        7699672227    870      0     33          44    870
     GPU 0  0.000  0.000  0.000  0.000  0.000  0.000  0.000  0.000               9801352               6491085         100           0       0.000      99.000     153.868        7699672227    870      0     32          45    870
     GPU 0  0.000  0.000  0.000  0.000  0.000  0.000  0.000  0.000               8396192               5091977          76           0       0.000      75.000     153.868        7699672227    870      0     32          45    870
     GPU 0  0.000  0.000  0.000  0.000  0.000  0.000  0.000  0.000               8886214               4714835          76           0       0.000      75.000     153.868        7699672227    870      0     31          45    870
     GPU 0  0.000  0.000  0.000  0.000  0.000  0.000  0.000  0.000               9195952               4944844          76           0       0.000      75.000      85.400        7699682000    870      0     31          45    870
     GPU 0  0.000  0.000  0.000  0.000  0.000  0.000  0.000  0.000              10189811               6635061          76           0       0.000      75.000      85.400        7699682000    870      0     31          45    870
     GPU 0  0.000  0.000  0.000  0.000  0.000  0.000  0.000  0.000              10189811               6635061          76           0       0.000      75.000      85.400        7699682000    870      0     30          44    870

# Entity  GRACT  SMACT  SMOCC  TENSO  DRAMA  FP64A  FP32A  FP16A                 PCITX                 PCIRX       GPUTL       MCUTL       MUSAM       GUSAM       POWER             TOTEC  SACLK  PSTAT  TMPTR       MMTMP  SMCLK
      Id                                                                                                                                                               W                mJ                    C           C       
     GPU 0  0.000  0.000  0.000  0.000  0.000  0.000  0.000  0.000               3181923               2302060          76           0       0.000      75.000      85.400        7699682000    870      0     30          44    870
     GPU 0  0.000  0.000  0.000  0.000  0.000  0.000  0.000  0.000               9759910               6399379          76           0       0.000      75.000      85.400        7699682000    870      0     30          44    870
     GPU 0  0.000  0.000  0.000  0.000  0.000  0.000  0.000  0.000               9762123               5591173          76           0       0.000      75.000      85.690        7699682000    870      0     30          45    870
     GPU 0  0.000  0.000  0.000  0.000  0.000  0.000  0.000  0.000               1796520                163320          76           0       0.000      75.000      85.690        7699690709    870      0     30          44    870
     GPU 0  0.000  0.000  0.000  0.000  0.000  0.000  0.000  0.000               1798668                163515          76           0       0.000      75.000      85.690        7699690709    870      0     30          44    870
     GPU 0  0.000  0.000  0.000  0.000  0.000  0.000  0.000  0.000               1798668                163515           0           0       0.000       0.000      85.690        7699690709    870      0     30          44    870
     GPU 0  0.000  0.000  0.000  0.000  0.000  0.000  0.000  0.000               5961543               1915129           0           0       0.000       0.000      85.690        7699690709    870      0     30          44    870
     GPU 0  0.000  0.000  0.000  0.000  0.000  0.000  0.000  0.000               6366067               3400189           0           0       0.000       0.000      85.400        7699699275    870      0     30          44    870
     GPU 0  0.000  0.000  0.000  0.000  0.000  0.000  0.000  0.000               8097695               4326948           0           0       0.000       0.000      85.400        7699699275    870      0     30          44    870
     GPU 0  0.000  0.000  0.000  0.000  0.000  0.000  0.000  0.000              10654917               6878216           0           0       0.000       0.000      85.400        7699699275    870      0     30          44    870
     GPU 0  0.000  0.000  0.000  0.000  0.000  0.000  0.000  0.000              10654917               6878216           0           0       0.000       0.000      85.400        7699699275    870      0     30          44    870
     GPU 0  0.000  0.000  0.000  0.000  0.000  0.000  0.000  0.000               3135940               2298140           0           0       0.000       0.000      85.400        7699699275    870      0     30          44    870
     GPU 0  0.000  0.000  0.000  0.000  0.000  0.000  0.000  0.000               9071397               5004769           0           0       0.000       0.000      85.400        7699699275    870      0     29          44    870
     GPU 0  0.000  0.000  0.000  0.000  0.000  0.000  0.000  0.000               2043971                163361           0           0       0.000       0.000      85.400        7699707879    870      0     29          44    870

# Entity  GRACT  SMACT  SMOCC  TENSO  DRAMA  FP64A  FP32A  FP16A                 PCITX                 PCIRX       GPUTL       MCUTL       MUSAM       GUSAM       POWER             TOTEC  SACLK  PSTAT  TMPTR       MMTMP  SMCLK
      Id                                                                                                                                                               W                mJ                    C           C       
     GPU 0  0.000  0.000  0.000  0.000  0.000  0.000  0.000  0.000               1916935                163233           0           0       0.000       0.000      85.400        7699707879    870      0     29          44    870
     GPU 0  0.000  0.000  0.000  0.000  0.000  0.000  0.000  0.000               1916935                163233           0           0       0.000       0.000      85.400        7699707879    870      0     29          44    870
     GPU 0  0.000  0.000  0.000  0.000  0.000  0.000  0.000  0.000               5553946               1961510           0           0       0.000       0.000      85.400        7699707879    870      0     29          44    870
     GPU 0  0.000  0.000  0.000  0.000  0.000  0.000  0.000  0.000               6712555               3330382           0           0       0.000       0.000      85.400        7699716499    870      0     29          44    870
     GPU 0  0.000  0.000  0.000  0.000  0.000  0.000  0.000  0.000               7801029               4150303           0           0       0.000       0.000      85.400        7699716499    870      0     29          44    870
     GPU 0  0.000  0.000  0.000  0.000  0.000  0.000  0.000  0.000               7801029               4150303           0           0       0.000       0.000      85.400        7699716499    870      0     29          44    870
     GPU 0  0.003  0.000  0.000  0.000  0.000  0.000  0.000  0.000               7932697               8073324           0           0       0.000       0.000      85.400        7699716499    870      0     29          44    870
     GPU 0  0.003  0.000  0.000  0.000  0.000  0.000  0.000  0.000               7932697               8073324           0           0       0.000       0.000      85.400        7699716499    870      0     29          44    870
     GPU 0  0.000  0.000  0.000  0.000  0.000  0.000  0.000  0.000               7525280              11037077           0           0       0.000       0.000      85.400        7699716499    870      0     29          44    870
     GPU 0  0.000  0.000  0.000  0.000  0.000  0.000  0.000  0.000               7525280              11037077           0           0       0.000       0.000      85.400        7699725087    870      0     29          44    870
     GPU 0  0.000  0.000  0.000  0.000  0.000  0.000  0.000  0.000              11610175               8244907           0           0       0.000       0.000      85.400        7699725087    870      0     29          44    870
     GPU 0  0.000  0.000  0.000  0.000  0.000  0.000  0.000  0.000              11610175               8244907           9           0       0.000       0.000      85.400        7699725087    870      0     29          44    870
     GPU 0  0.000  0.000  0.000  0.000  0.000  0.000  0.000  0.000               9385185              24749641           9           0       0.000       0.000      85.400        7699725087    870      0     29          44    870
     GPU 0  0.000  0.000  0.000  0.000  0.000  0.000  0.000  0.000               9385185              24749641           9           0       0.000       0.000      85.400        7699733795    870      0     29          44    870

# Entity  GRACT  SMACT  SMOCC  TENSO  DRAMA  FP64A  FP32A  FP16A                 PCITX                 PCIRX       GPUTL       MCUTL       MUSAM       GUSAM       POWER             TOTEC  SACLK  PSTAT  TMPTR       MMTMP  SMCLK
      Id                                                                                                                                                               W                mJ                    C           C       
     GPU 0  0.000  0.000  0.000  0.000  0.000  0.000  0.000  0.000              10933117               8675510           9           0       0.000       0.000      85.400        7699733795    870      0     29          44    870
     GPU 0  0.000  0.000  0.000  0.000  0.000  0.000  0.000  0.000               6701785               5041170           9           0       0.000       0.000      85.400        7699733795    870      0     29          44    870
     GPU 0  0.000  0.000  0.000  0.000  0.000  0.000  0.000  0.000               6701785               5041170           9           0       0.000       0.000      85.400        7699733795    870      0     29          44    870
     GPU 0  0.000  0.000  0.000  0.000  0.000  0.000  0.000  0.000               8187209               6754697           9           0       0.000       0.000      85.400        7699733795    870      0     29          44    870
     GPU 0  0.000  0.000  0.000  0.000  0.000  0.000  0.000  0.000               9156640               5811784           9           0       0.000       0.000      85.158        7699733795    870      0     29          44    870
     GPU 0  0.000  0.000  0.000  0.000  0.000  0.000  0.000  0.000               8897126               5901158           9           0       0.000       0.000      85.158        7699742324    870      0     29          44    870
     GPU 0  0.000  0.000  0.000  0.000  0.000  0.000  0.000  0.000               8551566               5652479           9           0       0.000       0.000      85.158        7699742324    870      0     29          44    870
     GPU 0  0.000  0.000  0.000  0.000  0.000  0.000  0.000  0.000               8311107               5343689           9           0       0.000       0.000      85.158        7699742324    870      0     29          44    870
     GPU 0  0.000  0.000  0.000  0.000  0.000  0.000  0.000  0.000               8344669               5609165           0           0       0.000       0.000      85.158        7699742324    870      0     29          44    870
     GPU 0  0.000  0.000  0.000  0.000  0.000  0.000  0.000  0.000               8362470               4606825           0           0       0.000       0.000      85.158        7699750930    870      0     29          44    870
     GPU 0  0.000  0.000  0.000  0.000  0.000  0.000  0.000  0.000               8362470               4606825           0           0       0.000       0.000      85.158        7699750930    870      0     29          44    870
     GPU 0  0.000  0.000  0.000  0.000  0.000  0.000  0.000  0.000               1798823                163529           0           0       0.000       0.000      85.158        7699750930    870      0     29          44    870
     GPU 0  0.000  0.000  0.000  0.000  0.000  0.000  0.000  0.000              11329527               7846466           0           0       0.000       0.000      85.158        7699750930    870      0     29          44    870
     GPU 0  0.000  0.000  0.000  0.000  0.000  0.000  0.000  0.000               9693989               6508435           0           0       0.000       0.000      85.158        7699750930    870      0     29          44    870

# Entity  GRACT  SMACT  SMOCC  TENSO  DRAMA  FP64A  FP32A  FP16A                 PCITX                 PCIRX       GPUTL       MCUTL       MUSAM       GUSAM       POWER             TOTEC  SACLK  PSTAT  TMPTR       MMTMP  SMCLK
      Id                                                                                                                                                               W                mJ                    C           C       
     GPU 0  0.000  0.000  0.000  0.000  0.000  0.000  0.000  0.000               8933523               6085800           0           0       0.000       0.000      85.158        7699750930    870      0     29          44    870
     GPU 0  0.000  0.000  0.000  0.000  0.000  0.000  0.000  0.000               9010862               5700655           0           0       0.000       0.000      85.158        7699759686    870      0     29          44    870
     GPU 0  0.000  0.000  0.000  0.000  0.000  0.000  0.000  0.000               4306599               3284388           0           0       0.000       0.000      85.158        7699759686    870      0     29          44    870
     GPU 0  0.000  0.000  0.000  0.000  0.000  0.000  0.000  0.000               5820181               3071500           0           0       0.000       0.000      85.158        7699759686    870      0     29          44    870
     GPU 0  0.000  0.000  0.000  0.000  0.000  0.000  0.000  0.000               5820181               3071500           0           0       0.000       0.000      85.158        7699759686    870      0     29          44    870
     GPU 0  0.000  0.000  0.000  0.000  0.000  0.000  0.000  0.000               3046856                     0           0           0       0.000       0.000      85.158        7699768163    870      0     29          44    870
     GPU 0  0.000  0.000  0.000  0.000  0.000  0.000  0.000  0.000               4752744               2050234           0           0       0.000       0.000      85.158        7699768163    870      0     29          44    870
     GPU 0  0.000  0.000  0.000  0.000  0.000  0.000  0.000  0.000               7606915               4026775           0           0       0.000       0.000      85.158        7699768163    870      0     29          44    870
     GPU 0  0.000  0.000  0.000  0.000  0.000  0.000  0.000  0.000              10094320               5829713           0           0       0.000       0.000      85.158        7699768163    870      0     29          44    870
     GPU 0  0.000  0.000  0.000  0.000  0.000  0.000  0.000  0.000               9414233               6299671           0           0       0.000       0.000      85.158        7699768163    870      0     28          44    870
     GPU 0  0.000  0.000  0.000  0.000  0.000  0.000  0.000  0.000               9414233               6299671           0           0       0.000       0.000      85.158        7699776749    870      0     28          44    870
     GPU 0  0.000  0.000  0.000  0.000  0.000  0.000  0.000  0.000               8386563               5453930           0           0       0.000       0.000      85.158        7699776749    870      0     28          44    870
     GPU 0  0.000  0.000  0.000  0.000  0.000  0.000  0.000  0.000               7812565               4726609           0           0       0.000       0.000      85.158        7699776749    870      0     28          44    870
     GPU 0  0.000  0.000  0.000  0.000  0.000  0.000  0.000  0.000               7812565               4726609           0           0       0.000       0.000      85.158        7699776749    870      0     28          44    870

# Entity  GRACT  SMACT  SMOCC  TENSO  DRAMA  FP64A  FP32A  FP16A                 PCITX                 PCIRX       GPUTL       MCUTL       MUSAM       GUSAM       POWER             TOTEC  SACLK  PSTAT  TMPTR       MMTMP  SMCLK
      Id                                                                                                                                                               W                mJ                    C           C       
     GPU 0  0.000  0.000  0.000  0.000  0.000  0.000  0.000  0.000               7747788               4803414           0           0       0.000       0.000      85.158        7699776749    870      0     28          44    870
     GPU 0  0.000  0.000  0.000  0.000  0.000  0.000  0.000  0.000              10851757               7038580           0           0       0.000       0.000      85.158        7699785356    870      0     28          44    870
     GPU 0  0.000  0.000  0.000  0.000  0.000  0.000  0.000  0.000               3421782               1127116           0           0       0.000       0.000      85.158        7699785356    870      0     28          44    870
     GPU 0  0.000  0.000  0.000  0.000  0.000  0.000  0.000  0.000               5366915               1696772           0           0       0.000       0.000      85.158        7699785356    870      0     28          44    870
     GPU 0  0.000  0.000  0.000  0.000  0.000  0.000  0.000  0.000               4133827               1647972           0           0       0.000       0.000      85.158        7699785356    870      0     28          44    870
     GPU 0  0.000  0.000  0.000  0.000  0.000  0.000  0.000  0.000               4133827               1647972           0           0       0.000       0.000      85.158        7699785356    870      0     28          44    870
     GPU 0  0.000  0.000  0.000  0.000  0.000  0.000  0.000  0.000               4829833               2129514           0           0       0.000       0.000      85.158        7699793963    870      0     28          44    870
     GPU 0  0.000  0.000  0.000  0.000  0.000  0.000  0.000  0.000               6783768               3957257           0           0       0.000       0.000      85.158        7699793963    870      0     28          44    870
     GPU 0  0.000  0.000  0.000  0.000  0.000  0.000  0.000  0.000               9462446               6744810           0           0       0.000       0.000      85.158        7699793963    870      0     28          44    870
     GPU 0  0.000  0.000  0.000  0.000  0.000  0.000  0.000  0.000               7285501               4773033           0           0       0.000       0.000      85.158        7699793963    870      0     28          44    870
     GPU 0  0.000  0.000  0.000  0.000  0.000  0.000  0.000  0.000               7285501               4773033           0           0       0.000       0.000      85.158        7699793963    870      0     28          44    870
     GPU 0  0.000  0.000  0.000  0.000  0.000  0.000  0.000  0.000               8531260               4760102           0           0       0.000       0.000      85.158        7699802592    870      0     28          44    870
     GPU 0  0.000  0.000  0.000  0.000  0.000  0.000  0.000  0.000               1004163                 83680           0           0       0.000       0.000      85.158        7699802592    870      0     28          44    870
     GPU 0  0.000  0.000  0.000  0.000  0.000  0.000  0.000  0.000               6567504               4530207           0           0       0.000       0.000      85.158        7699802592    870      0     28          44    870

# Entity  GRACT  SMACT  SMOCC  TENSO  DRAMA  FP64A  FP32A  FP16A                 PCITX                 PCIRX       GPUTL       MCUTL       MUSAM       GUSAM       POWER             TOTEC  SACLK  PSTAT  TMPTR       MMTMP  SMCLK
      Id                                                                                                                                                               W                mJ                    C           C       
     GPU 0  0.000  0.000  0.000  0.000  0.000  0.000  0.000  0.000               3149769                274911           0           0       0.000       0.000      85.158        7699802592    870      0     28          44    870
     GPU 0  0.000  0.000  0.000  0.000  0.000  0.000  0.000  0.000               3152245                275142           0           0       0.000       0.000      85.158        7699802592    870      0     28          44    870
     GPU 0  0.000  0.000  0.000  0.000  0.000  0.000  0.000  0.000               3152245                275142           0           0       0.000       0.000      84.625        7699811154    870      0     28          44    870
     GPU 0  0.000  0.000  0.000  0.000  0.000  0.000  0.000  0.000               1965874                163822           0           0       0.000       0.000      84.625        7699811154    870      0     28          44    870
     GPU 0  0.000  0.000  0.000  0.000  0.000  0.000  0.000  0.000               4574811               2059668           0           0       0.000       0.000      84.625        7699811154    870      0     28          44    870
     GPU 0  0.000  0.000  0.000  0.000  0.000  0.000  0.000  0.000               6475225               4107485           0           0       0.000       0.000      84.625        7699811154    870      0     28          44    870
     GPU 0  0.000  0.000  0.000  0.000  0.000  0.000  0.000  0.000               6475225               4107485           0           0       0.000       0.000      84.625        7699811154    870      0     28          44    870
     GPU 0  0.000  0.000  0.000  0.000  0.000  0.000  0.000  0.000               7242543               4766786           0           0       0.000       0.000      84.625        7699819715    870      0     28          44    870
     GPU 0  0.000  0.000  0.000  0.000  0.000  0.000  0.000  0.000               7204841               4665556           0           0       0.000       0.000      84.625        7699819715    870      0     28          44    870
     GPU 0  0.000  0.000  0.000  0.000  0.000  0.000  0.000  0.000               1800718                163701           0           0       0.000       0.000      84.625        7699819715    870      0     28          44    870
     GPU 0  0.000  0.000  0.000  0.000  0.000  0.000  0.000  0.000               3425049                274970           0           0       0.000       0.000      84.625        7699819715    870      0     28          44    870
     GPU 0  0.000  0.000  0.000  0.000  0.000  0.000  0.000  0.000               4179279               1704726           0           0       0.000       0.000      84.625        7699819715    870      0     28          44    870
     GPU 0  0.000  0.000  0.000  0.000  0.000  0.000  0.000  0.000               4179279               1704726           0           0       0.000       0.000      84.625        7699819715    870      0     28          44    870
     GPU 0  0.000  0.000  0.000  0.000  0.000  0.000  0.000  0.000               5678905               3032417           0           0       0.000       0.000      84.625        7699828404    870      0     28          44    870

# Entity  GRACT  SMACT  SMOCC  TENSO  DRAMA  FP64A  FP32A  FP16A                 PCITX                 PCIRX       GPUTL       MCUTL       MUSAM       GUSAM       POWER             TOTEC  SACLK  PSTAT  TMPTR       MMTMP  SMCLK
      Id                                                                                                                                                               W                mJ                    C           C       
     GPU 0  0.000  0.000  0.000  0.000  0.000  0.000  0.000  0.000               7737376               5200325           0           0       0.000       0.000      84.625        7699828404    870      0     28          44    870
     GPU 0  0.000  0.000  0.000  0.000  0.000  0.000  0.000  0.000               7737376               5200325           0           0       0.000       0.000      84.625        7699828404    870      0     28          44    870
     GPU 0  0.000  0.000  0.000  0.000  0.000  0.000  0.000  0.000               5603912               3596114           0           0       0.000       0.000      84.625        7699828404    870      0     28          44    870
     GPU 0  0.000  0.000  0.000  0.000  0.000  0.000  0.000  0.000               8121968               5227852           0           0       0.000       0.000      84.625        7699836837    870      0     28          44    870
     GPU 0  0.000  0.000  0.000  0.000  0.000  0.000  0.000  0.000                921210                 83746           0           0       0.000       0.000      84.625        7699836837    870      0     28          44    870
