# Entity  GRACT  SMACT  SMOCC  TENSO  DRAMA  FP64A  FP32A  FP16A                 PCITX                 PCIRX       GPUTL       MCUTL       MUSAM       GUSAM       POWER             TOTEC  SACLK  PSTAT  TMPTR       MMTMP  SMCLK
      Id                                                                                                                                                               W                mJ                    C           C       
     GPU 0  0.000  0.000  0.000  0.000  0.000  0.000  0.000  0.000             129292929              10774410           0           0       0.000       0.000      77.020        2705492086   1230      0     26          43    210
     GPU 0  0.000  0.000  0.000  0.000  0.000  0.000  0.000  0.000               8991267               5065305           0           0       0.000       0.000      77.020        2705492086   1230      0     26          43    210
     GPU 0  0.000  0.000  0.000  0.000  0.000  0.000  0.000  0.000               8991267               5065305           0           0       0.000       0.000      77.020        2705492086   1230      0     26          43    210
     GPU 0  0.000  0.000  0.000  0.000  0.000  0.000  0.000  0.000               9630317               6390266           0           0       0.000       0.000      77.020        2705492086   1230      0     26          43    210
     GPU 0  0.000  0.000  0.000  0.000  0.000  0.000  0.000  0.000               5246449               3081364           0           0       0.000       0.000      78.632        2705500069   1230      0     26          43    210
     GPU 0  0.000  0.000  0.000  0.000  0.000  0.000  0.000  0.000               6552486               3132830           0           0       0.000       0.000      78.632        2705500069   1230      0     27          43    210
     GPU 0  0.000  0.000  0.000  0.000  0.000  0.000  0.000  0.000               6552486               3132830           0           0       0.000       0.000      78.632        2705500069   1230      0     27          43    210
     GPU 0  0.000  0.000  0.000  0.000  0.000  0.000  0.000  0.000               8255032               6079577           0           0       0.000       0.000      78.632        2705500069   1230      0     27          43    210
     GPU 0  0.000  0.000  0.000  0.000  0.000  0.000  0.000  0.000               1575647                289264           0           0       0.000       0.000      78.632        2705500069   1230      0     27          43    210
     GPU 0  0.000  0.000  0.000  0.000  0.000  0.000  0.000  0.000               5495336               1802440           0           0       0.000       0.000      78.632        2705508051   1230      0     27          43    210
     GPU 0  0.000  0.000  0.000  0.000  0.000  0.000  0.000  0.000               6606239               3697301           0           0       0.000       0.000      78.632        2705508051   1230      0     27          43    210
     GPU 0  0.000  0.000  0.000  0.000  0.000  0.000  0.000  0.000               6606239               3697301           0           0       0.000       0.000      78.632        2705508051   1230      0     27          43    210
     GPU 0  0.000  0.000  0.000  0.000  0.000  0.000  0.000  0.000               8589138               5457892           0           0       0.000       0.000      78.632        2705508051   1230      0     27          43    210
     GPU 0  0.000  0.000  0.000  0.000  0.000  0.000  0.000  0.000               7227919               4153112           0           0       0.000       0.000      78.632        2705508051   1230      0     27          43    210
     GPU 0  0.000  0.000  0.000  0.000  0.000  0.000  0.000  0.000               6996236               4985199           0           0       0.000       0.000      78.632        2705515963   1230      0     27          43    210

# Entity  GRACT  SMACT  SMOCC  TENSO  DRAMA  FP64A  FP32A  FP16A                 PCITX                 PCIRX       GPUTL       MCUTL       MUSAM       GUSAM       POWER             TOTEC  SACLK  PSTAT  TMPTR       MMTMP  SMCLK
      Id                                                                                                                                                               W                mJ                    C           C       
     GPU 0  0.000  0.000  0.000  0.000  0.000  0.000  0.000  0.000               3195166                317099           0           0       0.000       0.000      78.632        2705515963   1230      0     27          43    210
     GPU 0  0.000  0.000  0.000  0.000  0.000  0.000  0.000  0.000               3195166                317099           0           0       0.000       0.000      78.632        2705515963   1230      0     27          43    210
     GPU 0  0.000  0.000  0.000  0.000  0.000  0.000  0.000  0.000               3185846                274387           0           0       0.000       0.000      78.632        2705515963   1230      0     27          43    210
     GPU 0  0.000  0.000  0.000  0.000  0.000  0.000  0.000  0.000               2283381                163398           0           0       0.000       0.000      78.632        2705515963   1230      0     27          43    210
     GPU 0  0.000  0.000  0.000  0.000  0.000  0.000  0.000  0.000               5760628               3059887           0           0       0.000       0.000      78.632        2705523999   1230      0     27          43    210
     GPU 0  0.000  0.000  0.000  0.000  0.000  0.000  0.000  0.000               8335902               4904226           0           0       0.000       0.000      78.632        2705523999   1230      0     27          43    210
     GPU 0  0.000  0.000  0.000  0.000  0.000  0.000  0.000  0.000               8335902               4904226           0           0       0.000       0.000      78.632        2705523999   1230      0     27          43    210
     GPU 0  0.000  0.000  0.000  0.000  0.000  0.000  0.000  0.000              10205632               8857261           0           0       0.000       0.000      78.632        2705523999   1230      0     27          43    210
     GPU 0  0.000  0.000  0.000  0.000  0.000  0.000  0.000  0.000               3850090               3747421           0           0       0.000       0.000      78.632        2705523999   1230      0     27          43    210
     GPU 0  0.000  0.000  0.000  0.000  0.000  0.000  0.000  0.000               3850090               3747421           0           0       0.000       0.000      78.632        2705531863   1230      0     27          43    210
     GPU 0  0.000  0.000  0.000  0.000  0.000  0.000  0.000  0.000               2180151              26690340           0           0       0.000       0.000      78.632        2705531863   1230      0     27          43    210
     GPU 0  0.000  0.000  0.000  0.000  0.000  0.000  0.000  0.000              12753421              23572727           0           0       0.000       0.000      78.632        2705531863   1230      0     27          43    210
     GPU 0  0.000  0.000  0.000  0.000  0.000  0.000  0.000  0.000              12753421              23572727           0           0       0.000       0.000      78.632        2705531863   1230      0     27          43    210
     GPU 0  0.000  0.000  0.000  0.000  0.000  0.000  0.000  0.000              10340556               8186697           0           0       0.000       0.000      78.632        2705539777   1230      0     27          43    210

# Entity  GRACT  SMACT  SMOCC  TENSO  DRAMA  FP64A  FP32A  FP16A                 PCITX                 PCIRX       GPUTL       MCUTL       MUSAM       GUSAM       POWER             TOTEC  SACLK  PSTAT  TMPTR       MMTMP  SMCLK
      Id                                                                                                                                                               W                mJ                    C           C       
     GPU 0  0.000  0.000  0.000  0.000  0.000  0.000  0.000  0.000              10340556               8186697           0           0       0.000       0.000      78.632        2705539777   1230      0     27          43    210
     GPU 0  0.000  0.000  0.000  0.000  0.000  0.000  0.000  0.000               1501634               2502724           0           0       0.000       0.000      78.632        2705539777   1230      0     27          43    210
     GPU 0  0.000  0.000  0.000  0.000  0.000  0.000  0.000  0.000               1181940               1255811           0           0       0.000       0.000      78.632        2705539777   1230      0     27          43    210
     GPU 0  0.000  0.000  0.000  0.000  0.000  0.000  0.000  0.000               1181940               1255811           0           0       0.000       0.000      78.632        2705539777   1230      0     27          43    210
     GPU 0  0.000  0.000  0.000  0.000  0.000  0.000  0.000  0.000               1181940               1255811           0           0       0.000       0.000      78.632        2705539777   1230      0     27          43    210
     GPU 0  0.000  0.000  0.000  0.000  0.000  0.000  0.000  0.000               8241079               6981924           0           0       0.000       0.000      78.632        2705547711   1230      0     27          43    210
     GPU 0  0.000  0.000  0.000  0.000  0.000  0.000  0.000  0.000               7944998               5361259           0           0       0.000       0.000      78.632        2705547711   1230      0     27          43    210
     GPU 0  0.000  0.000  0.000  0.000  0.000  0.000  0.000  0.000               7944998               5361259           0           0       0.000       0.000      78.632        2705547711   1230      0     27          43    210
     GPU 0  0.000  0.000  0.000  0.000  0.000  0.000  0.000  0.000               6506138               4146729           0           0       0.000       0.000      78.632        2705547711   1230      0     27          43    210
     GPU 0  0.000  0.000  0.000  0.000  0.000  0.000  0.000  0.000               6506138               4146729           0           0       0.000       0.000      78.632        2705547711   1230      0     27          43    210
     GPU 0  0.000  0.000  0.000  0.000  0.000  0.000  0.000  0.000              13201379               8414066           0           0       0.000       0.000      78.632        2705547711   1230      0     27          43    210
     GPU 0  0.000  0.000  0.000  0.000  0.000  0.000  0.000  0.000               1284985               4176203           0           0       0.000       0.000      78.632        2705555727   1230      0     27          43    210
     GPU 0  0.000  0.000  0.000  0.000  0.000  0.000  0.000  0.000               1284985               4176203           0           0       0.000       0.000      78.632        2705555727   1230      0     27          43    210
     GPU 0  0.000  0.000  0.000  0.000  0.000  0.000  0.000  0.000               9689365              18751361           0           0       0.000       0.000      78.632        2705555727   1230      0     27          43    210

# Entity  GRACT  SMACT  SMOCC  TENSO  DRAMA  FP64A  FP32A  FP16A                 PCITX                 PCIRX       GPUTL       MCUTL       MUSAM       GUSAM       POWER             TOTEC  SACLK  PSTAT  TMPTR       MMTMP  SMCLK
      Id                                                                                                                                                               W                mJ                    C           C       
     GPU 0  0.000  0.000  0.000  0.000  0.000  0.000  0.000  0.000              10074784              18479640           0           0       0.000       0.000      78.632        2705563597   1230      0     27          43    210
     GPU 0  0.301  0.000  0.000  0.000  0.000  0.000  0.000  0.000               8282035              14971371           0           0       0.000       0.000      78.632        2705563597   1230      0     27          43   1230
     GPU 0  0.301  0.000  0.000  0.000  0.000  0.000  0.000  0.000               8282035              14971371           0           0       0.000       0.000      78.632        2705563597   1230      0     27          43   1230
     GPU 0  0.099  0.000  0.000  0.000  0.000  0.000  0.000  0.000              64401989             464012798           0           0       0.000       0.000      78.632        2705563597   1230      0     27          43   1230
     GPU 0  0.026  0.000  0.000  0.000  0.001  0.000  0.000  0.000             284210400            2518598669           0           0       0.000       0.000      78.632        2705563597   1230      0     27          43   1230
     GPU 0  0.979  0.000  0.000  0.000  0.001  0.000  0.000  0.000              10740061              17232346           0           0       0.000       0.000      78.632        2705563597   1230      0     27          43   1230
     GPU 0  1.000  0.946  0.758  0.000  0.002  0.000  0.608  0.000               9652911               6527574           0           0       0.000       0.000     184.232        2705574482   1230      0     30          43   1230
     GPU 0  1.000  0.946  0.758  0.000  0.002  0.000  0.608  0.000               9652911               6527574           0           0       0.000       0.000     184.232        2705574482   1230      0     30          43   1230
     GPU 0  1.000  0.945  0.755  0.000  0.002  0.000  0.626  0.000               9195155               7389319           0           0       0.000       0.000     184.232        2705574482   1230      0     31          43   1230
     GPU 0  1.000  0.000  0.000  0.000  0.002  0.000  0.000  0.000               8260499               6892902           0           0       0.000       0.000     184.232        2705574482   1230      0     31          43   1230
     GPU 0  1.000  0.955  0.768  0.000  0.001  0.000  0.629  0.000               8308084               6839232           0           0       0.000       0.000     184.232        2705574482   1230      0     31          44   1230
     GPU 0  1.000  0.953  0.758  0.000  0.001  0.000  0.630  0.000              13047100               8158870          71           0       0.000      70.000     204.041        2705594975   1230      0     32          43   1230
     GPU 0  1.000  0.000  0.000  0.000  0.001  0.000  0.000  0.000              11073725               8515082          71           0       0.000      70.000     204.041        2705594975   1230      0     32          43   1230
     GPU 0  1.000  0.000  0.000  0.000  0.001  0.000  0.000  0.000              11073725               8515082          71           0       0.000      70.000     204.041        2705594975   1230      0     32          43   1230

# Entity  GRACT  SMACT  SMOCC  TENSO  DRAMA  FP64A  FP32A  FP16A                 PCITX                 PCIRX       GPUTL       MCUTL       MUSAM       GUSAM       POWER             TOTEC  SACLK  PSTAT  TMPTR       MMTMP  SMCLK
      Id                                                                                                                                                               W                mJ                    C           C       
     GPU 0  1.000  0.953  0.769  0.000  0.002  0.000  0.617  0.000               5678793               4238029          71           0       0.000      70.000     204.041        2705594975   1230      0     33          44   1230
     GPU 0  1.000  0.951  0.751  0.000  0.002  0.000  0.629  0.000               8552053               6791476          71           0       0.000      70.000     204.041        2705594975   1230      0     33          43   1230
     GPU 0  1.000  0.000  0.000  0.000  0.002  0.000  0.000  0.000              12391051               9170156          71           0       0.000      70.000     209.440        2705616100   1230      0     33          43   1230
     GPU 0  1.000  0.946  0.754  0.000  0.002  0.000  0.613  0.000              11431663               8205236          71           0       0.000      70.000     209.440        2705616100   1230      0     33          43   1230
     GPU 0  1.000  0.948  0.756  0.000  0.002  0.000  0.627  0.000              11987117               9012050          71           0       0.000      70.000     209.440        2705616100   1230      0     33          43   1230
     GPU 0  1.000  0.000  0.000  0.000  0.001  0.000  0.000  0.000               8460877               6519923          71           0       0.000      70.000     209.440        2705616100   1230      0     34          43   1230
     GPU 0  1.000  0.952  0.757  0.000  0.002  0.000  0.623  0.000              11827436               8593041          71           0       0.000      70.000     209.440        2705616100   1230      0     34          43   1230
     GPU 0  1.000  0.955  0.758  0.000  0.001  0.000  0.633  0.000              14203810              10166877         100           0       0.000      99.000     206.761        2705637033   1230      0     34          43   1230
     GPU 0  1.000  0.955  0.758  0.000  0.001  0.000  0.633  0.000              14203810              10166877         100           0       0.000      99.000     206.761        2705637033   1230      0     34          44   1230
     GPU 0  1.000  0.000  0.000  0.000  0.001  0.000  0.000  0.000              11091841               7793230         100           0       0.000      99.000     206.761        2705637033   1230      0     34          43   1230
     GPU 0  1.000  0.946  0.748  0.000  0.002  0.000  0.624  0.000               9873365               7071725         100           0       0.000      99.000     206.761        2705637033   1230      0     34          43   1230
     GPU 0  1.000  0.960  0.770  0.000  0.002  0.000  0.621  0.000               8331851               5768528         100           0       0.000      99.000     206.761        2705637033   1230      0     34          44   1230
     GPU 0  1.000  0.000  0.000  0.000  0.002  0.000  0.000  0.000              11495936               8816230         100           0       0.000      99.000     209.971        2705658142   1230      0     34          44   1230
     GPU 0  1.000  0.948  0.755  0.000  0.002  0.000  0.627  0.000              11589933               7622567         100           0       0.000      99.000     209.971        2705658142   1230      0     34          44   1230

# Entity  GRACT  SMACT  SMOCC  TENSO  DRAMA  FP64A  FP32A  FP16A                 PCITX                 PCIRX       GPUTL       MCUTL       MUSAM       GUSAM       POWER             TOTEC  SACLK  PSTAT  TMPTR       MMTMP  SMCLK
      Id                                                                                                                                                               W                mJ                    C           C       
     GPU 0  1.000  0.948  0.755  0.000  0.002  0.000  0.627  0.000              11589933               7622567         100           0       0.000      99.000     209.971        2705658142   1230      0     34          44   1230
     GPU 0  1.000  0.946  0.757  0.000  0.002  0.000  0.607  0.000               3603047               3980509         100           0       0.000      99.000     209.971        2705658142   1230      0     34          44   1230
     GPU 0  1.000  0.000  0.000  0.000  0.001  0.000  0.000  0.000               8740182               6269825         100           0       0.000      99.000     209.971        2705658142   1230      0     34          44   1230
     GPU 0  1.000  0.000  0.000  0.000  0.001  0.000  0.000  0.000               8740182               6269825         100           0       0.000      99.000     209.971        2705678993   1230      0     35          44   1230
     GPU 0  1.000  0.000  0.000  0.000  0.001  0.000  0.000  0.000               8740182               6269825         100           0       0.000      99.000     206.229        2705678993   1230      0     35          44   1230
     GPU 0  1.000  0.000  0.000  0.000  0.001  0.000  0.000  0.000               8740182               6269825         100           0       0.000      99.000     206.229        2705678993   1230      0     35          44   1230
     GPU 0  1.000  0.950  0.760  0.000  0.001  0.000  0.629  0.000              11251538               6610755         100           0       0.000      99.000     206.229        2705678993   1230      0     35          44   1230
     GPU 0  1.000  0.937  0.745  0.000  0.002  0.000  0.601  0.000               8967240               6662163         100           0       0.000      99.000     206.229        2705678993   1230      0     35          44   1230
     GPU 0  1.000  0.000  0.000  0.000  0.001  0.000  0.000  0.000              10818201               8202878         100           0       0.000      99.000     206.468        2705700204   1230      0     35          44   1230
     GPU 0  1.000  0.935  0.744  0.000  0.001  0.000  0.618  0.000              10022448               7697330         100           0       0.000      99.000     206.468        2705700204   1230      0     35          44   1230
     GPU 0  1.000  0.935  0.744  0.000  0.001  0.000  0.618  0.000              10022448               7697330         100           0       0.000      99.000     206.468        2705700204   1230      0     35          44   1230
     GPU 0  1.000  0.943  0.763  0.000  0.001  0.000  0.625  0.000               6770803               5207321         100           0       0.000      99.000     206.468        2705700204   1230      0     35          44   1230
     GPU 0  1.000  0.000  0.000  0.000  0.001  0.000  0.000  0.000              10320780               7973462         100           0       0.000      99.000     206.468        2705700204   1230      0     35          44   1230
     GPU 0  1.000  0.000  0.000  0.000  0.001  0.000  0.000  0.000              10320780               7973462         100           0       0.000      99.000     206.468        2705721018   1230      0     35          44   1230

# Entity  GRACT  SMACT  SMOCC  TENSO  DRAMA  FP64A  FP32A  FP16A                 PCITX                 PCIRX       GPUTL       MCUTL       MUSAM       GUSAM       POWER             TOTEC  SACLK  PSTAT  TMPTR       MMTMP  SMCLK
      Id                                                                                                                                                               W                mJ                    C           C       
     GPU 0  1.000  0.000  0.000  0.000  0.001  0.000  0.000  0.000              10320780               7973462         100           0       0.000      99.000     205.401        2705721018   1230      0     35          44   1230
     GPU 0  1.000  0.000  0.000  0.000  0.001  0.000  0.000  0.000              10320780               7973462         100           0       0.000      99.000     205.401        2705721018   1230      0     35          44   1230
     GPU 0  1.000  0.945  0.767  0.000  0.002  0.000  0.615  0.000              13804989               8950639         100           0       0.000      99.000     205.401        2705721018   1230      0     35          44   1230
     GPU 0  1.000  0.936  0.757  0.000  0.002  0.000  0.621  0.000               7708661               5665116         100           0       0.000      99.000     205.401        2705721018   1230      0     35          44   1230
     GPU 0  1.000  0.936  0.757  0.000  0.002  0.000  0.621  0.000               7708661               5665116         100           0       0.000      99.000     206.229        2705742295   1230      0     35          44   1230
     GPU 0  1.000  0.000  0.000  0.000  0.002  0.000  0.000  0.000              10293558               7657978         100           0       0.000      99.000     206.229        2705742295   1230      0     35          44   1230
     GPU 0  1.000  0.938  0.741  0.000  0.002  0.000  0.602  0.000               5690841               5416008         100           0       0.000      99.000     206.229        2705742295   1230      0     36          44   1230
     GPU 0  1.000  0.932  0.731  0.000  0.002  0.000  0.616  0.000               2536247               1567011         100           0       0.000      99.000     206.229        2705742295   1230      0     36          44   1230
     GPU 0  1.000  0.000  0.000  0.000  0.002  0.000  0.000  0.000               2367990               1846992         100           0       0.000      99.000     206.229        2705742295   1230      0     36          44   1230
     GPU 0  1.000  0.941  0.746  0.000  0.002  0.000  0.607  0.000               7672349               4380349         100           0       0.000      99.000     206.471        2705763114   1230      0     36          44   1230
     GPU 0  1.000  0.941  0.746  0.000  0.002  0.000  0.607  0.000               7672349               4380349         100           0       0.000      99.000     206.471        2705763114   1230      0     36          44   1230
     GPU 0  1.000  0.917  0.723  0.000  0.002  0.000  0.602  0.000               5537189               3609209         100           0       0.000      99.000     206.471        2705763114   1230      0     36          44   1230
     GPU 0  1.000  0.000  0.000  0.000  0.002  0.000  0.000  0.000               7607762               4815548         100           0       0.000      99.000     206.471        2705763114   1230      0     36          44   1230
     GPU 0  1.000  0.941  0.748  0.000  0.002  0.000  0.611  0.000               6834784               4928313         100           0       0.000      99.000     206.471        2705763114   1230      0     36          44   1230

# Entity  GRACT  SMACT  SMOCC  TENSO  DRAMA  FP64A  FP32A  FP16A                 PCITX                 PCIRX       GPUTL       MCUTL       MUSAM       GUSAM       POWER             TOTEC  SACLK  PSTAT  TMPTR       MMTMP  SMCLK
      Id                                                                                                                                                               W                mJ                    C           C       
     GPU 0  1.000  0.938  0.751  0.000  0.001  0.000  0.621  0.000               8999833               6315205         100           0       0.000      99.000     207.831        2705783941   1230      0     36          44   1230
     GPU 0  1.000  0.938  0.751  0.000  0.001  0.000  0.621  0.000               8999833               6315205         100           0       0.000      99.000     207.831        2705783941   1230      0     36          44   1230
     GPU 0  1.000  0.000  0.000  0.000  0.001  0.000  0.000  0.000              11337273               7416869         100           0       0.000      99.000     207.831        2705783941   1230      0     36          44   1230
     GPU 0  1.000  0.939  0.761  0.000  0.002  0.000  0.609  0.000               7508497               5509052         100           0       0.000      99.000     207.831        2705783941   1230      0     36          44   1230
     GPU 0  1.000  0.935  0.747  0.000  0.002  0.000  0.618  0.000               6295662               5811241         100           0       0.000      99.000     207.831        2705783941   1230      0     36          44   1230
     GPU 0  1.000  0.000  0.000  0.000  0.002  0.000  0.000  0.000               1339311               1506725         100           0       0.000      99.000     207.249        2705804791   1230      0     36          44   1230
     GPU 0  1.000  0.932  0.741  0.000  0.002  0.000  0.615  0.000              11028340               7262297         100           0       0.000      99.000     207.249        2705804791   1230      0     36          44   1230
     GPU 0  1.000  0.000  0.000  0.000  0.002  0.000  0.000  0.000               1339556               1758168         100           0       0.000      99.000     207.249        2705804791   1230      0     36          44   1230
     GPU 0  1.000  0.000  0.000  0.000  0.002  0.000  0.000  0.000               1339556               1758168         100           0       0.000      99.000     207.249        2705804791   1230      0     36          44   1230
     GPU 0  1.000  0.932  0.744  0.000  0.002  0.000  0.614  0.000               7413720               5328099         100           0       0.000      99.000     207.249        2705804791   1230      0     36          44   1230
     GPU 0  1.000  0.000  0.000  0.000  0.002  0.000  0.000  0.000               5158781               5192414         100           0       0.000      99.000     207.249        2705825679   1230      0     36          44   1230
     GPU 0  1.000  0.932  0.740  0.000  0.002  0.000  0.599  0.000               1589675               1757009         100           0       0.000      99.000     206.229        2705825679   1230      0     36          44   1230
     GPU 0  1.000  0.000  0.000  0.000  0.001  0.000  0.000  0.000               5380723               4923472         100           0       0.000      99.000     206.229        2705825679   1230      0     36          44   1230
     GPU 0  1.000  0.939  0.744  0.000  0.001  0.000  0.621  0.000               3658174               2026520         100           0       0.000      99.000     206.229        2705825679   1230      0     36          44   1230

# Entity  GRACT  SMACT  SMOCC  TENSO  DRAMA  FP64A  FP32A  FP16A                 PCITX                 PCIRX       GPUTL       MCUTL       MUSAM       GUSAM       POWER             TOTEC  SACLK  PSTAT  TMPTR       MMTMP  SMCLK
      Id                                                                                                                                                               W                mJ                    C           C       
     GPU 0  1.000  0.932  0.710  0.000  0.001  0.000  0.607  0.000               3150514               1369096         100           0       0.000      99.000     206.229        2705825679   1230      0     36          44   1230
     GPU 0  1.000  0.932  0.710  0.000  0.001  0.000  0.607  0.000               3150514               1369096         100           0       0.000      99.000     206.229        2705846522   1230      0     36          44   1230
     GPU 0  1.000  0.000  0.000  0.000  0.001  0.000  0.000  0.000               8700630               4943558         100           0       0.000      99.000     206.229        2705846522   1230      0     36          44   1230
     GPU 0  1.000  0.933  0.736  0.000  0.001  0.000  0.612  0.000              11878260               7948265         100           0       0.000      99.000     206.229        2705846522   1230      0     36          44   1230
     GPU 0  1.000  0.928  0.739  0.000  0.001  0.000  0.612  0.000               9946558               7747416         100           0       0.000      99.000     206.229        2705846522   1230      0     36          45   1230
     GPU 0  1.000  0.000  0.000  0.000  0.001  0.000  0.000  0.000               7184967               5864567         100           0       0.000      99.000     206.229        2705846522   1230      0     36          44   1230
     GPU 0  1.000  0.000  0.000  0.000  0.001  0.000  0.000  0.000               7184967               5864567         100           0       0.000      99.000     206.229        2705867549   1230      0     36          44   1230
     GPU 0  1.000  0.936  0.737  0.000  0.002  0.000  0.611  0.000               6817903               5730557         100           0       0.000      99.000     206.471        2705867549   1230      0     36          44   1230
     GPU 0  1.000  0.940  0.759  0.000  0.001  0.000  0.623  0.000               9411743               6991886         100           0       0.000      99.000     206.471        2705867549   1230      0     36          44   1230
     GPU 0  1.000  0.000  0.000  0.000  0.002  0.000  0.000  0.000               7320563               5954198         100           0       0.000      99.000     206.471        2705867549   1230      0     36          45   1230
     GPU 0  1.000  0.945  0.758  0.000  0.002  0.000  0.620  0.000               3426436               1919432         100           0       0.000      99.000     206.471        2705867549   1230      0     37          45   1230
     GPU 0  1.000  0.945  0.758  0.000  0.002  0.000  0.620  0.000               3426436               1919432         100           0       0.000      99.000     207.249        2705888234   1230      0     37          45   1230
     GPU 0  1.000  0.952  0.777  0.000  0.001  0.000  0.632  0.000               6009040               3394824         100           0       0.000      99.000     207.249        2705888234   1230      0     37          45   1230
     GPU 0  1.000  0.000  0.000  0.000  0.001  0.000  0.000  0.000               7095876               4375018         100           0       0.000      99.000     207.249        2705888234   1230      0     37          45   1230

# Entity  GRACT  SMACT  SMOCC  TENSO  DRAMA  FP64A  FP32A  FP16A                 PCITX                 PCIRX       GPUTL       MCUTL       MUSAM       GUSAM       POWER             TOTEC  SACLK  PSTAT  TMPTR       MMTMP  SMCLK
      Id                                                                                                                                                               W                mJ                    C           C       
     GPU 0  1.000  0.940  0.751  0.000  0.001  0.000  0.621  0.000               7212850               5058543         100           0       0.000      99.000     207.249        2705888234   1230      0     37          45   1230
     GPU 0  1.000  0.937  0.748  0.000  0.001  0.000  0.620  0.000               9558430               7046660         100           0       0.000      99.000     207.249        2705888234   1230      0     37          45   1230
     GPU 0  1.000  0.937  0.748  0.000  0.001  0.000  0.620  0.000               9558430               7046660         100           0       0.000      99.000     207.249        2705909184   1230      0     37          45   1230
     GPU 0  1.000  0.000  0.000  0.000  0.001  0.000  0.000  0.000               7812446               6517486         100           0       0.000      99.000     207.782        2705909184   1230      0     37          45   1230
     GPU 0  1.000  0.938  0.751  0.000  0.002  0.000  0.621  0.000               7778649               5570057         100           0       0.000      99.000     207.782        2705909184   1230      0     37          45   1230
     GPU 0  1.000  0.942  0.755  0.000  0.002  0.000  0.606  0.000               8890642               7129020         100           0       0.000      99.000     207.782        2705909184   1230      0     37          45   1230
     GPU 0  1.000  0.000  0.000  0.000  0.001  0.000  0.000  0.000               3426250               1369619         100           0       0.000      99.000     207.782        2705909184   1230      0     37          45   1230
     GPU 0  1.000  0.000  0.000  0.000  0.001  0.000  0.000  0.000               3426250               1369619         100           0       0.000      99.000     207.010        2705930007   1230      0     37          45   1230
     GPU 0  1.000  0.935  0.748  0.000  0.001  0.000  0.619  0.000               3424704               1368835         100           0       0.000      99.000     207.010        2705930007   1230      0     37          45   1230
     GPU 0  1.000  0.946  0.747  0.000  0.001  0.000  0.626  0.000               6979800               4006485         100           0       0.000      99.000     207.010        2705930007   1230      0     37          45   1230
     GPU 0  1.000  0.000  0.000  0.000  0.001  0.000  0.000  0.000               6490651               4623196         100           0       0.000      99.000     207.010        2705930007   1230      0     37          45   1230
     GPU 0  1.000  0.941  0.763  0.000  0.002  0.000  0.624  0.000               8533324               6286537         100           0       0.000      99.000     207.010        2705930007   1230      0     37          45   1230
     GPU 0  1.000  0.941  0.763  0.000  0.002  0.000  0.624  0.000               8533324               6286537         100           0       0.000      99.000     207.010        2705930007   1230      0     37          45   1230
     GPU 0  1.000  0.935  0.748  0.000  0.002  0.000  0.601  0.000               7822732               6693597         100           0       0.000      99.000     206.229        2705950942   1230      0     37          45   1230

# Entity  GRACT  SMACT  SMOCC  TENSO  DRAMA  FP64A  FP32A  FP16A                 PCITX                 PCIRX       GPUTL       MCUTL       MUSAM       GUSAM       POWER             TOTEC  SACLK  PSTAT  TMPTR       MMTMP  SMCLK
      Id                                                                                                                                                               W                mJ                    C           C       
     GPU 0  1.000  0.000  0.000  0.000  0.002  0.000  0.000  0.000               7774623               5818226         100           0       0.000      99.000     206.229        2705950942   1230      0     37          45   1230
     GPU 0  1.000  0.938  0.750  0.000  0.002  0.000  0.603  0.000               3508923               1811512         100           0       0.000      99.000     206.229        2705950942   1230      0     37          45   1230
     GPU 0  1.000  0.938  0.750  0.000  0.002  0.000  0.603  0.000               3508923               1811512         100           0       0.000      99.000     206.229        2705950942   1230      0     37          45   1230
     GPU 0  1.000  0.936  0.757  0.000  0.002  0.000  0.621  0.000               3468058               1536565         100           0       0.000      99.000     206.229        2705971726   1230      0     37          45   1230
     GPU 0  1.000  0.000  0.000  0.000  0.002  0.000  0.000  0.000               9123924               5623339         100           0       0.000      99.000     206.229        2705971726   1230      0     37          45   1230
     GPU 0  1.000  0.938  0.749  0.000  0.002  0.000  0.606  0.000               8763267               5933263         100           0       0.000      99.000     206.229        2705971726   1230      0     37          45   1230
     GPU 0  1.000  0.933  0.743  0.000  0.002  0.000  0.616  0.000               8479045               6285604         100           0       0.000      99.000     206.229        2705971726   1230      0     37          45   1230
     GPU 0  1.000  0.933  0.743  0.000  0.002  0.000  0.616  0.000               8479045               6285604         100           0       0.000      99.000     206.229        2705971726   1230      0     37          45   1230
     GPU 0  1.000  0.000  0.000  0.000  0.002  0.000  0.000  0.000               7726757               6515681         100           0       0.000      99.000     206.229        2705971726   1230      0     37          45   1230
     GPU 0  1.000  0.935  0.744  0.000  0.001  0.000  0.618  0.000               8262804               5433152         100           0       0.000      99.000     207.300        2705992727   1230      0     37          45   1230
     GPU 0  1.000  0.943  0.750  0.000  0.002  0.000  0.613  0.000               5497909               3751497         100           0       0.000      99.000     207.300        2705992727   1230      0     37          45   1230
     GPU 0  1.000  0.000  0.000  0.000  0.002  0.000  0.000  0.000               5061076               3488289         100           0       0.000      99.000     207.300        2705992727   1230      0     37          45   1230
     GPU 0  1.000  0.000  0.000  0.000  0.002  0.000  0.000  0.000               5061076               3488289         100           0       0.000      99.000     207.300        2705992727   1230      0     37          45   1230
     GPU 0  1.000  0.938  0.743  0.000  0.002  0.000  0.618  0.000               5590597               3963385         100           0       0.000      99.000     207.300        2706013649   1230      0     37          45   1230

# Entity  GRACT  SMACT  SMOCC  TENSO  DRAMA  FP64A  FP32A  FP16A                 PCITX                 PCIRX       GPUTL       MCUTL       MUSAM       GUSAM       POWER             TOTEC  SACLK  PSTAT  TMPTR       MMTMP  SMCLK
      Id                                                                                                                                                               W                mJ                    C           C       
     GPU 0  1.000  0.935  0.739  0.000  0.002  0.000  0.602  0.000              10786327               7019405         100           0       0.000      99.000     206.471        2706013649   1230      0     37          45   1230
     GPU 0  1.000  0.000  0.000  0.000  0.002  0.000  0.000  0.000               7160981               5982692         100           0       0.000      99.000     206.471        2706013649   1230      0     37          45   1230
     GPU 0  1.000  0.000  0.000  0.000  0.002  0.000  0.000  0.000               7160981               5982692         100           0       0.000      99.000     206.471        2706013649   1230      0     37          45   1230
     GPU 0  1.000  0.935  0.746  0.000  0.002  0.000  0.618  0.000               7080488               5823572         100           0       0.000      99.000     206.471        2706013649   1230      0     37          45   1230
     GPU 0  1.000  0.939  0.739  0.000  0.001  0.000  0.620  0.000               6676217               5473031         100           0       0.000      99.000     206.229        2706013649   1230      0     37          45   1230
     GPU 0  1.000  0.000  0.000  0.000  0.002  0.000  0.000  0.000               4935349               3839609         100           0       0.000      99.000     206.229        2706034513   1230      0     37          45   1230
     GPU 0  1.000  0.936  0.736  0.000  0.002  0.000  0.601  0.000               3467029               1495102         100           0       0.000      99.000     206.229        2706034513   1230      0     37          45   1230
     GPU 0  1.000  0.936  0.736  0.000  0.002  0.000  0.601  0.000               3467029               1495102         100           0       0.000      99.000     206.229        2706034513   1230      0     37          45   1230
     GPU 0  1.000  0.935  0.760  0.000  0.002  0.000  0.620  0.000               3467536               1369572         100           0       0.000      99.000     206.229        2706034513   1230      0     37          45   1230
     GPU 0  1.000  0.000  0.000  0.000  0.002  0.000  0.000  0.000               5627433               3834282         100           0       0.000      99.000     206.229        2706055391   1230      0     37          45   1230
     GPU 0  1.000  0.941  0.753  0.000  0.002  0.000  0.609  0.000               8521713               5587396         100           0       0.000      99.000     206.229        2706055391   1230      0     37          45   1230
     GPU 0  1.000  0.934  0.743  0.000  0.002  0.000  0.618  0.000              11520477               8513081         100           0       0.000      99.000     206.229        2706055391   1230      0     37          45   1230
     GPU 0  1.000  0.000  0.000  0.000  0.002  0.000  0.000  0.000              10401314               7908665         100           0       0.000      99.000     206.229        2706055391   1230      0     37          45   1230
     GPU 0  1.000  0.000  0.000  0.000  0.002  0.000  0.000  0.000              10401314               7908665         100           0       0.000      99.000     206.229        2706055391   1230      0     37          45   1230

# Entity  GRACT  SMACT  SMOCC  TENSO  DRAMA  FP64A  FP32A  FP16A                 PCITX                 PCIRX       GPUTL       MCUTL       MUSAM       GUSAM       POWER             TOTEC  SACLK  PSTAT  TMPTR       MMTMP  SMCLK
      Id                                                                                                                                                               W                mJ                    C           C       
     GPU 0  1.000  0.938  0.750  0.000  0.002  0.000  0.603  0.000               3433417               3558673         100           0       0.000      99.000     206.229        2706055391   1230      0     37          45   1230
     GPU 0  1.000  0.938  0.743  0.000  0.001  0.000  0.620  0.000              11061949               6880088         100           0       0.000      99.000     206.761        2706076331   1230      0     37          45   1230
     GPU 0  1.000  0.000  0.000  0.000  0.001  0.000  0.000  0.000               4770243               3144679         100           0       0.000      99.000     206.761        2706076331   1230      0     37          45   1230
     GPU 0  1.000  0.000  0.000  0.000  0.001  0.000  0.000  0.000               4770243               3144679         100           0       0.000      99.000     206.761        2706076331   1230      0     37          45   1230
     GPU 0  1.000  0.940  0.757  0.000  0.001  0.000  0.622  0.000               3386381               1317713         100           0       0.000      99.000     206.761        2706076331   1230      0     37          45   1230
     GPU 0  1.000  0.925  0.709  0.000  0.001  0.000  0.600  0.000               9371973               6185970         100           0       0.000      99.000     205.939        2706097269   1230      0     37          45   1230
     GPU 0  1.000  0.000  0.000  0.000  0.001  0.000  0.000  0.000               9356280               6102615         100           0       0.000      99.000     205.939        2706097269   1230      0     37          45   1230
     GPU 0  1.000  0.939  0.749  0.000  0.001  0.000  0.622  0.000              10665145               6753796         100           0       0.000      99.000     205.939        2706097269   1230      0     37          45   1230
     GPU 0  1.000  0.933  0.739  0.000  0.001  0.000  0.615  0.000              10455993               7859200         100           0       0.000      99.000     205.939        2706097269   1230      0     37          45   1230
     GPU 0  1.000  0.933  0.739  0.000  0.001  0.000  0.615  0.000              10455993               7859200         100           0       0.000      99.000     205.939        2706097269   1230      0     37          45   1230
     GPU 0  1.000  0.000  0.000  0.000  0.001  0.000  0.000  0.000               9987540               7652930         100           0       0.000      99.000     205.939        2706097269   1230      0     37          45   1230
     GPU 0  1.000  0.938  0.752  0.000  0.001  0.000  0.621  0.000               4511629               4302865         100           0       0.000      99.000     206.471        2706118114   1230      0     37          45   1230
     GPU 0  1.000  0.941  0.738  0.000  0.001  0.000  0.621  0.000               5494831               4993103         100           0       0.000      99.000     206.471        2706118114   1230      0     37          45   1230
     GPU 0  1.000  0.941  0.738  0.000  0.001  0.000  0.621  0.000               5494831               4993103         100           0       0.000      99.000     206.471        2706118114   1230      0     37          45   1230

# Entity  GRACT  SMACT  SMOCC  TENSO  DRAMA  FP64A  FP32A  FP16A                 PCITX                 PCIRX       GPUTL       MCUTL       MUSAM       GUSAM       POWER             TOTEC  SACLK  PSTAT  TMPTR       MMTMP  SMCLK
      Id                                                                                                                                                               W                mJ                    C           C       
     GPU 0  1.000  0.000  0.000  0.000  0.001  0.000  0.000  0.000               3425985               1327532         100           0       0.000      99.000     206.471        2706118114   1230      0     37          45   1230
     GPU 0  1.000  0.936  0.748  0.000  0.001  0.000  0.619  0.000               3384190               1285798         100           0       0.000      99.000     206.471        2706138991   1230      0     37          45   1230
     GPU 0  1.000  0.935  0.733  0.000  0.001  0.000  0.620  0.000               6359297               3736848         100           0       0.000      99.000     206.471        2706138991   1230      0     38          45   1230
     GPU 0  1.000  0.000  0.000  0.000  0.001  0.000  0.000  0.000               8375368               5465384         100           0       0.000      99.000     206.471        2706138991   1230      0     38          45   1230
     GPU 0  1.000  0.929  0.742  0.000  0.002  0.000  0.612  0.000              10214226               7976284         100           0       0.000      99.000     206.471        2706138991   1230      0     38          45   1230
     GPU 0  1.000  0.939  0.752  0.000  0.002  0.000  0.603  0.000              10346657               7919893         100           0       0.000      99.000     206.471        2706138991   1230      0     38          45   1230
     GPU 0  1.000  0.939  0.752  0.000  0.002  0.000  0.603  0.000              10346657               7919893         100           0       0.000      99.000     206.471        2706138991   1230      0     38          45   1230
     GPU 0  1.000  0.000  0.000  0.000  0.002  0.000  0.000  0.000               7991145               6652653         100           0       0.000      99.000     206.761        2706159983   1230      0     38          45   1230
     GPU 0  1.000  0.941  0.736  0.000  0.001  0.000  0.619  0.000               7710387               5570526         100           0       0.000      99.000     206.761        2706159983   1230      0     38          45   1230
     GPU 0  1.000  0.942  0.757  0.000  0.001  0.000  0.624  0.000              11148924               8273129         100           0       0.000      99.000     206.761        2706159983   1230      0     38          45   1230
     GPU 0  1.000  0.942  0.757  0.000  0.001  0.000  0.624  0.000              11148924               8273129         100           0       0.000      99.000     206.761        2706159983   1230      0     38          45   1230
     GPU 0  1.000  0.000  0.000  0.000  0.001  0.000  0.000  0.000               3423521               1327146         100           0       0.000      99.000     207.300        2706180881   1230      0     38          45   1230
     GPU 0  1.000  0.940  0.750  0.000  0.001  0.000  0.619  0.000               7332156               4405204         100           0       0.000      99.000     207.300        2706180881   1230      0     38          45   1230
     GPU 0  1.000  0.932  0.736  0.000  0.002  0.000  0.613  0.000               9155700               6072192         100           0       0.000      99.000     207.300        2706180881   1230      0     38          45   1230

# Entity  GRACT  SMACT  SMOCC  TENSO  DRAMA  FP64A  FP32A  FP16A                 PCITX                 PCIRX       GPUTL       MCUTL       MUSAM       GUSAM       POWER             TOTEC  SACLK  PSTAT  TMPTR       MMTMP  SMCLK
      Id                                                                                                                                                               W                mJ                    C           C       
     GPU 0  0.345  0.000  0.000  0.000  0.001  0.000  0.000  0.000             438230599               2013052         100           0       0.000      99.000     207.300        2706180881   1230      0     38          45   1230
     GPU 0  0.000  0.000  0.000  0.000  0.000  0.000  0.000  0.000               5750494               3139101         100           0       0.000      99.000     207.300        2706180881   1230      0     36          45   1230
     GPU 0  0.000  0.000  0.000  0.000  0.000  0.000  0.000  0.000               5750494               3139101         100           0       0.000      99.000      97.627        2706180881   1230      0     36          45   1230
     GPU 0  0.000  0.000  0.000  0.000  0.000  0.000  0.000  0.000               6138380               3837889         100           0       0.000      99.000      97.627        2706197449   1230      0     34          45   1230
     GPU 0  0.000  0.000  0.000  0.000  0.000  0.000  0.000  0.000               9555808               5601569         100           0       0.000      99.000      97.627        2706197449   1230      0     34          45   1230
     GPU 0  0.000  0.000  0.000  0.000  0.000  0.000  0.000  0.000               7864287               4445764         100           0       0.000      99.000      97.627        2706197449   1230      0     33          45   1230
     GPU 0  0.000  0.000  0.000  0.000  0.000  0.000  0.000  0.000              12116159               7547584         100           0       0.000      99.000      97.627        2706197449   1230      0     33          45   1230
     GPU 0  0.000  0.000  0.000  0.000  0.000  0.000  0.000  0.000              10144271               6145411          30           0       0.000      29.000      94.659        2706207049   1230      0     33          45   1230
     GPU 0  0.000  0.000  0.000  0.000  0.000  0.000  0.000  0.000              10144271               6145411          30           0       0.000      29.000      94.659        2706207049   1230      0     32          45   1230
     GPU 0  0.000  0.000  0.000  0.000  0.000  0.000  0.000  0.000               9140950               5067225          30           0       0.000      29.000      94.659        2706207049   1230      0     32          45   1230
     GPU 0  0.000  0.000  0.000  0.000  0.000  0.000  0.000  0.000               8592066               5168103          30           0       0.000      29.000      94.659        2706207049   1230      0     32          45   1230
     GPU 0  0.000  0.000  0.000  0.000  0.000  0.000  0.000  0.000               9836890               6417424          30           0       0.000      29.000      94.659        2706207049   1230      0     32          45   1230
     GPU 0  0.000  0.000  0.000  0.000  0.000  0.000  0.000  0.000              10654723               6600715          30           0       0.000      29.000      94.659        2706207049   1230      0     32          45   1230
     GPU 0  0.000  0.000  0.000  0.000  0.000  0.000  0.000  0.000              11275986               6472349          30           0       0.000      29.000      94.119        2706216653   1230      0     32          45   1230

# Entity  GRACT  SMACT  SMOCC  TENSO  DRAMA  FP64A  FP32A  FP16A                 PCITX                 PCIRX       GPUTL       MCUTL       MUSAM       GUSAM       POWER             TOTEC  SACLK  PSTAT  TMPTR       MMTMP  SMCLK
      Id                                                                                                                                                               W                mJ                    C           C       
     GPU 0  0.000  0.000  0.000  0.000  0.000  0.000  0.000  0.000               9930111               6545634          30           0       0.000      29.000      94.119        2706216653   1230      0     32          45   1230
     GPU 0  0.000  0.000  0.000  0.000  0.000  0.000  0.000  0.000              10941417               6551703          30           0       0.000      29.000      94.119        2706216653   1230      0     32          45   1230
     GPU 0  0.000  0.000  0.000  0.000  0.000  0.000  0.000  0.000              10941417               6551703          30           0       0.000      29.000      94.119        2706216653   1230      0     31          45   1230
     GPU 0  0.000  0.000  0.000  0.000  0.000  0.000  0.000  0.000               3065726                 41876           0           0       0.000       0.000      93.828        2706226073   1230      0     31          45   1230
     GPU 0  0.000  0.000  0.000  0.000  0.000  0.000  0.000  0.000               3302697                233338           0           0       0.000       0.000      93.828        2706226073   1230      0     31          45   1230
     GPU 0  0.000  0.000  0.000  0.000  0.000  0.000  0.000  0.000               5710230               2389580           0           0       0.000       0.000      93.828        2706226073   1230      0     31          45   1230
     GPU 0  0.000  0.000  0.000  0.000  0.000  0.000  0.000  0.000               4803077               2369044           0           0       0.000       0.000      93.828        2706226073   1230      0     31          45   1230
     GPU 0  0.000  0.000  0.000  0.000  0.000  0.000  0.000  0.000               8120586               4520409           0           0       0.000       0.000      93.828        2706226073   1230      0     31          45   1230
     GPU 0  0.000  0.000  0.000  0.000  0.000  0.000  0.000  0.000              10293359               6725613           0           0       0.000       0.000      93.828        2706226073   1230      0     31          45   1230
     GPU 0  0.000  0.000  0.000  0.000  0.000  0.000  0.000  0.000              10293359               6725613           0           0       0.000       0.000      93.586        2706235551   1230      0     31          45   1230
     GPU 0  0.000  0.000  0.000  0.000  0.000  0.000  0.000  0.000              10274789               5469611           0           0       0.000       0.000      93.586        2706235551   1230      0     31          45   1230
     GPU 0  0.000  0.000  0.000  0.000  0.000  0.000  0.000  0.000               9743109               6476815           0           0       0.000       0.000      93.586        2706235551   1230      0     31          45   1230
     GPU 0  0.000  0.000  0.000  0.000  0.000  0.000  0.000  0.000               9775190               6113798           0           0       0.000       0.000      93.586        2706235551   1230      0     31          45   1230
     GPU 0  0.000  0.000  0.000  0.000  0.000  0.000  0.000  0.000               9775190               6113798           0           0       0.000       0.000      93.828        2706245014   1230      0     31          45   1230

# Entity  GRACT  SMACT  SMOCC  TENSO  DRAMA  FP64A  FP32A  FP16A                 PCITX                 PCIRX       GPUTL       MCUTL       MUSAM       GUSAM       POWER             TOTEC  SACLK  PSTAT  TMPTR       MMTMP  SMCLK
      Id                                                                                                                                                               W                mJ                    C           C       
     GPU 0  0.004  0.000  0.000  0.000  0.000  0.000  0.000  0.000               5821160               8521699           0           0       0.000       0.000      93.828        2706245014   1230      0     31          45   1230
     GPU 0  0.000  0.000  0.000  0.000  0.000  0.000  0.000  0.000              13961670              10975217           0           0       0.000       0.000      93.828        2706245014   1230      0     31          45   1230
     GPU 0  0.000  0.000  0.000  0.000  0.000  0.000  0.000  0.000              13961670              10975217           0           0       0.000       0.000      93.828        2706245014   1230      0     31          45   1230
     GPU 0  0.000  0.000  0.000  0.000  0.014  0.000  0.000  0.000              11803748               8510539           0           0       0.000       0.000      93.828        2706245014   1230      0     30          45   1230
     GPU 0  0.000  0.000  0.000  0.000  0.014  0.000  0.000  0.000              11803748               8510539           0           0       0.000       0.000      93.828        2706254652   1230      0     30          45   1230
     GPU 0  0.000  0.000  0.000  0.000  0.000  0.000  0.000  0.000               8594871              25100067           0           0       0.000       0.000      93.586        2706254652   1230      0     30          45   1230
     GPU 0  0.000  0.000  0.000  0.000  0.000  0.000  0.000  0.000               8594871              25100067           0           0       0.000       0.000      93.586        2706254652   1230      0     30          45   1230
     GPU 0  0.000  0.000  0.000  0.000  0.000  0.000  0.000  0.000              10715762               7970568           0           0       0.000       0.000      93.586        2706254652   1230      0     30          45   1230
     GPU 0  0.000  0.000  0.000  0.000  0.000  0.000  0.000  0.000              10715762               7970568           0           0       0.000       0.000      93.586        2706254652   1230      0     30          45   1230
     GPU 0  0.000  0.000  0.000  0.000  0.000  0.000  0.000  0.000              11891717               8908048           0           0       0.000       0.000      93.828        2706254652   1230      0     30          45   1230
     GPU 0  0.000  0.000  0.000  0.000  0.000  0.000  0.000  0.000               8317286               6304343           7           0       0.000       0.000      93.828        2706264156   1230      0     30          45   1230
     GPU 0  0.000  0.000  0.000  0.000  0.000  0.000  0.000  0.000              10486196               6667143           7           0       0.000       0.000      93.828        2706264156   1230      0     30          45   1230
     GPU 0  0.000  0.000  0.000  0.000  0.000  0.000  0.000  0.000              10486196               6667143           7           0       0.000       0.000      93.828        2706264156   1230      0     30          45   1230
     GPU 0  0.000  0.000  0.000  0.000  0.000  0.000  0.000  0.000               9637419               6207830           7           0       0.000       0.000      93.828        2706264156   1230      0     30          45   1230

# Entity  GRACT  SMACT  SMOCC  TENSO  DRAMA  FP64A  FP32A  FP16A                 PCITX                 PCIRX       GPUTL       MCUTL       MUSAM       GUSAM       POWER             TOTEC  SACLK  PSTAT  TMPTR       MMTMP  SMCLK
      Id                                                                                                                                                               W                mJ                    C           C       
     GPU 0  0.000  0.000  0.000  0.000  0.000  0.000  0.000  0.000              12990835               7990237           7           0       0.000       0.000      93.586        2706273456   1230      0     30          45   1230
     GPU 0  0.000  0.000  0.000  0.000  0.000  0.000  0.000  0.000               8562454               5337646           7           0       0.000       0.000      93.586        2706273456   1230      0     30          45   1230
     GPU 0  0.000  0.000  0.000  0.000  0.000  0.000  0.000  0.000               2887528               2033495           7           0       0.000       0.000      93.586        2706273456   1230      0     30          45   1230
     GPU 0  0.000  0.000  0.000  0.000  0.000  0.000  0.000  0.000               1964842                 41831           7           0       0.000       0.000      93.586        2706273456   1230      0     30          45   1230
     GPU 0  0.000  0.000  0.000  0.000  0.000  0.000  0.000  0.000               1797049                121486           7           0       0.000       0.000      93.586        2706273456   1230      0     30          45   1230
     GPU 0  0.000  0.000  0.000  0.000  0.000  0.000  0.000  0.000               1797049                121486           0           0       0.000       0.000      93.828        2706273456   1230      0     30          45   1230
     GPU 0  0.000  0.000  0.000  0.000  0.000  0.000  0.000  0.000               6197126               2168433           0           0       0.000       0.000      93.828        2706282879   1230      0     30          45   1230
     GPU 0  0.000  0.000  0.000  0.000  0.000  0.000  0.000  0.000               5301812               2568762           0           0       0.000       0.000      93.828        2706282879   1230      0     30          44   1230
     GPU 0  0.000  0.000  0.000  0.000  0.000  0.000  0.000  0.000               7499318               4226935           0           0       0.000       0.000      93.828        2706282879   1230      0     30          45   1230
     GPU 0  0.000  0.000  0.000  0.000  0.000  0.000  0.000  0.000              10351660               6423786           0           0       0.000       0.000      93.828        2706282879   1230      0     30          44   1230
     GPU 0  0.000  0.000  0.000  0.000  0.000  0.000  0.000  0.000              10351660               6423786           0           0       0.000       0.000      93.586        2706292370   1230      0     30          44   1230
     GPU 0  0.000  0.000  0.000  0.000  0.000  0.000  0.000  0.000               5992028               3813130           0           0       0.000       0.000      93.586        2706292370   1230      0     30          44   1230
     GPU 0  0.000  0.000  0.000  0.000  0.000  0.000  0.000  0.000               8392772               5427882           0           0       0.000       0.000      93.586        2706292370   1230      0     30          45   1230
     GPU 0  0.000  0.000  0.000  0.000  0.000  0.000  0.000  0.000               9592970               6466534           0           0       0.000       0.000      93.586        2706292370   1230      0     30          45   1230

# Entity  GRACT  SMACT  SMOCC  TENSO  DRAMA  FP64A  FP32A  FP16A                 PCITX                 PCIRX       GPUTL       MCUTL       MUSAM       GUSAM       POWER             TOTEC  SACLK  PSTAT  TMPTR       MMTMP  SMCLK
      Id                                                                                                                                                               W                mJ                    C           C       
     GPU 0  0.000  0.000  0.000  0.000  0.000  0.000  0.000  0.000               6446360               3934556           0           0       0.000       0.000      93.586        2706292370   1230      0     30          44   1230
     GPU 0  0.000  0.000  0.000  0.000  0.000  0.000  0.000  0.000               4001286                     0           0           0       0.000       0.000      93.586        2706292370   1230      0     30          45   1230
     GPU 0  0.000  0.000  0.000  0.000  0.000  0.000  0.000  0.000               4001286                     0           0           0       0.000       0.000      93.586        2706301948   1230      0     30          45   1230
     GPU 0  0.000  0.000  0.000  0.000  0.000  0.000  0.000  0.000               5899197               1744156           0           0       0.000       0.000      93.586        2706301948   1230      0     30          44   1230
     GPU 0  0.000  0.000  0.000  0.000  0.000  0.000  0.000  0.000               5024463               2133794           0           0       0.000       0.000      93.586        2706301948   1230      0     30          44   1230
     GPU 0  0.000  0.000  0.000  0.000  0.000  0.000  0.000  0.000               6887000               3766874           0           0       0.000       0.000      93.586        2706301948   1230      0     30          44   1230
     GPU 0  0.000  0.000  0.000  0.000  0.000  0.000  0.000  0.000               9901419               5336662           0           0       0.000       0.000      93.586        2706311262   1230      0     30          45   1230
     GPU 0  0.000  0.000  0.000  0.000  0.000  0.000  0.000  0.000               9901419               5336662           0           0       0.000       0.000      93.586        2706311262   1230      0     30          44   1230
     GPU 0  0.000  0.000  0.000  0.000  0.000  0.000  0.000  0.000               3635580               2422231           0           0       0.000       0.000      93.586        2706311262   1230      0     29          44   1230
     GPU 0  0.000  0.000  0.000  0.000  0.000  0.000  0.000  0.000               9227382               5870231           0           0       0.000       0.000      93.586        2706311262   1230      0     29          45   1230
     GPU 0  0.000  0.000  0.000  0.000  0.000  0.000  0.000  0.000              10611227               6771594           0           0       0.000       0.000      93.586        2706311262   1230      0     29          45   1230
     GPU 0  0.000  0.000  0.000  0.000  0.000  0.000  0.000  0.000              10611227               6771594           0           0       0.000       0.000      93.586        2706311262   1230      0     29          45   1230
     GPU 0  0.000  0.000  0.000  0.000  0.000  0.000  0.000  0.000              10611227               6771594           0           0       0.000       0.000      93.586        2706311262   1230      0     29          45   1230
     GPU 0  0.000  0.000  0.000  0.000  0.000  0.000  0.000  0.000              10611227               6771594           0           0       0.000       0.000      93.586        2706311262   1230      0     29          45   1230

# Entity  GRACT  SMACT  SMOCC  TENSO  DRAMA  FP64A  FP32A  FP16A                 PCITX                 PCIRX       GPUTL       MCUTL       MUSAM       GUSAM       POWER             TOTEC  SACLK  PSTAT  TMPTR       MMTMP  SMCLK
      Id                                                                                                                                                               W                mJ                    C           C       
     GPU 0  0.000  0.000  0.000  0.000  0.000  0.000  0.000  0.000              10611227               6771594           0           0       0.000       0.000      93.586        2706320708   1230      0     29          45   1230
     GPU 0  0.000  0.000  0.000  0.000  0.000  0.000  0.000  0.000              10858339               6577478           0           0       0.000       0.000      93.586        2706320708   1230      0     29          45   1230
     GPU 0  0.000  0.000  0.000  0.000  0.000  0.000  0.000  0.000              10769091               6235967           0           0       0.000       0.000      93.586        2706330306   1230      0     29          44   1230
     GPU 0  0.000  0.000  0.000  0.000  0.000  0.000  0.000  0.000              10875628               7058374           0           0       0.000       0.000      94.119        2706330306   1230      0     29          45   1230
     GPU 0  0.000  0.000  0.000  0.000  0.000  0.000  0.000  0.000               9938669               6738851           0           0       0.000       0.000      94.119        2706330306   1230      0     29          44   1230
     GPU 0  0.000  0.000  0.000  0.000  0.000  0.000  0.000  0.000               8703431               5588256           0           0       0.000       0.000      94.119        2706330306   1230      0     29          45   1230
     GPU 0  0.000  0.000  0.000  0.000  0.000  0.000  0.000  0.000              10009988               6400215           0           0       0.000       0.000      94.119        2706330306   1230      0     29          45   1230
     GPU 0  0.000  0.000  0.000  0.000  0.000  0.000  0.000  0.000              11772302               7000630           0           0       0.000       0.000      94.119        2706330306   1230      0     29          44   1230
     GPU 0  0.000  0.000  0.000  0.000  0.000  0.000  0.000  0.000              11772302               7000630           0           0       0.000       0.000      94.119        2706340051   1230      0     29          45   1230
     GPU 0  0.000  0.000  0.000  0.000  0.000  0.000  0.000  0.000               2331301                163808           0           0       0.000       0.000      94.119        2706340051   1230      0     29          44   1230
     GPU 0  0.000  0.000  0.000  0.000  0.000  0.000  0.000  0.000               3056275                274032           0           0       0.000       0.000      94.119        2706340051   1230      0     29          44   1230
     GPU 0  0.000  0.000  0.000  0.000  0.000  0.000  0.000  0.000               5996600               2018607           0           0       0.000       0.000      94.119        2706340051   1230      0     29          45   1230
     GPU 0  0.000  0.000  0.000  0.000  0.000  0.000  0.000  0.000               7898453               4059808           0           0       0.000       0.000      94.119        2706349263   1230      0     29          44   1230
     GPU 0  0.000  0.000  0.000  0.000  0.000  0.000  0.000  0.000               7898453               4059808           0           0       0.000       0.000      93.828        2706349263   1230      0     29          44   1230

# Entity  GRACT  SMACT  SMOCC  TENSO  DRAMA  FP64A  FP32A  FP16A                 PCITX                 PCIRX       GPUTL       MCUTL       MUSAM       GUSAM       POWER             TOTEC  SACLK  PSTAT  TMPTR       MMTMP  SMCLK
      Id                                                                                                                                                               W                mJ                    C           C       
     GPU 0  0.000  0.000  0.000  0.000  0.000  0.000  0.000  0.000              10272651               5879998           0           0       0.000       0.000      93.828        2706349263   1230      0     29          45   1230
     GPU 0  0.000  0.000  0.000  0.000  0.000  0.000  0.000  0.000               4057242               3010471           0           0       0.000       0.000      93.828        2706349263   1230      0     29          44   1230
     GPU 0  0.000  0.000  0.000  0.000  0.000  0.000  0.000  0.000               9548312               6335251           0           0       0.000       0.000      93.828        2706349263   1230      0     29          44   1230
     GPU 0  0.000  0.000  0.000  0.000  0.000  0.000  0.000  0.000              11578111               6796659           0           0       0.000       0.000      93.828        2706349263   1230      0     29          44   1230
     GPU 0  0.000  0.000  0.000  0.000  0.000  0.000  0.000  0.000              11578111               6796659           0           0       0.000       0.000      93.828        2706358786   1230      0     29          44   1230
     GPU 0  0.000  0.000  0.000  0.000  0.000  0.000  0.000  0.000               3291718                274309           0           0       0.000       0.000      93.828        2706358786   1230      0     29          44   1230
     GPU 0  0.000  0.000  0.000  0.000  0.000  0.000  0.000  0.000               3907663               1725387           0           0       0.000       0.000      93.828        2706358786   1230      0     29          44   1230
     GPU 0  0.000  0.000  0.000  0.000  0.000  0.000  0.000  0.000               6864969               3746868           0           0       0.000       0.000      93.828        2706358786   1230      0     29          44   1230
     GPU 0  0.000  0.000  0.000  0.000  0.000  0.000  0.000  0.000               6864969               3746868           0           0       0.000       0.000      93.828        2706368207   1230      0     29          45   1230
     GPU 0  0.000  0.000  0.000  0.000  0.000  0.000  0.000  0.000               9374279               5535489           0           0       0.000       0.000      93.828        2706368207   1230      0     29          44   1230
     GPU 0  0.000  0.000  0.000  0.000  0.000  0.000  0.000  0.000               6252334               3440191           0           0       0.000       0.000      93.828        2706368207   1230      0     29          44   1230
     GPU 0  0.000  0.000  0.000  0.000  0.000  0.000  0.000  0.000               7151124               5185288           0           0       0.000       0.000      93.828        2706368207   1230      0     29          44   1230
