# Entity  GRACT  SMACT  SMOCC  TENSO  DRAMA  FP64A  FP32A  FP16A                 PCITX                 PCIRX       GPUTL       MCUTL       MUSAM       GUSAM       POWER             TOTEC  SACLK  PSTAT  TMPTR       MMTMP  SMCLK
      Id                                                                                                                                                               W                mJ                    C           C       
     GPU 0  0.000  0.000  0.000  0.000  0.000  0.000  0.000  0.000              74829931               6802721           0           0       0.000       0.000      77.020        8613055382    810      0     26          43    210
     GPU 0  0.000  0.000  0.000  0.000  0.000  0.000  0.000  0.000               8773784               4636582           0           0       0.000       0.000      77.020        8613055382    810      0     26          43    210
     GPU 0  0.000  0.000  0.000  0.000  0.000  0.000  0.000  0.000               8773784               4636582           0           0       0.000       0.000      77.020        8613055382    810      0     26          43    210
     GPU 0  0.000  0.000  0.000  0.000  0.000  0.000  0.000  0.000              10438155               6875437           0           0       0.000       0.000      77.020        8613055382    810      0     26          43    210
     GPU 0  0.000  0.000  0.000  0.000  0.000  0.000  0.000  0.000               4768406               2088121           0           0       0.000       0.000      78.632        8613063343    810      0     26          43    210
     GPU 0  0.000  0.000  0.000  0.000  0.000  0.000  0.000  0.000              13791117               7600305           0           0       0.000       0.000      78.632        8613063343    810      0     26          43    210
     GPU 0  0.000  0.000  0.000  0.000  0.000  0.000  0.000  0.000              13791117               7600305           0           0       0.000       0.000      78.632        8613063343    810      0     26          43    210
     GPU 0  0.000  0.000  0.000  0.000  0.000  0.000  0.000  0.000              10933521               7378401           0           0       0.000       0.000      78.632        8613063343    810      0     26          43    210
     GPU 0  0.000  0.000  0.000  0.000  0.000  0.000  0.000  0.000               5550279               3049468           0           0       0.000       0.000      78.632        8613071231    810      0     26          43    210
     GPU 0  0.000  0.000  0.000  0.000  0.000  0.000  0.000  0.000               3190510                274822           0           0       0.000       0.000      78.632        8613071231    810      0     26          43    210
     GPU 0  0.000  0.000  0.000  0.000  0.000  0.000  0.000  0.000               4485193               1749987           0           0       0.000       0.000      78.632        8613071231    810      0     26          43    210
     GPU 0  0.000  0.000  0.000  0.000  0.000  0.000  0.000  0.000               5646444               3057778           0           0       0.000       0.000      78.632        8613071231    810      0     26          43    210
     GPU 0  0.000  0.000  0.000  0.000  0.000  0.000  0.000  0.000               5646444               3057778           0           0       0.000       0.000      78.632        8613071231    810      0     26          43    210
     GPU 0  0.000  0.000  0.000  0.000  0.000  0.000  0.000  0.000               6643694               3815732           0           0       0.000       0.000      78.632        8613071231    810      0     26          43    210
     GPU 0  0.000  0.000  0.000  0.000  0.000  0.000  0.000  0.000               8392359               5839167           0           0       0.000       0.000      78.632        8613079182    810      0     26          43    210

# Entity  GRACT  SMACT  SMOCC  TENSO  DRAMA  FP64A  FP32A  FP16A                 PCITX                 PCIRX       GPUTL       MCUTL       MUSAM       GUSAM       POWER             TOTEC  SACLK  PSTAT  TMPTR       MMTMP  SMCLK
      Id                                                                                                                                                               W                mJ                    C           C       
     GPU 0  0.000  0.000  0.000  0.000  0.000  0.000  0.000  0.000               9616768               6330534           0           0       0.000       0.000      78.632        8613079182    810      0     26          43    210
     GPU 0  0.000  0.000  0.000  0.000  0.000  0.000  0.000  0.000               9616768               6330534           0           0       0.000       0.000      78.632        8613079182    810      0     26          43    210
     GPU 0  0.000  0.000  0.000  0.000  0.000  0.000  0.000  0.000               7369126               3996240           0           0       0.000       0.000      78.632        8613079182    810      0     26          43    210
     GPU 0  0.000  0.000  0.000  0.000  0.000  0.000  0.000  0.000               3027228                 41905           0           0       0.000       0.000      78.632        8613087141    810      0     26          43    210
     GPU 0  0.000  0.000  0.000  0.000  0.000  0.000  0.000  0.000               3153016                275206           0           0       0.000       0.000      78.632        8613087141    810      0     26          43    210
     GPU 0  0.000  0.000  0.000  0.000  0.000  0.000  0.000  0.000               2263471                331459           0           0       0.000       0.000      78.632        8613087141    810      0     26          43    210
     GPU 0  0.000  0.000  0.000  0.000  0.000  0.000  0.000  0.000               2263471                331459           0           0       0.000       0.000      78.632        8613087141    810      0     26          43    210
     GPU 0  0.000  0.000  0.000  0.000  0.000  0.000  0.000  0.000               5418532               4551695           0           0       0.000       0.000      78.632        8613087141    810      0     26          43    210
     GPU 0  0.000  0.000  0.000  0.000  0.000  0.000  0.000  0.000               5418532               4551695           0           0       0.000       0.000      78.632        8613087141    810      0     26          43    210
     GPU 0  0.000  0.000  0.000  0.000  0.000  0.000  0.000  0.000               7585893               6387680           0           0       0.000       0.000      78.632        8613095140    810      0     26          43    210
     GPU 0  0.000  0.000  0.000  0.000  0.000  0.000  0.000  0.000               1145194                899795           0           0       0.000       0.000      78.632        8613095140    810      0     26          43    210
     GPU 0  0.000  0.000  0.000  0.000  0.000  0.000  0.000  0.000               1145194                899795           0           0       0.000       0.000      78.632        8613095140    810      0     26          43    210
     GPU 0  0.000  0.000  0.000  0.000  0.000  0.000  0.000  0.000              12766565              21008038           0           0       0.000       0.000      78.632        8613095140    810      0     26          43    210
     GPU 0  0.000  0.000  0.000  0.000  0.000  0.000  0.000  0.000               4390010               4465700           0           0       0.000       0.000      78.632        8613095140    810      0     26          43    210

# Entity  GRACT  SMACT  SMOCC  TENSO  DRAMA  FP64A  FP32A  FP16A                 PCITX                 PCIRX       GPUTL       MCUTL       MUSAM       GUSAM       POWER             TOTEC  SACLK  PSTAT  TMPTR       MMTMP  SMCLK
      Id                                                                                                                                                               W                mJ                    C           C       
     GPU 0  0.000  0.000  0.000  0.000  0.000  0.000  0.000  0.000               4390010               4465700           0           0       0.000       0.000      78.632        8613103004    810      0     27          43    210
     GPU 0  0.000  0.000  0.000  0.000  0.000  0.000  0.000  0.000               9283474               7558109           0           0       0.000       0.000      78.632        8613103004    810      0     27          43    210
     GPU 0  0.000  0.000  0.000  0.000  0.000  0.000  0.000  0.000               1238168               1368501           0           0       0.000       0.000      78.632        8613103004    810      0     27          43    210
     GPU 0  0.000  0.000  0.000  0.000  0.000  0.000  0.000  0.000               1238168               1368501           0           0       0.000       0.000      78.632        8613103004    810      0     27          43    210
     GPU 0  0.000  0.000  0.000  0.000  0.000  0.000  0.000  0.000               1578261               2575058           0           0       0.000       0.000      78.632        8613103004    810      0     27          43    210
     GPU 0  0.000  0.000  0.000  0.000  0.000  0.000  0.000  0.000               8206685               5104946           0           0       0.000       0.000      78.632        8613111002    810      0     27          43    210
     GPU 0  0.000  0.000  0.000  0.000  0.000  0.000  0.000  0.000              16823583              10263929           0           0       0.000       0.000      78.632        8613111002    810      0     27          43    210
     GPU 0  0.000  0.000  0.000  0.000  0.000  0.000  0.000  0.000              16823583              10263929           0           0       0.000       0.000      78.632        8613111002    810      0     27          43    210
     GPU 0  0.000  0.000  0.000  0.000  0.000  0.000  0.000  0.000              10095555               7089525           0           0       0.000       0.000      78.632        8613111002    810      0     26          43    210
     GPU 0  0.000  0.000  0.000  0.000  0.000  0.000  0.000  0.000              10095555               7089525           0           0       0.000       0.000      78.632        8613111002    810      0     26          43    210
     GPU 0  0.000  0.000  0.000  0.000  0.000  0.000  0.000  0.000              10095555               7089525           0           0       0.000       0.000      78.632        8613118918    810      0     26          43    210
     GPU 0  0.000  0.000  0.000  0.000  0.000  0.000  0.000  0.000               5575350               5025668           0           0       0.000       0.000      78.632        8613118918    810      0     27          43    210
     GPU 0  0.000  0.000  0.000  0.000  0.000  0.000  0.000  0.000               1066508               4147533           0           0       0.000       0.000      78.632        8613118918    810      0     27          43    210
     GPU 0  0.000  0.000  0.000  0.000  0.000  0.000  0.000  0.000               7562652             336031264           0           0       0.000       0.000      78.632        8613118918    810      0     27          43    210

# Entity  GRACT  SMACT  SMOCC  TENSO  DRAMA  FP64A  FP32A  FP16A                 PCITX                 PCIRX       GPUTL       MCUTL       MUSAM       GUSAM       POWER             TOTEC  SACLK  PSTAT  TMPTR       MMTMP  SMCLK
      Id                                                                                                                                                               W                mJ                    C           C       
     GPU 0  0.000  0.000  0.000  0.000  0.000  0.000  0.000  0.000               7562652             336031264           0           0       0.000       0.000      78.632        8613118918    810      0     27          43    210
     GPU 0  0.000  0.000  0.000  0.000  0.000  0.000  0.000  0.000               5496564              19321257           0           0       0.000       0.000      78.632        8613126898    810      0     26          43    210
     GPU 0  0.000  0.000  0.000  0.000  0.000  0.000  0.000  0.000               9186234              18301258           0           0       0.000       0.000      78.632        8613126898    810      0     26          43    810
     GPU 0  0.010  0.000  0.000  0.000  0.000  0.000  0.000  0.000              50099033             354495540           0           0       0.000       0.000      78.632        8613126898    810      0     27          43    810
     GPU 0  0.017  0.000  0.000  0.000  0.002  0.000  0.000  0.000             432012645            3836893685           0           0       0.000       0.000      78.632        8613126898    810      0     27          43    810
     GPU 0  0.501  0.000  0.000  0.000  0.002  0.000  0.000  0.000             342337248            3036361931           0           0       0.000       0.000      78.632        8613126898    810      0     27          43    810
     GPU 0  0.501  0.000  0.000  0.000  0.002  0.000  0.000  0.000             342337248            3036361931           0           0       0.000       0.000     112.831        8613135294    810      0     27          43    810
     GPU 0  1.000  0.947  0.752  0.000  0.001  0.000  0.627  0.000               9517110               6786113           0           0       0.000       0.000     112.831        8613135294    810      0     28          43    810
     GPU 0  1.000  0.000  0.000  0.000  0.001  0.000  0.000  0.000               5194109               3815988          38           0       0.000       0.000     112.831        8613135294    810      0     29          43    810
     GPU 0  1.000  0.939  0.743  0.000  0.001  0.000  0.619  0.000              12147138               7241563          38           0       0.000      37.000     112.831        8613135294    810      0     29          43    810
     GPU 0  1.000  0.000  0.000  0.000  0.001  0.000  0.000  0.000               3371808                730150          38           0       0.000      37.000     148.173        8613150049    810      0     29          43    810
     GPU 0  1.000  0.945  0.742  0.000  0.001  0.000  0.603  0.000               4910732               2896283          38           0       0.000      37.000     148.173        8613150049    810      0     29          43    810
     GPU 0  1.000  0.936  0.772  0.000  0.001  0.000  0.575  0.000               4491208               3125946          38           0       0.000      37.000     148.173        8613150049    810      0     29          43    810
     GPU 0  1.000  0.000  0.000  0.000  0.001  0.000  0.000  0.000               6038872               3992904          38           0       0.000      37.000     148.173        8613150049    810      0     30          44    810

# Entity  GRACT  SMACT  SMOCC  TENSO  DRAMA  FP64A  FP32A  FP16A                 PCITX                 PCIRX       GPUTL       MCUTL       MUSAM       GUSAM       POWER             TOTEC  SACLK  PSTAT  TMPTR       MMTMP  SMCLK
      Id                                                                                                                                                               W                mJ                    C           C       
     GPU 0  1.000  0.000  0.000  0.000  0.001  0.000  0.000  0.000               6038872               3992904          38           0       0.000      37.000     148.173        8613150049    810      0     30          43    810
     GPU 0  1.000  0.944  0.755  0.000  0.001  0.000  0.615  0.000               8427448               5769819          38           0       0.000      37.000     148.173        8613150049    810      0     30          43    810
     GPU 0  1.000  0.944  0.757  0.000  0.001  0.000  0.624  0.000               9743779               7160340          38           0       0.000      37.000     148.463        8613165061    810      0     30          43    810
     GPU 0  1.000  0.000  0.000  0.000  0.001  0.000  0.000  0.000              10076551               7324628          38           0       0.000      37.000     148.463        8613165061    810      0     30          43    810
     GPU 0  1.000  0.949  0.752  0.000  0.001  0.000  0.629  0.000               8729733               6674326         100           0       0.000      99.000     148.463        8613165061    810      0     30          43    810
     GPU 0  1.000  0.949  0.752  0.000  0.001  0.000  0.629  0.000               8729733               6674326         100           0       0.000      99.000     148.463        8613165061    810      0     30          43    810
     GPU 0  1.000  0.945  0.746  0.000  0.001  0.000  0.622  0.000               6043387               4879412         100           0       0.000      99.000     148.463        8613180222    810      0     30          43    810
     GPU 0  1.000  0.000  0.000  0.000  0.001  0.000  0.000  0.000               3346740               1161178         100           0       0.000      99.000     149.002        8613180222    810      0     30          44    810
     GPU 0  1.000  0.936  0.747  0.000  0.001  0.000  0.602  0.000              10715538               6576489         100           0       0.000      99.000     149.002        8613180222    810      0     31          44    810
     GPU 0  1.000  0.000  0.000  0.000  0.001  0.000  0.000  0.000               9793422               7292333         100           0       0.000      99.000     149.002        8613180222    810      0     31          44    810
     GPU 0  1.000  0.936  0.744  0.000  0.001  0.000  0.618  0.000              11011508               7419588         100           0       0.000      99.000     149.002        8613180222    810      0     31          43    810
     GPU 0  1.000  0.942  0.758  0.000  0.001  0.000  0.607  0.000              10883929               7476223         100           0       0.000      99.000     149.002        8613180222    810      0     31          44    810
     GPU 0  1.000  0.942  0.758  0.000  0.001  0.000  0.607  0.000              10883929               7476223         100           0       0.000      99.000     149.002        8613195245    810      0     31          44    810
     GPU 0  1.000  0.000  0.000  0.000  0.001  0.000  0.000  0.000              12527994               8249104         100           0       0.000      99.000     149.002        8613195245    810      0     31          44    810

# Entity  GRACT  SMACT  SMOCC  TENSO  DRAMA  FP64A  FP32A  FP16A                 PCITX                 PCIRX       GPUTL       MCUTL       MUSAM       GUSAM       POWER             TOTEC  SACLK  PSTAT  TMPTR       MMTMP  SMCLK
      Id                                                                                                                                                               W                mJ                    C           C       
     GPU 0  1.000  0.950  0.759  0.000  0.001  0.000  0.631  0.000               6272595               4767709         100           0       0.000      99.000     149.002        8613195245    810      0     31          43    810
     GPU 0  1.000  0.940  0.751  0.000  0.001  0.000  0.622  0.000               7235029               4905680         100           0       0.000      99.000     149.002        8613195245    810      0     31          44    810
     GPU 0  1.000  0.000  0.000  0.000  0.001  0.000  0.000  0.000               8472401               6011097         100           0       0.000      99.000     149.002        8613210183    810      0     31          44    810
     GPU 0  1.000  0.949  0.744  0.000  0.001  0.000  0.628  0.000               9366402               7003831         100           0       0.000      99.000     149.292        8613210183    810      0     31          44    810
     GPU 0  1.000  0.949  0.744  0.000  0.001  0.000  0.628  0.000               9366402               7003831         100           0       0.000      99.000     149.292        8613210183    810      0     31          44    810
     GPU 0  1.000  0.947  0.749  0.000  0.001  0.000  0.626  0.000               9538408               7061289         100           0       0.000      99.000     149.292        8613210183    810      0     31          44    810
     GPU 0  1.000  0.000  0.000  0.000  0.001  0.000  0.000  0.000               9719808               6807066         100           0       0.000      99.000     149.292        8613210183    810      0     31          44    810
     GPU 0  1.000  0.945  0.746  0.000  0.001  0.000  0.601  0.000               9100124               6734052         100           0       0.000      99.000     149.292        8613210183    810      0     31          44    810
     GPU 0  1.000  0.948  0.764  0.000  0.001  0.000  0.603  0.000               9809777               7479064         100           0       0.000      99.000     149.002        8613225182    810      0     31          44    810
     GPU 0  1.000  0.000  0.000  0.000  0.001  0.000  0.000  0.000              11272298               6221030         100           0       0.000      99.000     149.002        8613225182    810      0     31          44    810
     GPU 0  1.000  0.000  0.000  0.000  0.001  0.000  0.000  0.000              11272298               6221030         100           0       0.000      99.000     149.002        8613225182    810      0     31          44    810
     GPU 0  1.000  0.950  0.770  0.000  0.001  0.000  0.618  0.000               5734727               4747097         100           0       0.000      99.000     149.002        8613225182    810      0     31          44    810
     GPU 0  1.000  0.903  0.640  0.000  0.001  0.000  0.584  0.000               3390491               1479128         100           0       0.000      99.000     149.002        8613240251    810      0     31          44    810
     GPU 0  1.000  0.000  0.000  0.000  0.001  0.000  0.000  0.000               2046490               1148910         100           0       0.000      99.000     148.705        8613240251    810      0     31          44    810

# Entity  GRACT  SMACT  SMOCC  TENSO  DRAMA  FP64A  FP32A  FP16A                 PCITX                 PCIRX       GPUTL       MCUTL       MUSAM       GUSAM       POWER             TOTEC  SACLK  PSTAT  TMPTR       MMTMP  SMCLK
      Id                                                                                                                                                               W                mJ                    C           C       
     GPU 0  1.000  0.937  0.754  0.000  0.001  0.000  0.620  0.000               2436359               1379979         100           0       0.000      99.000     148.705        8613240251    810      0     31          44    810
     GPU 0  1.000  0.925  0.733  0.000  0.001  0.000  0.608  0.000               4079354               2447152         100           0       0.000      99.000     148.705        8613240251    810      0     31          44    810
     GPU 0  1.000  0.925  0.733  0.000  0.001  0.000  0.608  0.000               4079354               2447152         100           0       0.000      99.000     148.705        8613240251    810      0     31          44    810
     GPU 0  1.000  0.000  0.000  0.000  0.001  0.000  0.000  0.000               6737383               4293410         100           0       0.000      99.000     148.705        8613240251    810      0     31          44    810
     GPU 0  1.000  0.950  0.769  0.000  0.001  0.000  0.630  0.000               7064003               5105000         100           0       0.000      99.000     149.292        8613255325    810      0     31          44    810
     GPU 0  1.000  0.934  0.745  0.000  0.001  0.000  0.618  0.000              12031772               8102580         100           0       0.000      99.000     149.292        8613255325    810      0     32          44    810
     GPU 0  1.000  0.000  0.000  0.000  0.001  0.000  0.000  0.000              11097976               8292456         100           0       0.000      99.000     149.292        8613255325    810      0     32          44    810
     GPU 0  1.000  0.952  0.772  0.000  0.001  0.000  0.632  0.000               6579094               5196975         100           0       0.000      99.000     149.292        8613255325    810      0     32          44    810
     GPU 0  1.000  0.960  0.796  0.000  0.001  0.000  0.643  0.000               4913615               3389209         100           0       0.000      99.000     149.292        8613255325    810      0     32          44    810
     GPU 0  1.000  0.960  0.796  0.000  0.001  0.000  0.643  0.000               4913615               3389209         100           0       0.000      99.000     149.825        8613270424    810      0     32          44    810
     GPU 0  1.000  0.000  0.000  0.000  0.001  0.000  0.000  0.000               8571094               6071036         100           0       0.000      99.000     149.825        8613270424    810      0     32          44    810
     GPU 0  1.000  0.943  0.754  0.000  0.001  0.000  0.598  0.000               9813853               7408915         100           0       0.000      99.000     149.825        8613270424    810      0     32          44    810
     GPU 0  1.000  0.938  0.729  0.000  0.001  0.000  0.592  0.000              10655400               7903920         100           0       0.000      99.000     149.825        8613270424    810      0     32          44    810
     GPU 0  1.000  0.000  0.000  0.000  0.001  0.000  0.000  0.000               9519833               6776412         100           0       0.000      99.000     149.825        8613270424    810      0     32          44    810

# Entity  GRACT  SMACT  SMOCC  TENSO  DRAMA  FP64A  FP32A  FP16A                 PCITX                 PCIRX       GPUTL       MCUTL       MUSAM       GUSAM       POWER             TOTEC  SACLK  PSTAT  TMPTR       MMTMP  SMCLK
      Id                                                                                                                                                               W                mJ                    C           C       
     GPU 0  1.000  0.000  0.000  0.000  0.001  0.000  0.000  0.000               9519833               6776412         100           0       0.000      99.000     149.825        8613285593    810      0     32          44    810
     GPU 0  1.000  0.952  0.776  0.000  0.001  0.000  0.631  0.000               9716802               6753994         100           0       0.000      99.000     148.705        8613285593    810      0     32          44    810
     GPU 0  1.000  0.948  0.763  0.000  0.001  0.000  0.610  0.000              11475300               8264642         100           0       0.000      99.000     148.705        8613285593    810      0     32          44    810
     GPU 0  1.000  0.000  0.000  0.000  0.001  0.000  0.000  0.000               2479765               2189479         100           0       0.000      99.000     148.705        8613285593    810      0     32          44    810
     GPU 0  1.000  0.947  0.776  0.000  0.001  0.000  0.627  0.000               2127945                824994         100           0       0.000      99.000     148.705        8613285593    810      0     32          44    810
     GPU 0  1.000  0.939  0.799  0.000  0.001  0.000  0.626  0.000               4590640               2647723         100           0       0.000      99.000     149.002        8613300559    810      0     32          44    810
     GPU 0  1.000  0.939  0.799  0.000  0.001  0.000  0.626  0.000               4590640               2647723         100           0       0.000      99.000     149.002        8613300559    810      0     32          44    810
     GPU 0  1.000  0.000  0.000  0.000  0.001  0.000  0.000  0.000               6284667               4150420         100           0       0.000      99.000     149.002        8613300559    810      0     32          44    810
     GPU 0  1.000  0.942  0.733  0.000  0.001  0.000  0.619  0.000               9543716               7085763         100           0       0.000      99.000     149.002        8613300559    810      0     32          44    810
     GPU 0  1.000  0.936  0.745  0.000  0.001  0.000  0.618  0.000               5654350               4439400         100           0       0.000      99.000     149.002        8613300559    810      0     32          44    810
     GPU 0  1.000  0.936  0.745  0.000  0.001  0.000  0.618  0.000               5654350               4439400         100           0       0.000      99.000     149.825        8613315676    810      0     32          44    810
     GPU 0  1.000  0.000  0.000  0.000  0.001  0.000  0.000  0.000               8917782               5907334         100           0       0.000      99.000     149.825        8613315676    810      0     32          44    810
     GPU 0  1.000  0.945  0.754  0.000  0.001  0.000  0.625  0.000               3384423               1393013         100           0       0.000      99.000     149.825        8613315676    810      0     32          44    810
     GPU 0  1.000  0.965  0.825  0.000  0.001  0.000  0.648  0.000               2171477                947212         100           0       0.000      99.000     149.825        8613315676    810      0     32          44    810

# Entity  GRACT  SMACT  SMOCC  TENSO  DRAMA  FP64A  FP32A  FP16A                 PCITX                 PCIRX       GPUTL       MCUTL       MUSAM       GUSAM       POWER             TOTEC  SACLK  PSTAT  TMPTR       MMTMP  SMCLK
      Id                                                                                                                                                               W                mJ                    C           C       
     GPU 0  1.000  0.000  0.000  0.000  0.001  0.000  0.000  0.000               4599232               2764510         100           0       0.000      99.000     149.825        8613315676    810      0     32          44    810
     GPU 0  1.000  0.000  0.000  0.000  0.001  0.000  0.000  0.000               4599232               2764510         100           0       0.000      99.000     149.534        8613330806    810      0     32          44    810
     GPU 0  1.000  0.946  0.771  0.000  0.001  0.000  0.629  0.000               5681241               4211636         100           0       0.000      99.000     149.534        8613330806    810      0     32          44    810
     GPU 0  1.000  0.943  0.753  0.000  0.001  0.000  0.624  0.000               7244891               5448040         100           0       0.000      99.000     149.534        8613330806    810      0     32          44    810
     GPU 0  1.000  0.000  0.000  0.000  0.001  0.000  0.000  0.000               7247273               5906730         100           0       0.000      99.000     149.534        8613330806    810      0     32          44    810
     GPU 0  1.000  0.000  0.000  0.000  0.001  0.000  0.000  0.000               7247273               5906730         100           0       0.000      99.000     149.534        8613330806    810      0     32          44    810
     GPU 0  1.000  0.937  0.747  0.000  0.001  0.000  0.619  0.000               6987781               4774515         100           0       0.000      99.000     149.534        8613346179    810      0     32          44    810
     GPU 0  1.000  0.000  0.000  0.000  0.001  0.000  0.000  0.000               1172038                837170         100           0       0.000      99.000     150.066        8613346179    810      0     32          44    810
     GPU 0  1.000  0.942  0.748  0.000  0.001  0.000  0.596  0.000               3423383               1326092         100           0       0.000      99.000     150.066        8613346179    810      0     32          44    810
     GPU 0  1.000  0.950  0.768  0.000  0.001  0.000  0.630  0.000               5468827               3306306         100           0       0.000      99.000     150.066        8613346179    810      0     32          44    810
     GPU 0  1.000  0.000  0.000  0.000  0.001  0.000  0.000  0.000               6453647               4320284         100           0       0.000      99.000     150.066        8613346179    810      0     32          44    810
     GPU 0  1.000  0.000  0.000  0.000  0.001  0.000  0.000  0.000               6453647               4320284         100           0       0.000      99.000     149.002        8613360983    810      0     32          44    810
     GPU 0  1.000  0.944  0.749  0.000  0.001  0.000  0.599  0.000               8744782               6790170         100           0       0.000      99.000     149.002        8613360983    810      0     32          44    810
     GPU 0  1.000  0.949  0.774  0.000  0.001  0.000  0.611  0.000               4014083               3930374         100           0       0.000      99.000     149.002        8613360983    810      0     32          44    810

# Entity  GRACT  SMACT  SMOCC  TENSO  DRAMA  FP64A  FP32A  FP16A                 PCITX                 PCIRX       GPUTL       MCUTL       MUSAM       GUSAM       POWER             TOTEC  SACLK  PSTAT  TMPTR       MMTMP  SMCLK
      Id                                                                                                                                                               W                mJ                    C           C       
     GPU 0  1.000  0.000  0.000  0.000  0.001  0.000  0.000  0.000               9183476               6547010         100           0       0.000      99.000     149.002        8613360983    810      0     32          44    810
     GPU 0  1.000  0.000  0.000  0.000  0.001  0.000  0.000  0.000               9183476               6547010         100           0       0.000      99.000     149.002        8613360983    810      0     32          44    810
     GPU 0  1.000  0.943  0.754  0.000  0.001  0.000  0.624  0.000               5402848               4633301         100           0       0.000      99.000     149.292        8613360983    810      0     32          44    810
     GPU 0  1.000  0.000  0.000  0.000  0.001  0.000  0.000  0.000               1171848                920738         100           0       0.000      99.000     149.292        8613376072    810      0     32          44    810
     GPU 0  1.000  0.944  0.753  0.000  0.001  0.000  0.624  0.000               6549815               4485127         100           0       0.000      99.000     149.292        8613376072    810      0     32          44    810
     GPU 0  1.000  0.949  0.744  0.000  0.001  0.000  0.626  0.000              10524066               7925304         100           0       0.000      99.000     149.292        8613376072    810      0     32          44    810
     GPU 0  1.000  0.000  0.000  0.000  0.001  0.000  0.000  0.000               7668500               5489407         100           0       0.000      99.000     149.292        8613376072    810      0     32          44    810
     GPU 0  1.000  0.000  0.000  0.000  0.001  0.000  0.000  0.000               7668500               5489407         100           0       0.000      99.000     149.534        8613391193    810      0     32          44    810
     GPU 0  1.000  0.942  0.752  0.000  0.001  0.000  0.623  0.000               5835701               4258116         100           0       0.000      99.000     149.534        8613391193    810      0     32          44    810
     GPU 0  1.000  0.904  0.649  0.000  0.001  0.000  0.583  0.000               3338725               1158920         100           0       0.000      99.000     149.534        8613391193    810      0     32          44    810
     GPU 0  1.000  0.000  0.000  0.000  0.001  0.000  0.000  0.000               5726382               3091446         100           0       0.000      99.000     149.534        8613391193    810      0     32          44    810
     GPU 0  1.000  0.946  0.767  0.000  0.001  0.000  0.628  0.000               6779953               4560924         100           0       0.000      99.000     149.534        8613391193    810      0     32          44    810
     GPU 0  1.000  0.946  0.767  0.000  0.001  0.000  0.628  0.000               6779953               4560924         100           0       0.000      99.000     149.534        8613406255    810      0     32          44    810
     GPU 0  1.000  0.941  0.749  0.000  0.001  0.000  0.622  0.000              10846106               7879793         100           0       0.000      99.000     149.534        8613406255    810      0     32          44    810

# Entity  GRACT  SMACT  SMOCC  TENSO  DRAMA  FP64A  FP32A  FP16A                 PCITX                 PCIRX       GPUTL       MCUTL       MUSAM       GUSAM       POWER             TOTEC  SACLK  PSTAT  TMPTR       MMTMP  SMCLK
      Id                                                                                                                                                               W                mJ                    C           C       
     GPU 0  1.000  0.000  0.000  0.000  0.001  0.000  0.000  0.000               9800719               7447616         100           0       0.000      99.000     149.534        8613406255    810      0     32          44    810
     GPU 0  1.000  0.943  0.759  0.000  0.001  0.000  0.626  0.000               8035750               6252879         100           0       0.000      99.000     149.534        8613406255    810      0     32          44    810
     GPU 0  1.000  0.949  0.763  0.000  0.001  0.000  0.628  0.000               6379488               4993305         100           0       0.000      99.000     149.534        8613406255    810      0     32          44    810
     GPU 0  1.000  0.949  0.763  0.000  0.001  0.000  0.628  0.000               6379488               4993305         100           0       0.000      99.000     148.705        8613421347    810      0     32          44    810
     GPU 0  1.000  0.000  0.000  0.000  0.001  0.000  0.000  0.000               8288317               5081803         100           0       0.000      99.000     148.705        8613421347    810      0     32          44    810
     GPU 0  1.000  0.952  0.750  0.000  0.001  0.000  0.628  0.000               4342917               2228650         100           0       0.000      99.000     148.705        8613421347    810      0     32          44    810
     GPU 0  1.000  0.998  0.771  0.000  0.001  0.000  0.671  0.000               4390042               1571962         100           0       0.000      99.000     148.705        8613421347    810      0     32          44    810
     GPU 0  1.000  0.000  0.000  0.000  0.001  0.000  0.000  0.000               7161299               3467339         100           0       0.000      99.000     148.705        8613421347    810      0     32          44    810
     GPU 0  1.000  0.943  0.735  0.000  0.001  0.000  0.620  0.000               4769467               2985843         100           0       0.000      99.000     149.825        8613436472    810      0     32          44    810
     GPU 0  1.000  0.943  0.735  0.000  0.001  0.000  0.620  0.000               4769467               2985843         100           0       0.000      99.000     149.825        8613436472    810      0     32          44    810
     GPU 0  1.000  0.956  0.783  0.000  0.001  0.000  0.635  0.000               6916019               4527130         100           0       0.000      99.000     149.825        8613436472    810      0     32          44    810
     GPU 0  1.000  0.000  0.000  0.000  0.001  0.000  0.000  0.000               8311807               6152097         100           0       0.000      99.000     149.825        8613436472    810      0     32          44    810
     GPU 0  1.000  0.951  0.760  0.000  0.001  0.000  0.628  0.000               6909761               5695251         100           0       0.000      99.000     149.825        8613436472    810      0     32          44    810
     GPU 0  1.000  0.951  0.760  0.000  0.001  0.000  0.628  0.000               6909761               5695251         100           0       0.000      99.000     149.534        8613451584    810      0     32          44    810

# Entity  GRACT  SMACT  SMOCC  TENSO  DRAMA  FP64A  FP32A  FP16A                 PCITX                 PCIRX       GPUTL       MCUTL       MUSAM       GUSAM       POWER             TOTEC  SACLK  PSTAT  TMPTR       MMTMP  SMCLK
      Id                                                                                                                                                               W                mJ                    C           C       
     GPU 0  1.000  0.945  0.747  0.000  0.001  0.000  0.614  0.000               6643750               4576261         100           0       0.000      99.000     149.534        8613451584    810      0     32          44    810
     GPU 0  1.000  0.000  0.000  0.000  0.001  0.000  0.000  0.000               3422076               1200543         100           0       0.000      99.000     149.534        8613451584    810      0     32          44    810
     GPU 0  1.000  0.947  0.765  0.000  0.001  0.000  0.607  0.000               5609843               2785920         100           0       0.000      99.000     149.534        8613451584    810      0     32          44    810
     GPU 0  1.000  0.927  0.682  0.000  0.001  0.000  0.600  0.000               7607085               4609980         100           0       0.000      99.000     149.534        8613451584    810      0     32          44    810
     GPU 0  1.000  0.000  0.000  0.000  0.001  0.000  0.000  0.000               8579162               5145749         100           0       0.000      99.000     150.066        8613451584    810      0     32          44    810
     GPU 0  1.000  0.000  0.000  0.000  0.001  0.000  0.000  0.000               8579162               5145749         100           0       0.000      99.000     150.066        8613466878    810      0     32          44    810
     GPU 0  1.000  0.941  0.734  0.000  0.001  0.000  0.592  0.000               9589906               7141983         100           0       0.000      99.000     150.066        8613466878    810      0     33          44    810
     GPU 0  1.000  0.949  0.748  0.000  0.001  0.000  0.603  0.000               3264572               3222585         100           0       0.000      99.000     150.066        8613466878    810      0     33          44    810
     GPU 0  1.000  0.000  0.000  0.000  0.001  0.000  0.000  0.000               9130181               6895674         100           0       0.000      99.000     150.066        8613466878    810      0     33          44    810
     GPU 0  1.000  0.000  0.000  0.000  0.001  0.000  0.000  0.000               9130181               6895674         100           0       0.000      99.000     149.534        8613481737    810      0     33          44    810
     GPU 0  1.000  0.934  0.741  0.000  0.001  0.000  0.615  0.000               4951554               4451082         100           0       0.000      99.000     149.534        8613481737    810      0     33          44    810
     GPU 0  1.000  1.000  0.841  0.000  0.001  0.000  0.690  0.000               3148359                460056         100           0       0.000      99.000     149.534        8613481737    810      0     33          44    810
     GPU 0  1.000  0.000  0.000  0.000  0.001  0.000  0.000  0.000               3384443               1118228         100           0       0.000      99.000     149.534        8613481737    810      0     33          44    810
     GPU 0  1.000  0.948  0.767  0.000  0.001  0.000  0.628  0.000               6110271               2513635         100           0       0.000      99.000     149.534        8613481737    810      0     33          44    810

# Entity  GRACT  SMACT  SMOCC  TENSO  DRAMA  FP64A  FP32A  FP16A                 PCITX                 PCIRX       GPUTL       MCUTL       MUSAM       GUSAM       POWER             TOTEC  SACLK  PSTAT  TMPTR       MMTMP  SMCLK
      Id                                                                                                                                                               W                mJ                    C           C       
     GPU 0  1.000  0.912  0.678  0.000  0.001  0.000  0.589  0.000               8391184               4444855         100           0       0.000      99.000     149.292        8613481737    810      0     33          44    810
     GPU 0  1.000  0.912  0.678  0.000  0.001  0.000  0.589  0.000               8391184               4444855         100           0       0.000      99.000     149.292        8613496996    810      0     33          44    810
     GPU 0  1.000  0.000  0.000  0.000  0.001  0.000  0.000  0.000               6567185               4364004         100           0       0.000      99.000     149.292        8613496996    810      0     33          44    810
     GPU 0  1.000  0.944  0.734  0.000  0.001  0.000  0.619  0.000               8270543               5638797         100           0       0.000      99.000     149.292        8613496996    810      0     33          44    810
     GPU 0  1.000  0.946  0.758  0.000  0.001  0.000  0.626  0.000               4013824               3930655         100           0       0.000      99.000     149.292        8613496996    810      0     33          44    810
     GPU 0  1.000  0.000  0.000  0.000  0.001  0.000  0.000  0.000               8981297               6482958         100           0       0.000      99.000     149.825        8613511879    810      0     33          44    810
     GPU 0  1.000  0.000  0.000  0.000  0.001  0.000  0.000  0.000               8981297               6482958         100           0       0.000      99.000     149.825        8613511879    810      0     33          44    810
     GPU 0  1.000  0.939  0.747  0.000  0.001  0.000  0.620  0.000               4303099               2855167         100           0       0.000      99.000     149.825        8613511879    810      0     33          44    810
     GPU 0  1.000  0.924  0.677  0.000  0.001  0.000  0.599  0.000               3191317               1368803         100           0       0.000      99.000     149.825        8613511879    810      0     33          44    810
     GPU 0  1.000  0.000  0.000  0.000  0.001  0.000  0.000  0.000               5654368               3097892         100           0       0.000      99.000     149.825        8613511879    810      0     33          44    810
     GPU 0  1.000  0.940  0.751  0.000  0.001  0.000  0.622  0.000               8733213               4133880         100           0       0.000      99.000     149.825        8613511879    810      0     33          44    810
     GPU 0  1.000  0.940  0.751  0.000  0.001  0.000  0.622  0.000               8733213               4133880         100           0       0.000      99.000     149.534        8613527406    810      0     33          44    810
     GPU 0  1.000  0.963  0.770  0.000  0.001  0.000  0.643  0.000               8305109               5189564         100           0       0.000      99.000     149.534        8613527406    810      0     33          44    810
     GPU 0  1.000  0.000  0.000  0.000  0.001  0.000  0.000  0.000               8301583               5924031         100           0       0.000      99.000     149.534        8613527406    810      0     33          44    810

# Entity  GRACT  SMACT  SMOCC  TENSO  DRAMA  FP64A  FP32A  FP16A                 PCITX                 PCIRX       GPUTL       MCUTL       MUSAM       GUSAM       POWER             TOTEC  SACLK  PSTAT  TMPTR       MMTMP  SMCLK
      Id                                                                                                                                                               W                mJ                    C           C       
     GPU 0  1.000  0.940  0.751  0.000  0.001  0.000  0.622  0.000               4143433               3808257         100           0       0.000      99.000     149.534        8613527406    810      0     33          44    810
     GPU 0  1.000  0.940  0.753  0.000  0.001  0.000  0.623  0.000               9314881               6957060         100           0       0.000      99.000     149.292        8613542084    810      0     33          44    810
     GPU 0  1.000  0.940  0.753  0.000  0.001  0.000  0.623  0.000               9314881               6957060         100           0       0.000      99.000     149.292        8613542084    810      0     33          44    810
     GPU 0  1.000  0.000  0.000  0.000  0.001  0.000  0.000  0.000               3686685               2774355         100           0       0.000      99.000     149.292        8613542084    810      0     33          44    810
     GPU 0  1.000  0.947  0.756  0.000  0.001  0.000  0.626  0.000               3341343               1117870         100           0       0.000      99.000     149.292        8613542084    810      0     33          44    810
     GPU 0  1.000  0.903  0.656  0.000  0.001  0.000  0.582  0.000               5647667               2644251         100           0       0.000      99.000     149.292        8613542084    810      0     33          44    810
     GPU 0  1.000  0.903  0.656  0.000  0.001  0.000  0.582  0.000               5647667               2644251         100           0       0.000      99.000     149.825        8613542084    810      0     33          44    810
     GPU 0  1.000  0.000  0.000  0.000  0.001  0.000  0.000  0.000               8160947               5214869         100           0       0.000      99.000     149.825        8613557664    810      0     33          44    810
     GPU 0  1.000  0.000  0.000  0.000  0.001  0.000  0.000  0.000               8160947               5214869         100           0       0.000      99.000     149.825        8613557664    810      0     33          44    810
     GPU 0  1.000  0.942  0.746  0.000  0.001  0.000  0.598  0.000               5398495               4455822         100           0       0.000      99.000     149.825        8613557664    810      0     33          44    810
     GPU 0  1.000  0.942  0.743  0.000  0.001  0.000  0.616  0.000               8625440               6488587         100           0       0.000      99.000     149.825        8613557664    810      0     33          44    810
     GPU 0  1.000  0.000  0.000  0.000  0.001  0.000  0.000  0.000               9508080               7039772         100           0       0.000      99.000     149.825        8613557664    810      0     33          44    810
     GPU 0  1.000  0.943  0.759  0.000  0.001  0.000  0.623  0.000               1172437               1088691         100           0       0.000      99.000     149.534        8613572613    810      0     33          44    810
     GPU 0  1.000  0.000  0.000  0.000  0.001  0.000  0.000  0.000               9053815               6502245         100           0       0.000      99.000     149.534        8613572613    810      0     33          44    810

# Entity  GRACT  SMACT  SMOCC  TENSO  DRAMA  FP64A  FP32A  FP16A                 PCITX                 PCIRX       GPUTL       MCUTL       MUSAM       GUSAM       POWER             TOTEC  SACLK  PSTAT  TMPTR       MMTMP  SMCLK
      Id                                                                                                                                                               W                mJ                    C           C       
     GPU 0  1.000  0.000  0.000  0.000  0.001  0.000  0.000  0.000               9053815               6502245         100           0       0.000      99.000     149.534        8613572613    810      0     33          44    810
     GPU 0  1.000  0.945  0.756  0.000  0.001  0.000  0.626  0.000               2767652               2227808         100           0       0.000      99.000     149.534        8613572613    810      0     33          44    810
     GPU 0  1.000  0.949  0.760  0.000  0.001  0.000  0.628  0.000               6275415               5020139         100           0       0.000      99.000     149.534        8613587427    810      0     33          44    810
     GPU 0  1.000  0.000  0.000  0.000  0.001  0.000  0.000  0.000               8972338               5718684         100           0       0.000      99.000     149.534        8613587427    810      0     33          44    810
     GPU 0  1.000  0.942  0.752  0.000  0.001  0.000  0.624  0.000               4807786               3068471         100           0       0.000      99.000     149.534        8613587427    810      0     33          44    810
     GPU 0  1.000  0.931  0.724  0.000  0.001  0.000  0.612  0.000               7077538               4986804         100           0       0.000      99.000     149.534        8613587427    810      0     33          44    810
     GPU 0  1.000  0.931  0.724  0.000  0.001  0.000  0.612  0.000               7077538               4986804         100           0       0.000      99.000     149.534        8613587427    810      0     33          44    810
     GPU 0  1.000  0.000  0.000  0.000  0.001  0.000  0.000  0.000               8405255               5828725         100           0       0.000      99.000     149.292        8613602604    810      0     33          44    810
     GPU 0  1.000  0.933  0.744  0.000  0.001  0.000  0.614  0.000               9725894               7240454         100           0       0.000      99.000     149.292        8613602604    810      0     33          44    810
     GPU 0  1.000  0.947  0.764  0.000  0.001  0.000  0.627  0.000               6346626               4464796         100           0       0.000      99.000     149.292        8613602604    810      0     33          44    810
     GPU 0  1.000  0.000  0.000  0.000  0.001  0.000  0.000  0.000               9753629               7392552         100           0       0.000      99.000     149.292        8613602604    810      0     33          44    810
     GPU 0  1.000  0.000  0.000  0.000  0.001  0.000  0.000  0.000               9753629               7392552         100           0       0.000      99.000     149.292        8613602604    810      0     33          44    810
     GPU 0  1.000  0.945  0.752  0.000  0.001  0.000  0.625  0.000               9529261               7238124         100           0       0.000      99.000     149.002        8613602604    810      0     33          44    810
     GPU 0  1.000  0.943  0.763  0.000  0.001  0.000  0.626  0.000               9914714               6774579         100           0       0.000      99.000     149.002        8613617723    810      0     33          44    810

# Entity  GRACT  SMACT  SMOCC  TENSO  DRAMA  FP64A  FP32A  FP16A                 PCITX                 PCIRX       GPUTL       MCUTL       MUSAM       GUSAM       POWER             TOTEC  SACLK  PSTAT  TMPTR       MMTMP  SMCLK
      Id                                                                                                                                                               W                mJ                    C           C       
     GPU 0  1.000  0.000  0.000  0.000  0.001  0.000  0.000  0.000               6288817               5114850         100           0       0.000      99.000     149.002        8613617723    810      0     33          44    810
     GPU 0  1.000  0.000  0.000  0.000  0.001  0.000  0.000  0.000               6288817               5114850         100           0       0.000      99.000     149.002        8613617723    810      0     33          44    810
     GPU 0  1.000  0.939  0.727  0.000  0.001  0.000  0.615  0.000               8168501               5696781         100           0       0.000      99.000     149.002        8613617723    810      0     33          44    810
     GPU 0  1.000  0.936  0.732  0.000  0.001  0.000  0.612  0.000               5816968               4361449         100           0       0.000      99.000     149.825        8613632856    810      0     33          44    810
     GPU 0  1.000  0.000  0.000  0.000  0.001  0.000  0.000  0.000               7355152               5657788         100           0       0.000      99.000     149.825        8613632856    810      0     33          44    810
     GPU 0  1.000  0.000  0.000  0.000  0.001  0.000  0.000  0.000               7355152               5657788         100           0       0.000      99.000     149.825        8613632856    810      0     33          44    810
     GPU 0  1.000  0.944  0.748  0.000  0.001  0.000  0.596  0.000               6556670               4755546         100           0       0.000      99.000     149.825        8613632856    810      0     33          44    810
     GPU 0  1.000  0.941  0.751  0.000  0.001  0.000  0.595  0.000               9374101               7259128         100           0       0.000      99.000     149.825        8613632856    810      0     33          44    810
     GPU 0  1.000  0.000  0.000  0.000  0.001  0.000  0.000  0.000               9515116               7151570         100           0       0.000      99.000     149.825        8613632856    810      0     33          44    810
     GPU 0  1.000  0.946  0.750  0.000  0.001  0.000  0.598  0.000               1254239               1254239         100           0       0.000      99.000     149.534        8613648209    810      0     33          44    810
     GPU 0  1.000  0.000  0.000  0.000  0.001  0.000  0.000  0.000               7256497               5186296         100           0       0.000      99.000     149.534        8613648209    810      0     33          44    810
     GPU 0  1.000  0.940  0.751  0.000  0.001  0.000  0.622  0.000               4689620               4379986         100           0       0.000      99.000     149.534        8613648209    810      0     33          44    810
     GPU 0  1.000  0.940  0.751  0.000  0.001  0.000  0.622  0.000               4689620               4379986         100           0       0.000      99.000     149.534        8613648209    810      0     33          44    810
     GPU 0  1.000  0.988  0.746  0.000  0.001  0.000  0.657  0.000               3272687                651176         100           0       0.000      99.000     149.825        8613663092    810      0     33          44    810

# Entity  GRACT  SMACT  SMOCC  TENSO  DRAMA  FP64A  FP32A  FP16A                 PCITX                 PCIRX       GPUTL       MCUTL       MUSAM       GUSAM       POWER             TOTEC  SACLK  PSTAT  TMPTR       MMTMP  SMCLK
      Id                                                                                                                                                               W                mJ                    C           C       
     GPU 0  1.000  0.000  0.000  0.000  0.001  0.000  0.000  0.000               3257672               1873487         100           0       0.000      99.000     149.825        8613663092    810      0     33          44    810
     GPU 0  1.000  0.949  0.763  0.000  0.001  0.000  0.628  0.000               4663136               2928789         100           0       0.000      99.000     149.825        8613663092    810      0     33          44    810
     GPU 0  1.000  0.943  0.754  0.000  0.001  0.000  0.624  0.000               8068564               5606416         100           0       0.000      99.000     149.825        8613663092    810      0     33          44    810
     GPU 0  1.000  0.943  0.754  0.000  0.001  0.000  0.624  0.000               8068564               5606416         100           0       0.000      99.000     149.825        8613663092    810      0     33          44    810
     GPU 0  1.000  0.000  0.000  0.000  0.001  0.000  0.000  0.000               7501792               6118812         100           0       0.000      99.000     149.825        8613663092    810      0     33          44    810
     GPU 0  1.000  0.944  0.755  0.000  0.001  0.000  0.624  0.000               9185680               5807547         100           0       0.000      99.000     149.292        8613678493    810      0     33          44    810
     GPU 0  1.000  0.919  0.653  0.000  0.001  0.000  0.595  0.000               6266915               2896785         100           0       0.000      99.000     149.292        8613678493    810      0     33          44    810
     GPU 0  1.000  0.919  0.653  0.000  0.001  0.000  0.595  0.000               6266915               2896785         100           0       0.000      99.000     149.292        8613678493    810      0     33          44    810
     GPU 0  1.000  0.000  0.000  0.000  0.001  0.000  0.000  0.000               4373495               2749860         100           0       0.000      99.000     149.292        8613678493    810      0     33          45    810
     GPU 0  1.000  0.954  0.778  0.000  0.001  0.000  0.634  0.000               6806726               4584159         100           0       0.000      99.000     148.463        8613693337    810      0     33          44    810
     GPU 0  1.000  0.941  0.750  0.000  0.001  0.000  0.622  0.000               8916091               6563827         100           0       0.000      99.000     148.463        8613693337    810      0     33          44    810
     GPU 0  1.000  0.000  0.000  0.000  0.001  0.000  0.000  0.000               7333375               6034320         100           0       0.000      99.000     148.463        8613693337    810      0     33          44    810
     GPU 0  1.000  0.000  0.000  0.000  0.001  0.000  0.000  0.000               7333375               6034320         100           0       0.000      99.000     148.463        8613693337    810      0     33          44    810
     GPU 0  1.000  0.939  0.749  0.000  0.001  0.000  0.621  0.000               6638327               4521705         100           0       0.000      99.000     148.463        8613693337    810      0     33          44    810

# Entity  GRACT  SMACT  SMOCC  TENSO  DRAMA  FP64A  FP32A  FP16A                 PCITX                 PCIRX       GPUTL       MCUTL       MUSAM       GUSAM       POWER             TOTEC  SACLK  PSTAT  TMPTR       MMTMP  SMCLK
      Id                                                                                                                                                               W                mJ                    C           C       
     GPU 0  1.000  0.944  0.760  0.000  0.001  0.000  0.625  0.000               5112369               3977852         100           0       0.000      99.000     148.463        8613708720    810      0     33          44    810
     GPU 0  1.000  0.000  0.000  0.000  0.001  0.000  0.000  0.000               1255972               1004777         100           0       0.000      99.000     149.534        8613708720    810      0     33          44    810
     GPU 0  1.000  0.924  0.661  0.000  0.001  0.000  0.598  0.000               3339976               1117453         100           0       0.000      99.000     149.534        8613708720    810      0     33          44    810
     GPU 0  1.000  0.924  0.661  0.000  0.001  0.000  0.598  0.000               3339976               1117453         100           0       0.000      99.000     149.534        8613708720    810      0     33          44    810
     GPU 0  1.000  0.000  0.000  0.000  0.001  0.000  0.000  0.000               4528421               2411275         100           0       0.000      99.000     149.534        8613708720    810      0     33          45    810
     GPU 0  1.000  0.951  0.756  0.000  0.001  0.000  0.630  0.000               6010908               4005197         100           0       0.000      99.000     149.825        8613723549    810      0     33          45    810
     GPU 0  1.000  0.952  0.768  0.000  0.001  0.000  0.631  0.000               8197571               5571302         100           0       0.000      99.000     149.825        8613723549    810      0     33          45    810
     GPU 0  1.000  0.952  0.768  0.000  0.001  0.000  0.631  0.000               8197571               5571302         100           0       0.000      99.000     149.825        8613723549    810      0     33          45    810
     GPU 0  1.000  0.000  0.000  0.000  0.001  0.000  0.000  0.000               4135535               3800845         100           0       0.000      99.000     149.825        8613723549    810      0     33          44    810
     GPU 0  1.000  0.937  0.748  0.000  0.001  0.000  0.620  0.000               7497615               5905994         100           0       0.000      99.000     149.825        8613723549    810      0     33          45    810
     GPU 0  1.000  0.933  0.670  0.000  0.001  0.000  0.604  0.000               5959274               4063037         100           0       0.000      99.000     149.825        8613723549    810      0     33          44    810
     GPU 0  1.000  0.000  0.000  0.000  0.001  0.000  0.000  0.000               1087951                836885         100           0       0.000      99.000     149.292        8613738973    810      0     33          44    810
     GPU 0  1.000  0.930  0.820  0.000  0.001  0.000  0.608  0.000               3379109               1075333         100           0       0.000      99.000     149.292        8613738973    810      0     33          44    810
     GPU 0  1.000  0.930  0.820  0.000  0.001  0.000  0.608  0.000               3379109               1075333         100           0       0.000      99.000     149.292        8613738973    810      0     33          45    810

# Entity  GRACT  SMACT  SMOCC  TENSO  DRAMA  FP64A  FP32A  FP16A                 PCITX                 PCIRX       GPUTL       MCUTL       MUSAM       GUSAM       POWER             TOTEC  SACLK  PSTAT  TMPTR       MMTMP  SMCLK
      Id                                                                                                                                                               W                mJ                    C           C       
     GPU 0  1.000  0.000  0.000  0.000  0.001  0.000  0.000  0.000               4586746               2783811         100           0       0.000      99.000     149.292        8613738973    810      0     33          44    810
     GPU 0  1.000  0.940  0.744  0.000  0.001  0.000  0.621  0.000               6120230               4118965         100           0       0.000      99.000     148.705        8613753779    810      0     33          44    810
     GPU 0  1.000  0.940  0.747  0.000  0.001  0.000  0.621  0.000               8596096               6083661         100           0       0.000      99.000     148.705        8613753779    810      0     33          44    810
     GPU 0  1.000  0.940  0.747  0.000  0.001  0.000  0.621  0.000               8596096               6083661         100           0       0.000      99.000     148.705        8613753779    810      0     33          44    810
     GPU 0  1.000  0.000  0.000  0.000  0.001  0.000  0.000  0.000               3180771               3013174         100           0       0.000      99.000     148.705        8613753779    810      0     33          44    810
     GPU 0  1.000  0.941  0.732  0.000  0.001  0.000  0.593  0.000               5614646               4700092         100           0       0.000      99.000     148.705        8613753779    810      0     33          44    810
     GPU 0  1.000  0.937  0.706  0.000  0.001  0.000  0.612  0.000               3331999               1115532         100           0       0.000      99.000     148.705        8613753779    810      0     33          44    810
     GPU 0  1.000  0.000  0.000  0.000  0.001  0.000  0.000  0.000               8322014               5148872         100           0       0.000      99.000     149.292        8613769133    810      0     33          44    810
     GPU 0  1.000  0.939  0.877  0.000  0.001  0.000  0.639  0.000               6832919               3309710         100           0       0.000      99.000     149.292        8613769133    810      0     33          44    810
     GPU 0  1.000  0.939  0.877  0.000  0.001  0.000  0.639  0.000               6832919               3309710         100           0       0.000      99.000     149.292        8613769133    810      0     33          45    810
     GPU 0  1.000  0.000  0.000  0.000  0.001  0.000  0.000  0.000               4355120               2773020         100           0       0.000      99.000     149.292        8613769133    810      0     33          45    810
     GPU 0  1.000  0.947  0.738  0.000  0.001  0.000  0.625  0.000               6648133               4377812         100           0       0.000      99.000     149.002        8613784030    810      0     33          44    810
     GPU 0  1.000  0.945  0.756  0.000  0.001  0.000  0.625  0.000               9473459               7108752         100           0       0.000      99.000     149.002        8613784030    810      0     33          45    810
     GPU 0  1.000  0.945  0.756  0.000  0.001  0.000  0.625  0.000               9473459               7108752         100           0       0.000      99.000     149.002        8613784030    810      0     33          45    810

# Entity  GRACT  SMACT  SMOCC  TENSO  DRAMA  FP64A  FP32A  FP16A                 PCITX                 PCIRX       GPUTL       MCUTL       MUSAM       GUSAM       POWER             TOTEC  SACLK  PSTAT  TMPTR       MMTMP  SMCLK
      Id                                                                                                                                                               W                mJ                    C           C       
     GPU 0  1.000  0.000  0.000  0.000  0.001  0.000  0.000  0.000               7380922               6045595         100           0       0.000      99.000     149.002        8613784030    810      0     33          45    810
     GPU 0  1.000  0.945  0.757  0.000  0.001  0.000  0.626  0.000               6788764               4537160         100           0       0.000      99.000     149.002        8613784030    810      0     33          45    810
     GPU 0  1.000  0.938  0.775  0.000  0.001  0.000  0.621  0.000               6617856               5081219         100           0       0.000      99.000     149.002        8613784030    810      0     33          45    810
     GPU 0  1.000  0.000  0.000  0.000  0.001  0.000  0.000  0.000               1088150                837038         100           0       0.000      99.000     150.066        8613799423    810      0     33          44    810
     GPU 0  1.000  0.921  0.789  0.000  0.001  0.000  0.600  0.000               3381591               1117590         100           0       0.000      99.000     150.066        8613799423    810      0     33          45    810
     GPU 0  1.000  0.921  0.789  0.000  0.001  0.000  0.600  0.000               3381591               1117590         100           0       0.000      99.000     150.066        8613799423    810      0     33          45    810
     GPU 0  1.000  0.000  0.000  0.000  0.001  0.000  0.000  0.000               3274140                693325         100           0       0.000      99.000     150.066        8613799423    810      0     33          44    810
     GPU 0  0.500  0.939  0.735  0.000  0.000  0.000  0.617  0.000            3248134740               4602500         100           0       0.000      99.000     117.702        8613813839    810      0     33          44    810
     GPU 0  0.000  0.000  0.000  0.000  0.000  0.000  0.000  0.000               8965694               5649577         100           0       0.000      99.000     117.702        8613813839    810      0     32          44    810
     GPU 0  0.000  0.000  0.000  0.000  0.000  0.000  0.000  0.000               7940676               4812461         100           0       0.000      99.000     117.702        8613813839    810      0     32          44    810
     GPU 0  0.000  0.000  0.000  0.000  0.000  0.000  0.000  0.000               8873720               5183890         100           0       0.000      99.000     117.702        8613813839    810      0     31          44    810
     GPU 0  0.000  0.000  0.000  0.000  0.000  0.000  0.000  0.000               8319607               4931982         100           0       0.000      99.000     117.702        8613813839    810      0     31          45    810
     GPU 0  0.000  0.000  0.000  0.000  0.000  0.000  0.000  0.000               8141001               4855155         100           0       0.000      99.000     117.702        8613813839    810      0     31          45    810
     GPU 0  0.000  0.000  0.000  0.000  0.000  0.000  0.000  0.000               8141001               4855155         100           0       0.000      99.000      84.867        8613822875    810      0     31          44    810

# Entity  GRACT  SMACT  SMOCC  TENSO  DRAMA  FP64A  FP32A  FP16A                 PCITX                 PCIRX       GPUTL       MCUTL       MUSAM       GUSAM       POWER             TOTEC  SACLK  PSTAT  TMPTR       MMTMP  SMCLK
      Id                                                                                                                                                               W                mJ                    C           C       
     GPU 0  0.000  0.000  0.000  0.000  0.000  0.000  0.000  0.000              10345588               5502089         100           0       0.000      99.000      84.867        8613822875    810      0     30          44    810
     GPU 0  0.000  0.000  0.000  0.000  0.000  0.000  0.000  0.000               6084788               4086347          25           0       0.000      24.000      84.867        8613822875    810      0     30          44    810
     GPU 0  0.000  0.000  0.000  0.000  0.000  0.000  0.000  0.000               8910515               5798983          25           0       0.000      24.000      84.867        8613822875    810      0     30          45    810
     GPU 0  0.000  0.000  0.000  0.000  0.000  0.000  0.000  0.000               8497952               5619303          25           0       0.000      24.000      84.625        8613831299    810      0     30          44    810
     GPU 0  0.000  0.000  0.000  0.000  0.000  0.000  0.000  0.000               9749463               6450931          25           0       0.000      24.000      84.625        8613831299    810      0     30          44    810
     GPU 0  0.000  0.000  0.000  0.000  0.000  0.000  0.000  0.000               9749463               6450931          25           0       0.000      24.000      84.625        8613831299    810      0     30          44    810
     GPU 0  0.000  0.000  0.000  0.000  0.000  0.000  0.000  0.000              10177929               6581224          25           0       0.000      24.000      84.625        8613831299    810      0     30          44    810
     GPU 0  0.000  0.000  0.000  0.000  0.000  0.000  0.000  0.000               9669197               6391651          25           0       0.000      24.000      84.625        8613831299    810      0     30          44    810
     GPU 0  0.000  0.000  0.000  0.000  0.000  0.000  0.000  0.000               9713213               6539020          25           0       0.000      24.000      84.625        8613839877    810      0     30          44    810
     GPU 0  0.000  0.000  0.000  0.000  0.000  0.000  0.000  0.000               9915423               5257499          25           0       0.000      24.000      84.625        8613839877    810      0     29          44    810
     GPU 0  0.000  0.000  0.000  0.000  0.000  0.000  0.000  0.000               4900441               2895408          25           0       0.000      24.000      84.625        8613839877    810      0     29          44    810
     GPU 0  0.000  0.000  0.000  0.000  0.000  0.000  0.000  0.000               4900441               2895408           0           0       0.000       0.000      84.625        8613839877    810      0     29          44    810
     GPU 0  0.000  0.000  0.000  0.000  0.000  0.000  0.000  0.000               6986828               3589172           0           0       0.000       0.000      84.625        8613839877    810      0     29          44    810
     GPU 0  0.000  0.000  0.000  0.000  0.000  0.000  0.000  0.000               9070035               5808512           0           0       0.000       0.000      84.625        8613848396    810      0     29          44    810

# Entity  GRACT  SMACT  SMOCC  TENSO  DRAMA  FP64A  FP32A  FP16A                 PCITX                 PCIRX       GPUTL       MCUTL       MUSAM       GUSAM       POWER             TOTEC  SACLK  PSTAT  TMPTR       MMTMP  SMCLK
      Id                                                                                                                                                               W                mJ                    C           C       
     GPU 0  0.000  0.000  0.000  0.000  0.000  0.000  0.000  0.000               9285998               6281709           0           0       0.000       0.000      84.625        8613848396    810      0     29          44    810
     GPU 0  0.000  0.000  0.000  0.000  0.000  0.000  0.000  0.000               6156019               4081042           0           0       0.000       0.000      84.625        8613848396    810      0     29          44    810
     GPU 0  0.000  0.000  0.000  0.000  0.000  0.000  0.000  0.000               6633740               4432064           0           0       0.000       0.000      84.625        8613848396    810      0     29          44    810
     GPU 0  0.000  0.000  0.000  0.000  0.000  0.000  0.000  0.000               8368557               5649186           0           0       0.000       0.000      84.625        8613848396    810      0     29          44    810
     GPU 0  0.000  0.000  0.000  0.000  0.000  0.000  0.000  0.000               8104197               5463652           0           0       0.000       0.000      84.625        8613856951    810      0     29          44    810
     GPU 0  0.000  0.000  0.000  0.000  0.000  0.000  0.000  0.000               8104197               5463652           0           0       0.000       0.000      84.327        8613856951    810      0     29          44    810
     GPU 0  0.000  0.000  0.000  0.000  0.000  0.000  0.000  0.000               8104197               5463652           0           0       0.000       0.000      84.327        8613856951    810      0     29          44    810
     GPU 0  0.003  0.000  0.000  0.000  0.000  0.000  0.000  0.000              10930052               9662440           0           0       0.000       0.000      84.327        8613856951    810      0     29          44    810
     GPU 0  0.003  0.000  0.000  0.000  0.000  0.000  0.000  0.000              10930052               9662440           0           0       0.000       0.000      84.327        8613856951    810      0     29          44    810
     GPU 0  0.003  0.000  0.000  0.000  0.000  0.000  0.000  0.000              10930052               9662440           0           0       0.000       0.000      85.158        8613856951    810      0     29          44    810
     GPU 0  0.000  0.000  0.000  0.000  0.000  0.000  0.000  0.000               8544563              10299250           0           0       0.000       0.000      85.158        8613865587    810      0     29          44    810
     GPU 0  0.000  0.000  0.000  0.000  0.000  0.000  0.000  0.000              12569611              13610881           0           0       0.000       0.000      85.158        8613865587    810      0     29          44    810
     GPU 0  0.000  0.000  0.000  0.000  0.000  0.000  0.000  0.000               1114676                866970           0           0       0.000       0.000      85.158        8613865587    810      0     29          44    810
     GPU 0  0.000  0.000  0.000  0.000  0.000  0.000  0.000  0.000               1891350               3453769           0           0       0.000       0.000      85.158        8613865587    810      0     29          44    810

# Entity  GRACT  SMACT  SMOCC  TENSO  DRAMA  FP64A  FP32A  FP16A                 PCITX                 PCIRX       GPUTL       MCUTL       MUSAM       GUSAM       POWER             TOTEC  SACLK  PSTAT  TMPTR       MMTMP  SMCLK
      Id                                                                                                                                                               W                mJ                    C           C       
     GPU 0  0.000  0.000  0.000  0.000  0.000  0.000  0.000  0.000               1891350               3453769           0           0       0.000       0.000      84.327        8613865587    810      0     29          44    810
     GPU 0  0.000  0.000  0.000  0.000  0.000  0.000  0.000  0.000              11115810               7289833           0           0       0.000       0.000      84.327        8613874075    810      0     29          44    810
     GPU 0  0.000  0.000  0.000  0.000  0.000  0.000  0.000  0.000               2236881               4888000           0           0       0.000       0.000      84.327        8613874075    810      0     29          44    810
     GPU 0  0.000  0.000  0.000  0.000  0.000  0.000  0.000  0.000               8173536               5032271          10           0       0.000       0.000      84.327        8613874075    810      0     29          44    810
     GPU 0  0.000  0.000  0.000  0.000  0.000  0.000  0.000  0.000               8173536               5032271          10           0       0.000       0.000      84.327        8613874075    810      0     29          44    810
     GPU 0  0.000  0.000  0.000  0.000  0.000  0.000  0.000  0.000               9664277               6496442          10           0       0.000       0.000      84.327        8613882505    810      0     29          44    810
     GPU 0  0.000  0.000  0.000  0.000  0.000  0.000  0.000  0.000               8463967               5711694          10           0       0.000       0.000      84.327        8613882505    810      0     29          44    810
     GPU 0  0.000  0.000  0.000  0.000  0.000  0.000  0.000  0.000               5587232               3105823          10           0       0.000       0.000      84.327        8613882505    810      0     29          44    810
     GPU 0  0.000  0.000  0.000  0.000  0.000  0.000  0.000  0.000               8185175               4850081          10           0       0.000       0.000      84.327        8613882505    810      0     29          44    810
     GPU 0  0.000  0.000  0.000  0.000  0.000  0.000  0.000  0.000              10886727               7311174          10           0       0.000       0.000      84.327        8613882505    810      0     29          44    810
     GPU 0  0.000  0.000  0.000  0.000  0.000  0.000  0.000  0.000              12414791               7884469          10           0       0.000       0.000      84.327        8613891017    810      0     29          44    810
     GPU 0  0.000  0.000  0.000  0.000  0.000  0.000  0.000  0.000               8172180               4987980          10           0       0.000       0.000      84.327        8613891017    810      0     29          44    810
     GPU 0  0.000  0.000  0.000  0.000  0.000  0.000  0.000  0.000               8172180               4987980          10           0       0.000       0.000      84.327        8613891017    810      0     29          44    810
     GPU 0  0.000  0.000  0.000  0.000  0.000  0.000  0.000  0.000               9901126               6155995           0           0       0.000       0.000      84.327        8613891017    810      0     29          44    810

# Entity  GRACT  SMACT  SMOCC  TENSO  DRAMA  FP64A  FP32A  FP16A                 PCITX                 PCIRX       GPUTL       MCUTL       MUSAM       GUSAM       POWER             TOTEC  SACLK  PSTAT  TMPTR       MMTMP  SMCLK
      Id                                                                                                                                                               W                mJ                    C           C       
     GPU 0  0.000  0.000  0.000  0.000  0.000  0.000  0.000  0.000               7036032               5025778           0           0       0.000       0.000      84.327        8613891017    810      0     29          44    810
     GPU 0  0.000  0.000  0.000  0.000  0.000  0.000  0.000  0.000               4199115               3156301           0           0       0.000       0.000      84.327        8613899518    810      0     28          44    810
     GPU 0  0.000  0.000  0.000  0.000  0.000  0.000  0.000  0.000                921104                     0           0           0       0.000       0.000      84.327        8613899518    810      0     28          44    810
     GPU 0  0.000  0.000  0.000  0.000  0.000  0.000  0.000  0.000               4827610               3254311           0           0       0.000       0.000      84.327        8613899518    810      0     28          44    810
     GPU 0  0.000  0.000  0.000  0.000  0.000  0.000  0.000  0.000               3026869                275169           0           0       0.000       0.000      84.327        8613899518    810      0     28          44    810
     GPU 0  0.000  0.000  0.000  0.000  0.000  0.000  0.000  0.000               5684647               2006279           0           0       0.000       0.000      84.327        8613899518    810      0     28          44    810
     GPU 0  0.000  0.000  0.000  0.000  0.000  0.000  0.000  0.000               5684647               2006279           0           0       0.000       0.000      84.327        8613899518    810      0     28          44    810
     GPU 0  0.000  0.000  0.000  0.000  0.000  0.000  0.000  0.000               6333477               2901701           0           0       0.000       0.000      84.327        8613908185    810      0     28          44    810
     GPU 0  0.000  0.000  0.000  0.000  0.000  0.000  0.000  0.000               6554196               3666745           0           0       0.000       0.000      84.327        8613908185    810      0     28          44    810
     GPU 0  0.000  0.000  0.000  0.000  0.000  0.000  0.000  0.000               9025819               6031829           0           0       0.000       0.000      84.327        8613908185    810      0     28          44    810
     GPU 0  0.000  0.000  0.000  0.000  0.000  0.000  0.000  0.000               8874404               6012307           0           0       0.000       0.000      84.327        8613908185    810      0     28          44    810
     GPU 0  0.000  0.000  0.000  0.000  0.000  0.000  0.000  0.000               8874404               6012307           0           0       0.000       0.000      84.327        8613916543    810      0     28          44    810
     GPU 0  0.000  0.000  0.000  0.000  0.000  0.000  0.000  0.000               3797721               3044601           0           0       0.000       0.000      84.327        8613916543    810      0     28          44    810
     GPU 0  0.000  0.000  0.000  0.000  0.000  0.000  0.000  0.000               9233448               6191637           0           0       0.000       0.000      84.327        8613916543    810      0     28          44    810

# Entity  GRACT  SMACT  SMOCC  TENSO  DRAMA  FP64A  FP32A  FP16A                 PCITX                 PCIRX       GPUTL       MCUTL       MUSAM       GUSAM       POWER             TOTEC  SACLK  PSTAT  TMPTR       MMTMP  SMCLK
      Id                                                                                                                                                               W                mJ                    C           C       
     GPU 0  0.000  0.000  0.000  0.000  0.000  0.000  0.000  0.000               9681292               6315063           0           0       0.000       0.000      84.327        8613916543    810      0     28          44    810
     GPU 0  0.000  0.000  0.000  0.000  0.000  0.000  0.000  0.000               3371220               1819063           0           0       0.000       0.000      84.327        8613916543    810      0     28          44    810
     GPU 0  0.000  0.000  0.000  0.000  0.000  0.000  0.000  0.000                921138                 83739           0           0       0.000       0.000      84.327        8613916543    810      0     28          44    810
     GPU 0  0.000  0.000  0.000  0.000  0.000  0.000  0.000  0.000               3260105                275167           0           0       0.000       0.000      84.327        8613925156    810      0     28          44    810
     GPU 0  0.000  0.000  0.000  0.000  0.000  0.000  0.000  0.000               3260105                275167           0           0       0.000       0.000      84.327        8613925156    810      0     28          44    810
     GPU 0  0.000  0.000  0.000  0.000  0.000  0.000  0.000  0.000               5372655               2470173           0           0       0.000       0.000      84.327        8613925156    810      0     28          44    810
     GPU 0  0.000  0.000  0.000  0.000  0.000  0.000  0.000  0.000               9093369               5303151           0           0       0.000       0.000      84.327        8613925156    810      0     28          44    810
     GPU 0  0.000  0.000  0.000  0.000  0.000  0.000  0.000  0.000              11425874               7406574           0           0       0.000       0.000      84.327        8613933738    810      0     28          44    810
     GPU 0  0.000  0.000  0.000  0.000  0.000  0.000  0.000  0.000               5793334               4012619           0           0       0.000       0.000      84.327        8613933738    810      0     28          44    810
     GPU 0  0.000  0.000  0.000  0.000  0.000  0.000  0.000  0.000               5793334               4012619           0           0       0.000       0.000      84.327        8613933738    810      0     28          44    810
     GPU 0  0.000  0.000  0.000  0.000  0.000  0.000  0.000  0.000               5907457               4147595           0           0       0.000       0.000      84.327        8613933738    810      0     28          44    810
     GPU 0  0.000  0.000  0.000  0.000  0.000  0.000  0.000  0.000               6773794               4295460           0           0       0.000       0.000      84.327        8613933738    810      0     28          44    810
     GPU 0  0.000  0.000  0.000  0.000  0.000  0.000  0.000  0.000               7814244               4507175           0           0       0.000       0.000      84.327        8613933738    810      0     28          44    810
     GPU 0  0.000  0.000  0.000  0.000  0.000  0.000  0.000  0.000               3359936                442337           0           0       0.000       0.000      84.327        8613942386    810      0     28          44    810

# Entity  GRACT  SMACT  SMOCC  TENSO  DRAMA  FP64A  FP32A  FP16A                 PCITX                 PCIRX       GPUTL       MCUTL       MUSAM       GUSAM       POWER             TOTEC  SACLK  PSTAT  TMPTR       MMTMP  SMCLK
      Id                                                                                                                                                               W                mJ                    C           C       
     GPU 0  0.000  0.000  0.000  0.000  0.000  0.000  0.000  0.000               3359936                442337           0           0       0.000       0.000      84.327        8613942386    810      0     28          44    810
     GPU 0  0.000  0.000  0.000  0.000  0.000  0.000  0.000  0.000               2044897                284958           0           0       0.000       0.000      84.327        8613942386    810      0     28          44    810
     GPU 0  0.000  0.000  0.000  0.000  0.000  0.000  0.000  0.000               4450181               1992125           0           0       0.000       0.000      84.327        8613942386    810      0     28          44    810
     GPU 0  0.000  0.000  0.000  0.000  0.000  0.000  0.000  0.000               5843951               3639067           0           0       0.000       0.000      84.327        8613950603    810      0     28          44    810
     GPU 0  0.000  0.000  0.000  0.000  0.000  0.000  0.000  0.000               7343252               4949379           0           0       0.000       0.000      84.327        8613950603    810      0     28          44    810
     GPU 0  0.000  0.000  0.000  0.000  0.000  0.000  0.000  0.000               7343252               4949379           0           0       0.000       0.000      84.327        8613950603    810      0     28          44    810
     GPU 0  0.000  0.000  0.000  0.000  0.000  0.000  0.000  0.000               4521202               2636852           0           0       0.000       0.000      84.327        8613950603    810      0     28          44    810
     GPU 0  0.000  0.000  0.000  0.000  0.000  0.000  0.000  0.000               8375364               5196759           0           0       0.000       0.000      84.327        8613950603    810      0     28          44    810
     GPU 0  0.000  0.000  0.000  0.000  0.000  0.000  0.000  0.000               3258071                274985           0           0       0.000       0.000      84.327        8613950603    810      0     28          44    810
     GPU 0  0.000  0.000  0.000  0.000  0.000  0.000  0.000  0.000               3258071                274985           0           0       0.000       0.000      84.327        8613959235    810      0     28          44    810
     GPU 0  0.000  0.000  0.000  0.000  0.000  0.000  0.000  0.000               6024907               2132051           0           0       0.000       0.000      84.327        8613959235    810      0     28          44    810
     GPU 0  0.000  0.000  0.000  0.000  0.000  0.000  0.000  0.000               5362666               2931360           0           0       0.000       0.000      84.327        8613959235    810      0     28          44    810
     GPU 0  0.000  0.000  0.000  0.000  0.000  0.000  0.000  0.000               6427922               4314283           0           0       0.000       0.000      84.327        8613959235    810      0     28          44    810
     GPU 0  0.000  0.000  0.000  0.000  0.000  0.000  0.000  0.000               6157252               4272103           0           0       0.000       0.000      84.085        8613967636    810      0     28          44    810

# Entity  GRACT  SMACT  SMOCC  TENSO  DRAMA  FP64A  FP32A  FP16A                 PCITX                 PCIRX       GPUTL       MCUTL       MUSAM       GUSAM       POWER             TOTEC  SACLK  PSTAT  TMPTR       MMTMP  SMCLK
      Id                                                                                                                                                               W                mJ                    C           C       
     GPU 0  0.000  0.000  0.000  0.000  0.000  0.000  0.000  0.000               6157252               4272103           0           0       0.000       0.000      84.085        8613967636    810      0     28          44    810
     GPU 0  0.000  0.000  0.000  0.000  0.000  0.000  0.000  0.000               5909190               4076392           0           0       0.000       0.000      84.085        8613967636    810      0     28          44    810
     GPU 0  0.000  0.000  0.000  0.000  0.000  0.000  0.000  0.000               6163462               4319345           0           0       0.000       0.000      84.085        8613967636    810      0     28          44    810
     GPU 0  0.000  0.000  0.000  0.000  0.000  0.000  0.000  0.000               3024973                274997           0           0       0.000       0.000      84.085        8613967636    810      0     28          44    810
     GPU 0  0.000  0.000  0.000  0.000  0.000  0.000  0.000  0.000               3297613                274801           0           0       0.000       0.000      84.085        8613967636    810      0     28          44    810
