# Entity  GRACT  SMACT  SMOCC  TENSO  DRAMA  FP64A  FP32A  FP16A                 PCITX                 PCIRX       GPUTL       MCUTL       MUSAM       GUSAM       POWER             TOTEC  SACLK  PSTAT  TMPTR       MMTMP  SMCLK
      Id                                                                                                                                                               W                mJ                    C           C       
     GPU 0  0.000  0.000  0.000  0.000  0.000  0.000  0.000  0.000             115315315               9609609           0           0       0.000       0.000      76.729        8120467112    840      0     26          43    210
     GPU 0  0.000  0.000  0.000  0.000  0.000  0.000  0.000  0.000               7894956               4384136           0           0       0.000       0.000      76.729        8120467112    840      0     26          43    210
     GPU 0  0.000  0.000  0.000  0.000  0.000  0.000  0.000  0.000               7894956               4384136           0           0       0.000       0.000      78.383        8120474947    840      0     26          43    210
     GPU 0  0.000  0.000  0.000  0.000  0.000  0.000  0.000  0.000              12052399               7178109           0           0       0.000       0.000      78.383        8120474947    840      0     26          43    210
     GPU 0  0.000  0.000  0.000  0.000  0.000  0.000  0.000  0.000               4700517               2730175           0           0       0.000       0.000      78.383        8120474947    840      0     26          43    210
     GPU 0  0.000  0.000  0.000  0.000  0.000  0.000  0.000  0.000               6923248               4353297           0           0       0.000       0.000      78.383        8120474947    840      0     26          43    210
     GPU 0  0.000  0.000  0.000  0.000  0.000  0.000  0.000  0.000               6923248               4353297           0           0       0.000       0.000      78.383        8120474947    840      0     26          43    210
     GPU 0  0.000  0.000  0.000  0.000  0.000  0.000  0.000  0.000               5127033               3910919           0           0       0.000       0.000      78.383        8120482862    840      0     26          43    210
     GPU 0  0.000  0.000  0.000  0.000  0.000  0.000  0.000  0.000               1004888                 83740           0           0       0.000       0.000      78.383        8120482862    840      0     26          43    210
     GPU 0  0.000  0.000  0.000  0.000  0.000  0.000  0.000  0.000               3014124                274011           0           0       0.000       0.000      78.383        8120482862    840      0     26          43    210
     GPU 0  0.000  0.000  0.000  0.000  0.000  0.000  0.000  0.000               5795279               1926013           0           0       0.000       0.000      78.383        8120482862    840      0     26          43    210
     GPU 0  0.000  0.000  0.000  0.000  0.000  0.000  0.000  0.000               6477824               3333793           0           0       0.000       0.000      78.383        8120482862    840      0     26          43    210
     GPU 0  0.000  0.000  0.000  0.000  0.000  0.000  0.000  0.000               6477824               3333793           0           0       0.000       0.000      78.383        8120490804    840      0     26          43    210
     GPU 0  0.000  0.000  0.000  0.000  0.000  0.000  0.000  0.000               7788234               4412597           0           0       0.000       0.000      78.383        8120490804    840      0     26          43    210
     GPU 0  0.000  0.000  0.000  0.000  0.000  0.000  0.000  0.000               8432612               5879322           0           0       0.000       0.000      78.383        8120490804    840      0     26          43    210

# Entity  GRACT  SMACT  SMOCC  TENSO  DRAMA  FP64A  FP32A  FP16A                 PCITX                 PCIRX       GPUTL       MCUTL       MUSAM       GUSAM       POWER             TOTEC  SACLK  PSTAT  TMPTR       MMTMP  SMCLK
      Id                                                                                                                                                               W                mJ                    C           C       
     GPU 0  0.000  0.000  0.000  0.000  0.000  0.000  0.000  0.000               8416685               5786492           0           0       0.000       0.000      78.383        8120490804    840      0     26          43    210
     GPU 0  0.000  0.000  0.000  0.000  0.000  0.000  0.000  0.000               8911634               5971310           0           0       0.000       0.000      78.383        8120490804    840      0     26          43    210
     GPU 0  0.000  0.000  0.000  0.000  0.000  0.000  0.000  0.000               8911634               5971310           0           0       0.000       0.000      78.383        8120498738    840      0     26          43    210
     GPU 0  0.000  0.000  0.000  0.000  0.000  0.000  0.000  0.000               6199944               4314324           0           0       0.000       0.000      78.383        8120498738    840      0     26          43    210
     GPU 0  0.000  0.000  0.000  0.000  0.000  0.000  0.000  0.000               7957242               4855820           0           0       0.000       0.000      78.383        8120498738    840      0     26          43    210
     GPU 0  0.000  0.000  0.000  0.000  0.000  0.000  0.000  0.000               9513741               5951121           0           0       0.000       0.000      78.383        8120498738    840      0     26          43    210
     GPU 0  0.000  0.000  0.000  0.000  0.000  0.000  0.000  0.000               7435318               6976440           0           0       0.000       0.000      78.383        8120498738    840      0     26          43    210
     GPU 0  0.000  0.000  0.000  0.000  0.000  0.000  0.000  0.000               7435318               6976440           0           0       0.000       0.000      78.383        8120506610    840      0     26          43    210
     GPU 0  0.000  0.000  0.000  0.000  0.000  0.000  0.000  0.000               2261140               4438535           0           0       0.000       0.000      78.383        8120506610    840      0     26          43    210
     GPU 0  0.000  0.000  0.000  0.000  0.000  0.000  0.000  0.000               2261140               4438535           0           0       0.000       0.000      78.383        8120506610    840      0     26          43    210
     GPU 0  0.000  0.000  0.000  0.000  0.000  0.000  0.000  0.000               6523799               4054969           0           0       0.000       0.000      78.383        8120506610    840      0     26          43    210
     GPU 0  0.000  0.000  0.000  0.000  0.000  0.000  0.000  0.000               9040642              23328086           0           0       0.000       0.000      78.383        8120506610    840      0     26          43    210
     GPU 0  0.000  0.000  0.000  0.000  0.000  0.000  0.000  0.000               3011827              12465620           0           0       0.000       0.000      78.383        8120514537    840      0     26          43    210
     GPU 0  0.000  0.000  0.000  0.000  0.000  0.000  0.000  0.000               3011827              12465620           0           0       0.000       0.000      78.383        8120514537    840      0     26          43    210

# Entity  GRACT  SMACT  SMOCC  TENSO  DRAMA  FP64A  FP32A  FP16A                 PCITX                 PCIRX       GPUTL       MCUTL       MUSAM       GUSAM       POWER             TOTEC  SACLK  PSTAT  TMPTR       MMTMP  SMCLK
      Id                                                                                                                                                               W                mJ                    C           C       
     GPU 0  0.000  0.000  0.000  0.000  0.000  0.000  0.000  0.000               9226338               5086809           0           0       0.000       0.000      78.383        8120514537    840      0     26          43    210
     GPU 0  0.000  0.000  0.000  0.000  0.000  0.000  0.000  0.000               4957132               3088050           0           0       0.000       0.000      78.383        8120514537    840      0     27          43    210
     GPU 0  0.000  0.000  0.000  0.000  0.000  0.000  0.000  0.000               1166403                583201           0           0       0.000       0.000      78.383        8120514537    840      0     26          43    210
     GPU 0  0.000  0.000  0.000  0.000  0.000  0.000  0.000  0.000               1166403                583201           0           0       0.000       0.000      78.383        8120522420    840      0     26          43    210
     GPU 0  0.000  0.000  0.000  0.000  0.000  0.000  0.000  0.000               1811808               2553003           0           0       0.000       0.000      78.383        8120522420    840      0     27          43    210
     GPU 0  0.000  0.000  0.000  0.000  0.000  0.000  0.000  0.000               1811808               2553003           0           0       0.000       0.000      78.383        8120522420    840      0     26          43    210
     GPU 0  0.000  0.000  0.000  0.000  0.000  0.000  0.000  0.000               7915762               4923978           0           0       0.000       0.000      78.383        8120522420    840      0     26          43    210
     GPU 0  0.000  0.000  0.000  0.000  0.000  0.000  0.000  0.000               1008735                945689           0           0       0.000       0.000      78.383        8120522420    840      0     26          43    210
     GPU 0  0.000  0.000  0.000  0.000  0.000  0.000  0.000  0.000               2498022               3663766           0           0       0.000       0.000      78.383        8120530334    840      0     27          43    210
     GPU 0  0.000  0.000  0.000  0.000  0.000  0.000  0.000  0.000               2498022               3663766           0           0       0.000       0.000      78.383        8120530334    840      0     27          43    210
     GPU 0  0.000  0.000  0.000  0.000  0.000  0.000  0.000  0.000               8245879               5591384           0           0       0.000       0.000      78.383        8120530334    840      0     27          43    210
     GPU 0  0.000  0.000  0.000  0.000  0.000  0.000  0.000  0.000               8245879               5591384           0           0       0.000       0.000      78.383        8120530334    840      0     27          43    210
     GPU 0  0.000  0.000  0.000  0.000  0.000  0.000  0.000  0.000               1450889               4530329           0           0       0.000       0.000      78.383        8120530334    840      0     26          43    210
     GPU 0  0.000  0.000  0.000  0.000  0.000  0.000  0.000  0.000               8190279              20930713           0           0       0.000       0.000      78.383        8120538228    840      0     26          43    210

# Entity  GRACT  SMACT  SMOCC  TENSO  DRAMA  FP64A  FP32A  FP16A                 PCITX                 PCIRX       GPUTL       MCUTL       MUSAM       GUSAM       POWER             TOTEC  SACLK  PSTAT  TMPTR       MMTMP  SMCLK
      Id                                                                                                                                                               W                mJ                    C           C       
     GPU 0  0.000  0.000  0.000  0.000  0.000  0.000  0.000  0.000               8190279              20930713           0           0       0.000       0.000      78.383        8120538228    840      0     26          43    210
     GPU 0  0.000  0.000  0.000  0.000  0.000  0.000  0.000  0.000               9595250              20798821           0           0       0.000       0.000      78.383        8120538228    840      0     26          43    210
     GPU 0  0.000  0.000  0.000  0.000  0.000  0.000  0.000  0.000               9372192              16441049           0           0       0.000       2.000      78.383        8120538228    840      0     26          43    210
     GPU 0  0.000  0.000  0.000  0.000  0.000  0.000  0.000  0.000               9372192              16441049           3           0       0.000       2.000      78.383        8120538228    840      0     27          43    840
     GPU 0  0.011  0.000  0.000  0.000  0.000  0.000  0.000  0.000              10048611              16098165           3           0       0.000       2.000      82.964        8120546334    840      0     27          43    840
     GPU 0  0.004  0.000  0.000  0.000  0.002  0.000  0.000  0.000             466801444            4101461179           3           0       0.000       2.000      82.964        8120546334    840      0     27          43    840
     GPU 0  0.504  0.000  0.000  0.000  0.001  0.000  0.000  0.000               9450241              27895021           3           0       0.000       2.000      82.964        8120546334    840      0     27          43    840
     GPU 0  1.000  0.948  0.768  0.000  0.001  0.000  0.628  0.000               7955343               5221622           3           0       0.000       2.000      82.964        8120546334    840      0     28          43    840
     GPU 0  1.000  0.000  0.000  0.000  0.001  0.000  0.000  0.000               7326162               5864656           3           0       0.000       2.000      82.964        8120546334    840      0     28          43    840
     GPU 0  1.000  0.000  0.000  0.000  0.001  0.000  0.000  0.000               7326162               5864656           3           0       0.000       2.000     148.705        8120557993    840      0     29          43    840
     GPU 0  1.000  0.945  0.762  0.000  0.001  0.000  0.626  0.000               7066023               5785100           3           0       0.000       2.000     148.705        8120557993    840      0     29          43    840
     GPU 0  1.000  0.938  0.739  0.000  0.001  0.000  0.618  0.000               7001668               4778049           3           0       0.000       2.000     148.705        8120557993    840      0     29          43    840
     GPU 0  1.000  0.000  0.000  0.000  0.001  0.000  0.000  0.000               2495192               1150195          70           0       0.000       2.000     148.705        8120557993    840      0     29          43    840
     GPU 0  1.000  0.948  0.765  0.000  0.001  0.000  0.628  0.000               3679430               1286330          70           0       0.000      70.000     148.705        8120557993    840      0     30          43    840

# Entity  GRACT  SMACT  SMOCC  TENSO  DRAMA  FP64A  FP32A  FP16A                 PCITX                 PCIRX       GPUTL       MCUTL       MUSAM       GUSAM       POWER             TOTEC  SACLK  PSTAT  TMPTR       MMTMP  SMCLK
      Id                                                                                                                                                               W                mJ                    C           C       
     GPU 0  1.000  0.953  0.813  0.000  0.001  0.000  0.635  0.000               5019116               2967654          70           0       0.000      70.000     149.825        8120557993    840      0     30          44    840
     GPU 0  1.000  0.000  0.000  0.000  0.001  0.000  0.000  0.000               6875132               4936836          70           0       0.000      70.000     149.825        8120573353    840      0     30          43    840
     GPU 0  1.000  0.000  0.000  0.000  0.001  0.000  0.000  0.000               6875132               4936836          70           0       0.000      70.000     149.825        8120573353    840      0     30          43    840
     GPU 0  1.000  0.944  0.750  0.000  0.001  0.000  0.623  0.000               7933010               5591661          70           0       0.000      70.000     149.825        8120573353    840      0     30          43    840
     GPU 0  1.000  0.947  0.746  0.000  0.001  0.000  0.620  0.000               9212566               6723156          70           0       0.000      70.000     149.825        8120573353    840      0     30          43    840
     GPU 0  1.000  0.000  0.000  0.000  0.001  0.000  0.000  0.000              12014500               8792135          70           0       0.000      70.000     149.825        8120588219    840      0     30          43    840
     GPU 0  1.000  0.953  0.761  0.000  0.001  0.000  0.633  0.000               9395420               6517680          70           0       0.000      70.000     149.825        8120588219    840      0     30          43    840
     GPU 0  1.000  0.950  0.766  0.000  0.001  0.000  0.629  0.000               7746318               5392777          70           0       0.000      70.000     149.825        8120588219    840      0     30          43    840
     GPU 0  1.000  0.950  0.766  0.000  0.001  0.000  0.629  0.000               7746318               5392777          70           0       0.000      70.000     149.825        8120588219    840      0     31          43    840
     GPU 0  1.000  0.000  0.000  0.000  0.001  0.000  0.000  0.000               7040539               5602169         100           0       0.000      99.000     149.825        8120588219    840      0     31          43    840
     GPU 0  1.000  0.943  0.754  0.000  0.001  0.000  0.598  0.000               7301195               4850323         100           0       0.000      99.000     150.606        8120588219    840      0     31          44    840
     GPU 0  1.000  1.000  0.909  0.000  0.001  0.000  0.690  0.000               3722512                944622         100           0       0.000      99.000     150.606        8120603519    840      0     31          43    840
     GPU 0  1.000  1.000  0.909  0.000  0.001  0.000  0.690  0.000               3722512                944622         100           0       0.000      99.000     150.606        8120603519    840      0     31          44    840
     GPU 0  1.000  0.000  0.000  0.000  0.001  0.000  0.000  0.000               7193436               3391140         100           0       0.000      99.000     150.606        8120603519    840      0     31          44    840

# Entity  GRACT  SMACT  SMOCC  TENSO  DRAMA  FP64A  FP32A  FP16A                 PCITX                 PCIRX       GPUTL       MCUTL       MUSAM       GUSAM       POWER             TOTEC  SACLK  PSTAT  TMPTR       MMTMP  SMCLK
      Id                                                                                                                                                               W                mJ                    C           C       
     GPU 0  1.000  0.938  0.756  0.000  0.001  0.000  0.618  0.000               2299278               1277002         100           0       0.000      99.000     150.606        8120603519    840      0     31          44    840
     GPU 0  1.000  0.931  0.753  0.000  0.001  0.000  0.612  0.000               6237351               4662390         100           0       0.000      99.000     150.066        8120618553    840      0     31          44    840
     GPU 0  1.000  0.000  0.000  0.000  0.001  0.000  0.000  0.000              10524070               7754242         100           0       0.000      99.000     150.066        8120618553    840      0     31          44    840
     GPU 0  1.000  0.945  0.775  0.000  0.001  0.000  0.628  0.000               4906172               3846876         100           0       0.000      99.000     150.066        8120618553    840      0     31          44    840
     GPU 0  1.000  0.945  0.775  0.000  0.001  0.000  0.628  0.000               4906172               3846876         100           0       0.000      99.000     150.066        8120618553    840      0     31          44    840
     GPU 0  1.000  0.927  0.746  0.000  0.001  0.000  0.612  0.000               5639778               4094647         100           0       0.000      99.000     150.066        8120618553    840      0     31          44    840
     GPU 0  1.000  0.000  0.000  0.000  0.001  0.000  0.000  0.000               8314865               5477375         100           0       0.000      99.000     149.002        8120633690    840      0     31          44    840
     GPU 0  1.000  0.940  0.767  0.000  0.001  0.000  0.624  0.000               9395867               6647463         100           0       0.000      99.000     149.002        8120633690    840      0     31          44    840
     GPU 0  1.000  0.942  0.750  0.000  0.001  0.000  0.624  0.000               9506442               7219647         100           0       0.000      99.000     149.002        8120633690    840      0     31          44    840
     GPU 0  1.000  0.000  0.000  0.000  0.001  0.000  0.000  0.000              10114019               7450404         100           0       0.000      99.000     149.002        8120633690    840      0     31          44    840
     GPU 0  1.000  0.940  0.756  0.000  0.001  0.000  0.623  0.000               9493475               6685307         100           0       0.000      99.000     149.002        8120633690    840      0     31          44    840
     GPU 0  1.000  0.951  0.749  0.000  0.001  0.000  0.630  0.000               9588694               7152678         100           0       0.000      99.000     149.002        8120648828    840      0     31          44    840
     GPU 0  1.000  0.000  0.000  0.000  0.001  0.000  0.000  0.000              12734635               7946855         100           0       0.000      99.000     150.066        8120648828    840      0     31          44    840
     GPU 0  1.000  0.000  0.000  0.000  0.001  0.000  0.000  0.000              12734635               7946855         100           0       0.000      99.000     150.066        8120648828    840      0     31          44    840

# Entity  GRACT  SMACT  SMOCC  TENSO  DRAMA  FP64A  FP32A  FP16A                 PCITX                 PCIRX       GPUTL       MCUTL       MUSAM       GUSAM       POWER             TOTEC  SACLK  PSTAT  TMPTR       MMTMP  SMCLK
      Id                                                                                                                                                               W                mJ                    C           C       
     GPU 0  1.000  0.946  0.763  0.000  0.001  0.000  0.624  0.000               7998291               5522147         100           0       0.000      99.000     150.066        8120648828    840      0     31          44    840
     GPU 0  1.000  0.946  0.763  0.000  0.001  0.000  0.626  0.000              10451589               6769419         100           0       0.000      99.000     150.066        8120648828    840      0     31          44    840
     GPU 0  1.000  0.000  0.000  0.000  0.001  0.000  0.000  0.000               4865242               3603446         100           0       0.000      99.000     149.534        8120664021    840      0     31          44    840
     GPU 0  1.000  0.937  0.733  0.000  0.001  0.000  0.616  0.000              10148365               7374569         100           0       0.000      99.000     149.534        8120664021    840      0     32          44    840
     GPU 0  1.000  0.937  0.733  0.000  0.001  0.000  0.616  0.000              10148365               7374569         100           0       0.000      99.000     149.534        8120664021    840      0     32          44    840
     GPU 0  1.000  0.942  0.753  0.000  0.001  0.000  0.625  0.000               9441480               6887502         100           0       0.000      99.000     149.534        8120664021    840      0     32          44    840
     GPU 0  1.000  0.000  0.000  0.000  0.001  0.000  0.000  0.000               9462039               6898686         100           0       0.000      99.000     149.534        8120664021    840      0     32          44    840
     GPU 0  1.000  0.928  0.727  0.000  0.001  0.000  0.607  0.000               9408403               6774153         100           0       0.000      99.000     149.534        8120664021    840      0     32          44    840
     GPU 0  1.000  0.933  0.731  0.000  0.001  0.000  0.613  0.000               8838417               5791333         100           0       0.000      99.000     150.606        8120679172    840      0     32          44    840
     GPU 0  1.000  0.000  0.000  0.000  0.001  0.000  0.000  0.000               3874651               2611035         100           0       0.000      99.000     150.606        8120679172    840      0     32          44    840
     GPU 0  1.000  0.949  0.764  0.000  0.001  0.000  0.629  0.000               3388316               1353070         100           0       0.000      99.000     150.606        8120679172    840      0     32          44    840
     GPU 0  1.000  0.949  0.764  0.000  0.001  0.000  0.629  0.000               3388316               1353070         100           0       0.000      99.000     150.606        8120679172    840      0     32          44    840
     GPU 0  1.000  0.917  0.664  0.000  0.001  0.000  0.596  0.000               3197908               1647141         100           0       0.000      99.000     149.825        8120694350    840      0     32          44    840
     GPU 0  1.000  0.000  0.000  0.000  0.001  0.000  0.000  0.000               3106159               1515150         100           0       0.000      99.000     149.825        8120694350    840      0     32          44    840

# Entity  GRACT  SMACT  SMOCC  TENSO  DRAMA  FP64A  FP32A  FP16A                 PCITX                 PCIRX       GPUTL       MCUTL       MUSAM       GUSAM       POWER             TOTEC  SACLK  PSTAT  TMPTR       MMTMP  SMCLK
      Id                                                                                                                                                               W                mJ                    C           C       
     GPU 0  1.000  0.941  0.758  0.000  0.001  0.000  0.621  0.000               4563064               2858829         100           0       0.000      99.000     149.825        8120694350    840      0     32          44    840
     GPU 0  1.000  0.927  0.728  0.000  0.001  0.000  0.609  0.000               6320381               4460202         100           0       0.000      99.000     149.825        8120694350    840      0     32          44    840
     GPU 0  1.000  0.000  0.000  0.000  0.001  0.000  0.000  0.000               8076927               5676463         100           0       0.000      99.000     149.825        8120694350    840      0     32          44    840
     GPU 0  1.000  0.939  0.728  0.000  0.001  0.000  0.617  0.000               9227289               6675553         100           0       0.000      99.000     149.825        8120694350    840      0     32          44    840
     GPU 0  1.000  0.949  0.770  0.000  0.001  0.000  0.629  0.000               9178009               5939109         100           0       0.000      99.000     150.066        8120709500    840      0     32          44    840
     GPU 0  1.000  0.949  0.770  0.000  0.001  0.000  0.629  0.000               9178009               5939109         100           0       0.000      99.000     150.066        8120709500    840      0     32          44    840
     GPU 0  1.000  0.000  0.000  0.000  0.001  0.000  0.000  0.000               8300163               5834178         100           0       0.000      99.000     150.066        8120709500    840      0     32          44    840
     GPU 0  1.000  0.944  0.753  0.000  0.001  0.000  0.626  0.000               7805797               6100841         100           0       0.000      99.000     150.066        8120709500    840      0     32          44    840
     GPU 0  1.000  0.944  0.753  0.000  0.001  0.000  0.626  0.000               7805797               6100841         100           0       0.000      99.000     150.606        8120724675    840      0     32          44    840
     GPU 0  1.000  0.932  0.728  0.000  0.001  0.000  0.611  0.000               7292613               5909583         100           0       0.000      99.000     150.606        8120724675    840      0     32          44    840
     GPU 0  1.000  0.000  0.000  0.000  0.001  0.000  0.000  0.000               2216162                994066         100           0       0.000      99.000     150.606        8120724675    840      0     32          44    840
     GPU 0  1.000  0.937  0.733  0.000  0.001  0.000  0.618  0.000               2168907               1147201         100           0       0.000      99.000     150.606        8120724675    840      0     32          44    840
     GPU 0  1.000  0.938  0.740  0.000  0.001  0.000  0.621  0.000               4404865               2716139         100           0       0.000      99.000     150.606        8120724675    840      0     32          44    840
     GPU 0  1.000  0.000  0.000  0.000  0.001  0.000  0.000  0.000               6436890               4412721         100           0       0.000      99.000     150.606        8120724675    840      0     32          44    840

# Entity  GRACT  SMACT  SMOCC  TENSO  DRAMA  FP64A  FP32A  FP16A                 PCITX                 PCIRX       GPUTL       MCUTL       MUSAM       GUSAM       POWER             TOTEC  SACLK  PSTAT  TMPTR       MMTMP  SMCLK
      Id                                                                                                                                                               W                mJ                    C           C       
     GPU 0  1.000  0.942  0.770  0.000  0.001  0.000  0.626  0.000               7883176               5066520         100           0       0.000      99.000     150.364        8120739984    840      0     32          44    840
     GPU 0  1.000  0.942  0.770  0.000  0.001  0.000  0.626  0.000               7883176               5066520         100           0       0.000      99.000     150.364        8120739984    840      0     32          44    840
     GPU 0  1.000  0.934  0.716  0.000  0.001  0.000  0.612  0.000               8375877               5722858         100           0       0.000      99.000     150.364        8120739984    840      0     32          44    840
     GPU 0  1.000  0.000  0.000  0.000  0.001  0.000  0.000  0.000               7306961               5171906         100           0       0.000      99.000     150.364        8120739984    840      0     32          44    840
     GPU 0  1.000  0.000  0.000  0.000  0.001  0.000  0.000  0.000               7306961               5171906         100           0       0.000      99.000     150.896        8120755043    840      0     32          44    840
     GPU 0  1.000  0.939  0.743  0.000  0.001  0.000  0.592  0.000               2092596               1036670         100           0       0.000      99.000     150.896        8120755043    840      0     32          44    840
     GPU 0  1.000  0.938  0.734  0.000  0.001  0.000  0.615  0.000               9601593               6750559         100           0       0.000      99.000     150.896        8120755043    840      0     32          44    840
     GPU 0  1.000  0.000  0.000  0.000  0.001  0.000  0.000  0.000               8780540               6745353         100           0       0.000      99.000     150.896        8120755043    840      0     32          44    840
     GPU 0  1.000  0.939  0.737  0.000  0.001  0.000  0.614  0.000               3150001               1243497         100           0       0.000      99.000     150.896        8120755043    840      0     32          44    840
     GPU 0  1.000  0.939  0.737  0.000  0.001  0.000  0.614  0.000               3150001               1243497         100           0       0.000      99.000     150.364        8120770253    840      0     32          44    840
     GPU 0  1.000  1.000  0.801  0.000  0.001  0.000  0.680  0.000               5419485               2238276         100           0       0.000      99.000     150.364        8120770253    840      0     32          44    840
     GPU 0  1.000  0.000  0.000  0.000  0.001  0.000  0.000  0.000               6984375               4597696         100           0       0.000      99.000     150.364        8120770253    840      0     32          44    840
     GPU 0  1.000  0.943  0.765  0.000  0.001  0.000  0.626  0.000               9551286               7379940         100           0       0.000      99.000     150.364        8120770253    840      0     32          44    840
     GPU 0  1.000  0.943  0.765  0.000  0.001  0.000  0.626  0.000               9551286               7379940         100           0       0.000      99.000     150.364        8120770253    840      0     32          44    840

# Entity  GRACT  SMACT  SMOCC  TENSO  DRAMA  FP64A  FP32A  FP16A                 PCITX                 PCIRX       GPUTL       MCUTL       MUSAM       GUSAM       POWER             TOTEC  SACLK  PSTAT  TMPTR       MMTMP  SMCLK
      Id                                                                                                                                                               W                mJ                    C           C       
     GPU 0  1.000  0.945  0.772  0.000  0.001  0.000  0.628  0.000               6241133               4858768         100           0       0.000      99.000     150.606        8120785476    840      0     32          44    840
     GPU 0  1.000  0.000  0.000  0.000  0.001  0.000  0.000  0.000              12894597               8112628         100           0       0.000      99.000     150.606        8120785476    840      0     32          44    840
     GPU 0  1.000  0.941  0.738  0.000  0.001  0.000  0.619  0.000               5619184               3007882         100           0       0.000      99.000     150.606        8120785476    840      0     32          44    840
     GPU 0  1.000  0.941  0.738  0.000  0.001  0.000  0.619  0.000               5619184               3007882         100           0       0.000      99.000     150.606        8120785476    840      0     32          44    840
     GPU 0  1.000  0.920  0.699  0.000  0.001  0.000  0.593  0.000               5788562               4164859         100           0       0.000      99.000     150.606        8120785476    840      0     32          44    840
     GPU 0  1.000  0.000  0.000  0.000  0.001  0.000  0.000  0.000               7437999               5618255         100           0       0.000      99.000     150.066        8120800652    840      0     32          44    840
     GPU 0  1.000  0.934  0.751  0.000  0.001  0.000  0.614  0.000               8485459               6293229         100           0       0.000      99.000     150.066        8120800652    840      0     32          44    840
     GPU 0  1.000  0.934  0.751  0.000  0.001  0.000  0.614  0.000               8485459               6293229         100           0       0.000      99.000     150.066        8120800652    840      0     32          44    840
     GPU 0  1.000  0.947  0.768  0.000  0.001  0.000  0.623  0.000               5385348               4242426         100           0       0.000      99.000     150.066        8120800652    840      0     32          44    840
     GPU 0  1.000  0.000  0.000  0.000  0.001  0.000  0.000  0.000              10555393               7640172         100           0       0.000      99.000     150.066        8120800652    840      0     32          44    840
     GPU 0  1.000  0.949  0.781  0.000  0.001  0.000  0.627  0.000              11231051               8183395         100           0       0.000      99.000     150.066        8120815902    840      0     32          44    840
     GPU 0  1.000  0.940  0.732  0.000  0.001  0.000  0.616  0.000              10224291               6677072         100           0       0.000      99.000     150.606        8120815902    840      0     32          44    840
     GPU 0  1.000  0.000  0.000  0.000  0.001  0.000  0.000  0.000               3382513               1392546         100           0       0.000      99.000     150.606        8120815902    840      0     32          44    840
     GPU 0  1.000  0.940  0.735  0.000  0.001  0.000  0.621  0.000               4594061               2870574         100           0       0.000      99.000     150.606        8120815902    840      0     32          44    840

# Entity  GRACT  SMACT  SMOCC  TENSO  DRAMA  FP64A  FP32A  FP16A                 PCITX                 PCIRX       GPUTL       MCUTL       MUSAM       GUSAM       POWER             TOTEC  SACLK  PSTAT  TMPTR       MMTMP  SMCLK
      Id                                                                                                                                                               W                mJ                    C           C       
     GPU 0  1.000  0.940  0.735  0.000  0.001  0.000  0.621  0.000               4594061               2870574         100           0       0.000      99.000     150.606        8120815902    840      0     32          44    840
     GPU 0  1.000  0.926  0.752  0.000  0.001  0.000  0.611  0.000               7004849               4931525         100           0       0.000      99.000     150.606        8120831092    840      0     32          44    840
     GPU 0  1.000  0.000  0.000  0.000  0.001  0.000  0.000  0.000               9753584               6897451         100           0       0.000      99.000     150.606        8120831092    840      0     32          44    840
     GPU 0  1.000  0.000  0.000  0.000  0.001  0.000  0.000  0.000               9753584               6897451         100           0       0.000      99.000     150.606        8120831092    840      0     32          44    840
     GPU 0  1.000  0.948  0.766  0.000  0.001  0.000  0.629  0.000               5403677               4160068         100           0       0.000      99.000     150.606        8120831092    840      0     32          44    840
     GPU 0  1.000  0.939  0.761  0.000  0.001  0.000  0.622  0.000              10434861               7676177         100           0       0.000      99.000     150.606        8120831092    840      0     32          44    840
     GPU 0  1.000  0.000  0.000  0.000  0.001  0.000  0.000  0.000               8956687               6863500         100           0       0.000      99.000     151.725        8120831092    840      0     32          44    840
     GPU 0  1.000  0.947  0.763  0.000  0.001  0.000  0.628  0.000               1086638                835875         100           0       0.000      99.000     151.725        8120846445    840      0     33          44    840
     GPU 0  1.000  0.000  0.000  0.000  0.001  0.000  0.000  0.000               8543586               6490848         100           0       0.000      99.000     151.725        8120846445    840      0     33          44    840
     GPU 0  1.000  0.943  0.742  0.000  0.001  0.000  0.598  0.000               3387505               2862580         100           0       0.000      99.000     151.725        8120846445    840      0     33          44    840
     GPU 0  1.000  0.943  0.742  0.000  0.001  0.000  0.598  0.000               3387505               2862580         100           0       0.000      99.000     151.725        8120846445    840      0     33          44    840
     GPU 0  1.000  1.000  0.855  0.000  0.001  0.000  0.691  0.000               3149831                694249         100           0       0.000      99.000     151.725        8120861797    840      0     33          44    840
     GPU 0  1.000  0.000  0.000  0.000  0.001  0.000  0.000  0.000               3508501               1243696         100           0       0.000      99.000     151.725        8120861797    840      0     33          44    840
     GPU 0  1.000  0.951  0.756  0.000  0.001  0.000  0.608  0.000               4194970               2684642         100           0       0.000      99.000     151.725        8120861797    840      0     33          44    840

# Entity  GRACT  SMACT  SMOCC  TENSO  DRAMA  FP64A  FP32A  FP16A                 PCITX                 PCIRX       GPUTL       MCUTL       MUSAM       GUSAM       POWER             TOTEC  SACLK  PSTAT  TMPTR       MMTMP  SMCLK
      Id                                                                                                                                                               W                mJ                    C           C       
     GPU 0  1.000  0.942  0.745  0.000  0.001  0.000  0.619  0.000               6590364               4502981         100           0       0.000      99.000     151.725        8120861797    840      0     33          44    840
     GPU 0  1.000  0.000  0.000  0.000  0.001  0.000  0.000  0.000               9499640               7002104         100           0       0.000      99.000     151.725        8120861797    840      0     33          44    840
     GPU 0  1.000  0.000  0.000  0.000  0.001  0.000  0.000  0.000               9499640               7002104         100           0       0.000      99.000     151.725        8120861797    840      0     33          44    840
     GPU 0  1.000  0.948  0.747  0.000  0.001  0.000  0.624  0.000               8215227               6457907         100           0       0.000      99.000     152.797        8120877200    840      0     33          44    840
     GPU 0  1.000  0.949  0.758  0.000  0.001  0.000  0.631  0.000               7346348               5369598         100           0       0.000      99.000     152.797        8120877200    840      0     33          44    840
     GPU 0  1.000  0.000  0.000  0.000  0.001  0.000  0.000  0.000               3149772                777123         100           0       0.000      99.000     152.797        8120877200    840      0     33          44    840
     GPU 0  1.000  0.000  0.000  0.000  0.001  0.000  0.000  0.000               3149772                777123         100           0       0.000      99.000     152.797        8120877200    840      0     33          44    840
     GPU 0  1.000  0.924  0.732  0.000  0.001  0.000  0.607  0.000               3151254                819097         100           0       0.000      99.000     151.967        8120892500    840      0     33          44    840
     GPU 0  1.000  0.937  0.756  0.000  0.001  0.000  0.621  0.000               4280692               2726473         100           0       0.000      99.000     151.967        8120892500    840      0     33          44    840
     GPU 0  1.000  0.000  0.000  0.000  0.001  0.000  0.000  0.000               6486625               4313734         100           0       0.000      99.000     151.967        8120892500    840      0     33          44    840
     GPU 0  1.000  0.950  0.741  0.000  0.001  0.000  0.629  0.000               8600870               6193121         100           0       0.000      99.000     151.967        8120892500    840      0     33          44    840
     GPU 0  1.000  0.942  0.760  0.000  0.001  0.000  0.625  0.000               9606950               7164313         100           0       0.000      99.000     151.967        8120892500    840      0     33          44    840
     GPU 0  1.000  0.942  0.760  0.000  0.001  0.000  0.625  0.000               9606950               7164313         100           0       0.000      99.000     151.967        8120892500    840      0     33          44    840
     GPU 0  1.000  0.000  0.000  0.000  0.001  0.000  0.000  0.000               8261818               6308439         100           0       0.000      99.000     152.258        8120908083    840      0     33          44    840

# Entity  GRACT  SMACT  SMOCC  TENSO  DRAMA  FP64A  FP32A  FP16A                 PCITX                 PCIRX       GPUTL       MCUTL       MUSAM       GUSAM       POWER             TOTEC  SACLK  PSTAT  TMPTR       MMTMP  SMCLK
      Id                                                                                                                                                               W                mJ                    C           C       
     GPU 0  1.000  0.930  0.726  0.000  0.001  0.000  0.609  0.000               8056505               5636520         100           0       0.000      99.000     152.258        8120908083    840      0     33          44    840
     GPU 0  1.000  0.938  0.704  0.000  0.001  0.000  0.592  0.000               3382885               1159697         100           0       0.000      99.000     152.258        8120908083    840      0     33          44    840
     GPU 0  1.000  0.938  0.704  0.000  0.001  0.000  0.592  0.000               3382885               1159697         100           0       0.000      99.000     152.258        8120908083    840      0     33          44    840
     GPU 0  1.000  0.000  0.000  0.000  0.001  0.000  0.000  0.000               3385405                693827         100           0       0.000      99.000     152.258        8120923310    840      0     33          44    840
     GPU 0  1.000  0.943  0.755  0.000  0.001  0.000  0.606  0.000               4589768               3005632         100           0       0.000      99.000     152.258        8120923310    840      0     33          44    840
     GPU 0  1.000  0.939  0.734  0.000  0.001  0.000  0.591  0.000               6112465               4272374         100           0       0.000      99.000     152.258        8120923310    840      0     33          44    840
     GPU 0  1.000  0.000  0.000  0.000  0.001  0.000  0.000  0.000               8761105               6322123         100           0       0.000      99.000     152.258        8120923310    840      0     33          44    840
     GPU 0  1.000  0.000  0.000  0.000  0.001  0.000  0.000  0.000               8761105               6322123         100           0       0.000      99.000     152.258        8120923310    840      0     33          44    840
     GPU 0  1.000  0.944  0.755  0.000  0.001  0.000  0.598  0.000               7372379               6115597         100           0       0.000      99.000     152.258        8120923310    840      0     33          44    840
     GPU 0  1.000  0.953  0.776  0.000  0.001  0.000  0.628  0.000               7017917               4489462         100           0       0.000      99.000     152.258        8120938625    840      0     33          44    840
     GPU 0  1.000  0.000  0.000  0.000  0.001  0.000  0.000  0.000               3383916               1243331         100           0       0.000      99.000     152.258        8120938625    840      0     33          44    840
     GPU 0  1.000  0.000  0.000  0.000  0.001  0.000  0.000  0.000               3383916               1243331         100           0       0.000      99.000     152.258        8120938625    840      0     33          44    840
     GPU 0  1.000  0.947  0.736  0.000  0.001  0.000  0.623  0.000               3083283                690185         100           0       0.000      99.000     152.258        8120938625    840      0     33          44    840
     GPU 0  1.000  0.957  0.715  0.000  0.001  0.000  0.634  0.000               5736017               3191413         100           0       0.000      99.000     152.499        8120953958    840      0     33          44    840

# Entity  GRACT  SMACT  SMOCC  TENSO  DRAMA  FP64A  FP32A  FP16A                 PCITX                 PCIRX       GPUTL       MCUTL       MUSAM       GUSAM       POWER             TOTEC  SACLK  PSTAT  TMPTR       MMTMP  SMCLK
      Id                                                                                                                                                               W                mJ                    C           C       
     GPU 0  1.000  0.000  0.000  0.000  0.001  0.000  0.000  0.000               6102029               4142574         100           0       0.000      99.000     152.499        8120953958    840      0     33          44    840
     GPU 0  1.000  0.946  0.753  0.000  0.001  0.000  0.627  0.000               7719972               5462383         100           0       0.000      99.000     152.499        8120953958    840      0     33          44    840
     GPU 0  1.000  0.946  0.753  0.000  0.001  0.000  0.627  0.000               7719972               5462383         100           0       0.000      99.000     152.499        8120953958    840      0     33          44    840
     GPU 0  1.000  0.946  0.764  0.000  0.001  0.000  0.627  0.000               6234218               5062412         100           0       0.000      99.000     152.499        8120953958    840      0     33          44    840
     GPU 0  1.000  0.000  0.000  0.000  0.001  0.000  0.000  0.000               6288224               4036741         100           0       0.000      99.000     150.606        8120969236    840      0     33          44    840
     GPU 0  1.000  0.944  0.760  0.000  0.001  0.000  0.625  0.000              10000846               7573683         100           0       0.000      99.000     150.606        8120969236    840      0     33          44    840
     GPU 0  1.000  0.941  0.740  0.000  0.001  0.000  0.622  0.000               6748585               5321892         100           0       0.000      99.000     150.606        8120969236    840      0     33          44    840
     GPU 0  1.000  0.941  0.740  0.000  0.001  0.000  0.622  0.000               6748585               5321892         100           0       0.000      99.000     150.606        8120969236    840      0     33          44    840
     GPU 0  1.000  0.000  0.000  0.000  0.001  0.000  0.000  0.000               2044268                824586         100           0       0.000      99.000     150.606        8120969236    840      0     33          44    840
     GPU 0  1.000  0.939  0.757  0.000  0.001  0.000  0.620  0.000               2168310               1029745         100           0       0.000      99.000     150.364        8120984380    840      0     33          44    840
     GPU 0  1.000  0.948  0.767  0.000  0.001  0.000  0.589  0.000               4933758               3153099         100           0       0.000      99.000     150.364        8120984380    840      0     33          44    840
     GPU 0  1.000  0.000  0.000  0.000  0.001  0.000  0.000  0.000               8075387               5590223         100           0       0.000      99.000     150.364        8120984380    840      0     33          44    840
     GPU 0  1.000  0.000  0.000  0.000  0.001  0.000  0.000  0.000               8075387               5590223         100           0       0.000      99.000     150.364        8120984380    840      0     33          44    840
     GPU 0  1.000  0.951  0.748  0.000  0.001  0.000  0.614  0.000               8573203               6685146         100           0       0.000      99.000     150.364        8120984380    840      0     33          44    840

# Entity  GRACT  SMACT  SMOCC  TENSO  DRAMA  FP64A  FP32A  FP16A                 PCITX                 PCIRX       GPUTL       MCUTL       MUSAM       GUSAM       POWER             TOTEC  SACLK  PSTAT  TMPTR       MMTMP  SMCLK
      Id                                                                                                                                                               W                mJ                    C           C       
     GPU 0  1.000  0.938  0.748  0.000  0.001  0.000  0.593  0.000               4716135               4341134         100           0       0.000      99.000     150.606        8120984380    840      0     33          44    840
     GPU 0  1.000  0.000  0.000  0.000  0.001  0.000  0.000  0.000               1750793               1167195         100           0       0.000      99.000     150.606        8120999692    840      0     33          44    840
     GPU 0  1.000  0.947  0.766  0.000  0.001  0.000  0.628  0.000              10008188               6214083         100           0       0.000      99.000     150.606        8120999692    840      0     33          44    840
     GPU 0  1.000  0.947  0.766  0.000  0.001  0.000  0.628  0.000              10008188               6214083         100           0       0.000      99.000     150.606        8120999692    840      0     33          44    840
     GPU 0  1.000  0.000  0.000  0.000  0.001  0.000  0.000  0.000               3383012                418377         100           0       0.000      99.000     150.606        8120999692    840      0     33          44    840
     GPU 0  1.000  0.932  0.731  0.000  0.001  0.000  0.612  0.000               3513448                927693         100           0       0.000      99.000     150.896        8121014776    840      0     33          44    840
     GPU 0  1.000  0.928  0.685  0.000  0.001  0.000  0.602  0.000               3550097               1241748         100           0       0.000      99.000     150.896        8121014776    840      0     33          44    840
     GPU 0  1.000  0.000  0.000  0.000  0.001  0.000  0.000  0.000               4060958               2578143         100           0       0.000      99.000     150.896        8121014776    840      0     33          44    840
     GPU 0  1.000  0.939  0.761  0.000  0.001  0.000  0.622  0.000               7081172               4927667         100           0       0.000      99.000     150.896        8121014776    840      0     33          44    840
     GPU 0  1.000  0.939  0.761  0.000  0.001  0.000  0.622  0.000               7081172               4927667         100           0       0.000      99.000     150.896        8121014776    840      0     33          44    840
     GPU 0  1.000  0.940  0.755  0.000  0.001  0.000  0.623  0.000               7245252               5863182         100           0       0.000      99.000     151.186        8121014776    840      0     33          44    840
     GPU 0  1.000  0.000  0.000  0.000  0.001  0.000  0.000  0.000               9164934               6773582         100           0       0.000      99.000     151.186        8121030047    840      0     33          44    840
     GPU 0  1.000  0.939  0.735  0.000  0.001  0.000  0.612  0.000               5943398               3770737         100           0       0.000      99.000     151.186        8121030047    840      0     33          44    840
     GPU 0  1.000  0.939  0.735  0.000  0.001  0.000  0.612  0.000               5943398               3770737         100           0       0.000      99.000     151.186        8121030047    840      0     33          44    840

# Entity  GRACT  SMACT  SMOCC  TENSO  DRAMA  FP64A  FP32A  FP16A                 PCITX                 PCIRX       GPUTL       MCUTL       MUSAM       GUSAM       POWER             TOTEC  SACLK  PSTAT  TMPTR       MMTMP  SMCLK
      Id                                                                                                                                                               W                mJ                    C           C       
     GPU 0  1.000  0.957  0.820  0.000  0.001  0.000  0.636  0.000               3577580               1351955         100           0       0.000      99.000     151.186        8121030047    840      0     33          44    840
     GPU 0  1.000  0.000  0.000  0.000  0.001  0.000  0.000  0.000               4743966               2903355         100           0       0.000      99.000     150.364        8121045235    840      0     33          44    840
     GPU 0  1.000  0.941  0.765  0.000  0.001  0.000  0.603  0.000               6755536               4659284         100           0       0.000      99.000     150.364        8121045235    840      0     33          44    840
     GPU 0  1.000  0.948  0.752  0.000  0.001  0.000  0.601  0.000               9262784               7051854         100           0       0.000      99.000     150.364        8121045235    840      0     33          44    840
     GPU 0  1.000  0.000  0.000  0.000  0.001  0.000  0.000  0.000               9010468               6844117         100           0       0.000      99.000     150.364        8121045235    840      0     33          44    840
     GPU 0  1.000  0.944  0.762  0.000  0.001  0.000  0.605  0.000               9681906               7319957         100           0       0.000      99.000     150.364        8121045235    840      0     33          44    840
     GPU 0  1.000  0.944  0.762  0.000  0.001  0.000  0.605  0.000               9681906               7319957         100           0       0.000      99.000     150.364        8121045235    840      0     33          44    840
     GPU 0  1.000  0.940  0.763  0.000  0.001  0.000  0.602  0.000               7950016               6318249         100           0       0.000      99.000     150.066        8121060552    840      0     33          44    840
     GPU 0  1.000  0.000  0.000  0.000  0.001  0.000  0.000  0.000               6870351               4646920         100           0       0.000      99.000     150.066        8121060552    840      0     33          44    840
     GPU 0  1.000  0.943  0.760  0.000  0.001  0.000  0.625  0.000               3381981               1075965         100           0       0.000      99.000     150.066        8121060552    840      0     33          44    840
     GPU 0  1.000  0.943  0.760  0.000  0.001  0.000  0.625  0.000               3381981               1075965         100           0       0.000      99.000     150.066        8121060552    840      0     33          44    840
     GPU 0  1.000  0.947  0.745  0.000  0.001  0.000  0.627  0.000               5526971               4396925         100           0       0.000      99.000     151.186        8121075624    840      0     33          44    840
     GPU 0  1.000  0.000  0.000  0.000  0.001  0.000  0.000  0.000               7823436               5375584         100           0       0.000      99.000     151.186        8121075624    840      0     33          45    840
     GPU 0  1.000  0.943  0.770  0.000  0.001  0.000  0.627  0.000               6246731               4893568         100           0       0.000      99.000     151.186        8121075624    840      0     33          45    840

# Entity  GRACT  SMACT  SMOCC  TENSO  DRAMA  FP64A  FP32A  FP16A                 PCITX                 PCIRX       GPUTL       MCUTL       MUSAM       GUSAM       POWER             TOTEC  SACLK  PSTAT  TMPTR       MMTMP  SMCLK
      Id                                                                                                                                                               W                mJ                    C           C       
     GPU 0  1.000  0.943  0.770  0.000  0.001  0.000  0.627  0.000               6246731               4893568         100           0       0.000      99.000     151.186        8121075624    840      0     33          44    840
     GPU 0  1.000  0.941  0.757  0.000  0.001  0.000  0.624  0.000               7283660               5902245         100           0       0.000      99.000     151.186        8121075624    840      0     33          44    840
     GPU 0  1.000  0.000  0.000  0.000  0.001  0.000  0.000  0.000               8995989               6318539         100           0       0.000      99.000     150.896        8121090847    840      0     33          44    840
     GPU 0  1.000  0.936  0.739  0.000  0.001  0.000  0.614  0.000               3179035               2760741         100           0       0.000      99.000     150.896        8121090847    840      0     33          44    840
     GPU 0  1.000  0.000  0.000  0.000  0.001  0.000  0.000  0.000               6307600               4484756         100           0       0.000      99.000     150.896        8121090847    840      0     33          44    840
     GPU 0  1.000  0.000  0.000  0.000  0.001  0.000  0.000  0.000               6307600               4484756         100           0       0.000      99.000     150.896        8121090847    840      0     33          44    840
     GPU 0  1.000  0.944  0.759  0.000  0.001  0.000  0.600  0.000               7162238               5989392         100           0       0.000      99.000     150.896        8121090847    840      0     33          44    840
     GPU 0  1.000  0.937  0.771  0.000  0.001  0.000  0.621  0.000               6421413               4915225         100           0       0.000      99.000     151.186        8121106081    840      0     33          44    840
     GPU 0  1.000  0.000  0.000  0.000  0.001  0.000  0.000  0.000              13069992               7930843         100           0       0.000      99.000     151.186        8121106081    840      0     33          44    840
     GPU 0  1.000  0.936  0.731  0.000  0.001  0.000  0.613  0.000               5554495               3722204         100           0       0.000      99.000     151.186        8121106081    840      0     33          44    840
     GPU 0  1.000  0.936  0.731  0.000  0.001  0.000  0.613  0.000               5554495               3722204         100           0       0.000      99.000     151.186        8121106081    840      0     33          45    840
     GPU 0  1.000  0.929  0.717  0.000  0.001  0.000  0.609  0.000               6648737               5491718         100           0       0.000      99.000     151.186        8121106081    840      0     33          44    840
     GPU 0  1.000  0.000  0.000  0.000  0.001  0.000  0.000  0.000               7594743               5440911         100           0       0.000      99.000     150.364        8121121297    840      0     33          44    840
     GPU 0  1.000  0.925  0.740  0.000  0.001  0.000  0.610  0.000              10357721               6521886         100           0       0.000      99.000     150.364        8121121297    840      0     33          44    840

# Entity  GRACT  SMACT  SMOCC  TENSO  DRAMA  FP64A  FP32A  FP16A                 PCITX                 PCIRX       GPUTL       MCUTL       MUSAM       GUSAM       POWER             TOTEC  SACLK  PSTAT  TMPTR       MMTMP  SMCLK
      Id                                                                                                                                                               W                mJ                    C           C       
     GPU 0  1.000  0.925  0.740  0.000  0.001  0.000  0.610  0.000              10357721               6521886         100           0       0.000      99.000     150.364        8121121297    840      0     33          44    840
     GPU 0  1.000  0.961  0.745  0.000  0.001  0.000  0.643  0.000               4974900               3466418         100           0       0.000      99.000     150.364        8121121297    840      0     33          44    840
     GPU 0  1.000  0.000  0.000  0.000  0.001  0.000  0.000  0.000               2339962               1074201         100           0       0.000      99.000     150.364        8121121297    840      0     33          44    840
     GPU 0  1.000  0.944  0.740  0.000  0.001  0.000  0.625  0.000               4446476               2612477         100           0       0.000      99.000     150.364        8121136513    840      0     33          45    840
     GPU 0  1.000  0.979  0.896  0.000  0.001  0.000  0.675  0.000               7493446               4416895         100           0       0.000      99.000     150.364        8121136513    840      0     33          44    840
     GPU 0  1.000  0.000  0.000  0.000  0.001  0.000  0.000  0.000               7005593               5339751         100           0       0.000      99.000     150.364        8121136513    840      0     33          44    840
     GPU 0  1.000  0.925  0.725  0.000  0.001  0.000  0.607  0.000               8462708               6444814         100           0       0.000      99.000     150.364        8121136513    840      0     33          44    840
     GPU 0  1.000  0.925  0.725  0.000  0.001  0.000  0.607  0.000               8462708               6444814         100           0       0.000      99.000     150.364        8121136513    840      0     33          44    840
     GPU 0  1.000  0.931  0.729  0.000  0.001  0.000  0.611  0.000               8861014               6511595         100           0       0.000      99.000     150.896        8121136513    840      0     33          44    840
     GPU 0  1.000  0.000  0.000  0.000  0.001  0.000  0.000  0.000               6311122               5015283         100           0       0.000      99.000     150.896        8121151873    840      0     33          44    840
     GPU 0  1.000  0.000  0.000  0.000  0.001  0.000  0.000  0.000               6311122               5015283         100           0       0.000      99.000     150.896        8121151873    840      0     33          44    840
     GPU 0  1.000  0.947  0.761  0.000  0.001  0.000  0.607  0.000               5956344               3977423         100           0       0.000      99.000     150.896        8121151873    840      0     33          44    840
     GPU 0  1.000  0.954  0.868  0.000  0.001  0.000  0.648  0.000               3386290               1118486         100           0       0.000      99.000     150.896        8121151873    840      0     33          44    840
     GPU 0  1.000  0.000  0.000  0.000  0.001  0.000  0.000  0.000               4411984               2553895         100           0       0.000      99.000     150.896        8121167011    840      0     33          44    840

# Entity  GRACT  SMACT  SMOCC  TENSO  DRAMA  FP64A  FP32A  FP16A                 PCITX                 PCIRX       GPUTL       MCUTL       MUSAM       GUSAM       POWER             TOTEC  SACLK  PSTAT  TMPTR       MMTMP  SMCLK
      Id                                                                                                                                                               W                mJ                    C           C       
     GPU 0  1.000  0.951  0.773  0.000  0.001  0.000  0.612  0.000               6172359               4055771         100           0       0.000      99.000     150.896        8121167011    840      0     33          45    840
     GPU 0  1.000  0.951  0.766  0.000  0.001  0.000  0.618  0.000               7047083               4685402         100           0       0.000      99.000     150.896        8121167011    840      0     33          44    840
     GPU 0  1.000  0.951  0.766  0.000  0.001  0.000  0.618  0.000               7047083               4685402         100           0       0.000      99.000     150.896        8121167011    840      0     33          45    840
     GPU 0  1.000  0.000  0.000  0.000  0.001  0.000  0.000  0.000               6440376               5185617         100           0       0.000      99.000     150.896        8121167011    840      0     33          45    840
     GPU 0  1.000  0.936  0.738  0.000  0.001  0.000  0.619  0.000               6357082               4313984         100           0       0.000      99.000     150.606        8121182266    840      0     33          45    840
     GPU 0  1.000  0.936  0.738  0.000  0.001  0.000  0.619  0.000               6357082               4313984         100           0       0.000      99.000     150.606        8121182266    840      0     33          45    840
     GPU 0  1.000  0.952  0.778  0.000  0.001  0.000  0.634  0.000              12141101               8273700         100           0       0.000      99.000     150.606        8121182266    840      0     33          44    840
     GPU 0  1.000  0.000  0.000  0.000  0.001  0.000  0.000  0.000               6833343               5275797         100           0       0.000      99.000     150.606        8121182266    840      0     33          44    840
     GPU 0  1.000  0.947  0.744  0.000  0.001  0.000  0.627  0.000               3507208               1117419         100           0       0.000      99.000     150.606        8121182266    840      0     33          44    840
     GPU 0  1.000  0.918  0.662  0.000  0.001  0.000  0.595  0.000               3499337               1114192         100           0       0.000      99.000     150.606        8121197608    840      0     33          44    840
     GPU 0  1.000  0.000  0.000  0.000  0.001  0.000  0.000  0.000               5963656               2914048         100           0       0.000      99.000     152.258        8121197608    840      0     33          44    840
     GPU 0  1.000  0.000  0.000  0.000  0.001  0.000  0.000  0.000               5963656               2914048         100           0       0.000      99.000     152.258        8121197608    840      0     33          45    840
     GPU 0  1.000  0.943  0.751  0.000  0.001  0.000  0.626  0.000               7866459               5699513         100           0       0.000      99.000     152.258        8121197608    840      0     33          44    840
     GPU 0  1.000  0.940  0.737  0.000  0.001  0.000  0.617  0.000               4765416               2763458         100           0       0.000      99.000     152.258        8121197608    840      0     33          44    840

# Entity  GRACT  SMACT  SMOCC  TENSO  DRAMA  FP64A  FP32A  FP16A                 PCITX                 PCIRX       GPUTL       MCUTL       MUSAM       GUSAM       POWER             TOTEC  SACLK  PSTAT  TMPTR       MMTMP  SMCLK
      Id                                                                                                                                                               W                mJ                    C           C       
     GPU 0  1.000  0.940  0.737  0.000  0.001  0.000  0.617  0.000               4765416               2763458         100           0       0.000      99.000     108.734        8121212353    840      0     33          44    840
     GPU 0  0.000  0.000  0.000  0.000  0.002  0.000  0.000  0.000            1094194857                902992         100           0       0.000      99.000     108.734        8121212353    840      0     32          44    840
     GPU 0  0.000  0.000  0.000  0.000  0.000  0.000  0.000  0.000               3604747                443566         100           0       0.000      99.000     108.734        8121212353    840      0     31          44    840
     GPU 0  0.000  0.000  0.000  0.000  0.000  0.000  0.000  0.000               5125751               2158884         100           0       0.000      99.000     108.734        8121212353    840      0     31          44    840
     GPU 0  0.000  0.000  0.000  0.000  0.000  0.000  0.000  0.000               1536983                124477         100           0       0.000      99.000     108.734        8121212353    840      0     31          44    840
     GPU 0  0.000  0.000  0.000  0.000  0.000  0.000  0.000  0.000               3778462               1728359         100           0       0.000      99.000     108.734        8121221157    840      0     31          44    840
     GPU 0  0.000  0.000  0.000  0.000  0.000  0.000  0.000  0.000               7073396               3442053         100           0       0.000      99.000      85.158        8121221157    840      0     31          45    840
     GPU 0  0.000  0.000  0.000  0.000  0.000  0.000  0.000  0.000               7827220               4764380         100           0       0.000      99.000      85.158        8121221157    840      0     30          44    840
     GPU 0  0.000  0.000  0.000  0.000  0.000  0.000  0.000  0.000               7827220               4764380         100           0       0.000      99.000      85.158        8121221157    840      0     30          44    840
     GPU 0  0.000  0.000  0.000  0.000  0.000  0.000  0.000  0.000               9190185               6149433          13           0       0.000      13.000      85.158        8121221157    840      0     30          45    840
     GPU 0  0.000  0.000  0.000  0.000  0.000  0.000  0.000  0.000               9395711               6305479          13           0       0.000      13.000      84.867        8121221157    840      0     30          44    840
     GPU 0  0.000  0.000  0.000  0.000  0.000  0.000  0.000  0.000              10203567               5828724          13           0       0.000      13.000      84.867        8121229817    840      0     30          45    840
     GPU 0  0.000  0.000  0.000  0.000  0.000  0.000  0.000  0.000              10203567               5828724          13           0       0.000      13.000      84.867        8121229817    840      0     30          44    840
     GPU 0  0.000  0.000  0.000  0.000  0.000  0.000  0.000  0.000               8365887               4578912          13           0       0.000      13.000      84.867        8121229817    840      0     30          44    840

# Entity  GRACT  SMACT  SMOCC  TENSO  DRAMA  FP64A  FP32A  FP16A                 PCITX                 PCIRX       GPUTL       MCUTL       MUSAM       GUSAM       POWER             TOTEC  SACLK  PSTAT  TMPTR       MMTMP  SMCLK
      Id                                                                                                                                                               W                mJ                    C           C       
     GPU 0  0.000  0.000  0.000  0.000  0.000  0.000  0.000  0.000               3241557                273615          13           0       0.000      13.000      84.867        8121229817    840      0     30          44    840
     GPU 0  0.000  0.000  0.000  0.000  0.000  0.000  0.000  0.000               3300993                275082          13           0       0.000      13.000      84.867        8121238281    840      0     30          44    840
     GPU 0  0.000  0.000  0.000  0.000  0.000  0.000  0.000  0.000               3374294                274221          13           0       0.000      13.000      84.867        8121238281    840      0     29          44    840
     GPU 0  0.000  0.000  0.000  0.000  0.000  0.000  0.000  0.000               3886996               1773404          13           0       0.000      13.000      84.867        8121238281    840      0     29          44    840
     GPU 0  0.000  0.000  0.000  0.000  0.000  0.000  0.000  0.000               5908741               3224844          13           0       0.000      13.000      84.867        8121238281    840      0     29          44    840
     GPU 0  0.000  0.000  0.000  0.000  0.000  0.000  0.000  0.000               5908741               3224844           0           0       0.000       0.000      84.867        8121238281    840      0     29          44    840
     GPU 0  0.000  0.000  0.000  0.000  0.000  0.000  0.000  0.000               8596336               5173298           0           0       0.000       0.000      84.867        8121246842    840      0     29          44    840
     GPU 0  0.000  0.000  0.000  0.000  0.000  0.000  0.000  0.000              11490423               7107889           0           0       0.000       0.000      84.867        8121246842    840      0     29          44    840
     GPU 0  0.000  0.000  0.000  0.000  0.000  0.000  0.000  0.000               8040038               4452833           0           0       0.000       0.000      84.867        8121246842    840      0     29          44    840
     GPU 0  0.000  0.000  0.000  0.000  0.000  0.000  0.000  0.000               8040038               4452833           0           0       0.000       0.000      84.867        8121246842    840      0     29          44    840
     GPU 0  0.000  0.000  0.000  0.000  0.000  0.000  0.000  0.000               9997889               6651301           0           0       0.000       0.000      84.867        8121246842    840      0     29          44    840
     GPU 0  0.000  0.000  0.000  0.000  0.000  0.000  0.000  0.000               7678910               5173444           0           0       0.000       0.000      84.867        8121255392    840      0     29          44    840
     GPU 0  0.000  0.000  0.000  0.000  0.000  0.000  0.000  0.000               8416382               5088064           0           0       0.000       0.000      84.867        8121255392    840      0     29          44    840
     GPU 0  0.000  0.000  0.000  0.000  0.000  0.000  0.000  0.000               8416382               5088064           0           0       0.000       0.000      84.867        8121255392    840      0     29          44    840

# Entity  GRACT  SMACT  SMOCC  TENSO  DRAMA  FP64A  FP32A  FP16A                 PCITX                 PCIRX       GPUTL       MCUTL       MUSAM       GUSAM       POWER             TOTEC  SACLK  PSTAT  TMPTR       MMTMP  SMCLK
      Id                                                                                                                                                               W                mJ                    C           C       
     GPU 0  0.007  0.000  0.000  0.000  0.000  0.000  0.000  0.000               4880621               9016740           0           0       0.000       0.000      84.867        8121255392    840      0     29          44    840
     GPU 0  0.000  0.000  0.000  0.000  0.000  0.000  0.000  0.000              13008893              10997208           0           0       0.000       0.000      84.867        8121255392    840      0     29          44    840
     GPU 0  0.000  0.000  0.000  0.000  0.000  0.000  0.000  0.000              13008893              10997208           0           0       0.000       0.000      84.867        8121255392    840      0     29          44    840
     GPU 0  0.000  0.000  0.000  0.000  0.000  0.000  0.000  0.000              17133137              10310206           0           0       0.000       0.000      85.400        8121263967    840      0     29          44    840
     GPU 0  0.000  0.000  0.000  0.000  0.000  0.000  0.000  0.000              17133137              10310206           0           0       0.000       0.000      85.400        8121263967    840      0     29          44    840
     GPU 0  0.000  0.000  0.000  0.000  0.000  0.000  0.000  0.000               7693939              18405110           0           0       0.000       0.000      85.400        8121263967    840      0     29          44    840
     GPU 0  0.000  0.000  0.000  0.000  0.000  0.000  0.000  0.000               7693939              18405110           0           0       0.000       0.000      85.400        8121263967    840      0     29          44    840
     GPU 0  0.000  0.000  0.000  0.000  0.000  0.000  0.000  0.000               9465938               7799525           0           0       0.000       0.000      84.625        8121272513    840      0     29          44    840
     GPU 0  0.000  0.000  0.000  0.000  0.000  0.000  0.000  0.000               9465938               7799525           0           0       0.000       0.000      84.625        8121272513    840      0     29          44    840
     GPU 0  0.000  0.000  0.000  0.000  0.000  0.000  0.000  0.000               9531855               5785318           0           0       0.000       0.000      84.625        8121272513    840      0     29          44    840
     GPU 0  0.000  0.000  0.000  0.000  0.000  0.000  0.000  0.000               9613240               7906262           0           0       0.000       0.000      84.625        8121272513    840      0     29          44    840
     GPU 0  0.000  0.000  0.000  0.000  0.000  0.000  0.000  0.000              10406740               6708392          10           0       0.000       0.000      84.625        8121272513    840      0     29          44    840
     GPU 0  0.000  0.000  0.000  0.000  0.000  0.000  0.000  0.000               9681018               6148479          10           0       0.000       0.000      84.625        8121272513    840      0     29          44    840
     GPU 0  0.000  0.000  0.000  0.000  0.000  0.000  0.000  0.000               9066267               6070827          10           0       0.000       0.000      84.625        8121281229    840      0     29          44    840

# Entity  GRACT  SMACT  SMOCC  TENSO  DRAMA  FP64A  FP32A  FP16A                 PCITX                 PCIRX       GPUTL       MCUTL       MUSAM       GUSAM       POWER             TOTEC  SACLK  PSTAT  TMPTR       MMTMP  SMCLK
      Id                                                                                                                                                               W                mJ                    C           C       
     GPU 0  0.000  0.000  0.000  0.000  0.000  0.000  0.000  0.000               9066267               6070827          10           0       0.000       0.000      84.625        8121281229    840      0     29          44    840
     GPU 0  0.000  0.000  0.000  0.000  0.000  0.000  0.000  0.000               3023544                274867          10           0       0.000       0.000      84.625        8121281229    840      0     29          44    840
     GPU 0  0.000  0.000  0.000  0.000  0.000  0.000  0.000  0.000               3027000                275181          10           0       0.000       0.000      84.625        8121281229    840      0     29          44    840
     GPU 0  0.000  0.000  0.000  0.000  0.000  0.000  0.000  0.000               5180948               2179255          10           0       0.000       0.000      84.625        8121289618    840      0     29          44    840
     GPU 0  0.000  0.000  0.000  0.000  0.000  0.000  0.000  0.000               4364371               2002689          10           0       0.000       0.000      84.625        8121289618    840      0     29          44    840
     GPU 0  0.000  0.000  0.000  0.000  0.000  0.000  0.000  0.000               6116194               3365842          10           0       0.000       0.000      84.625        8121289618    840      0     29          44    840
     GPU 0  0.000  0.000  0.000  0.000  0.000  0.000  0.000  0.000               7909071               4843574          10           0       0.000       0.000      84.625        8121289618    840      0     29          44    840
     GPU 0  0.000  0.000  0.000  0.000  0.000  0.000  0.000  0.000               7909071               4843574           0           0       0.000       0.000      84.625        8121289618    840      0     29          44    840
     GPU 0  0.000  0.000  0.000  0.000  0.000  0.000  0.000  0.000               9897499               6543191           0           0       0.000       0.000      84.625        8121289618    840      0     29          44    840
     GPU 0  0.000  0.000  0.000  0.000  0.000  0.000  0.000  0.000              10120881               6653211           0           0       0.000       0.000      84.625        8121298215    840      0     29          44    840
     GPU 0  0.000  0.000  0.000  0.000  0.000  0.000  0.000  0.000              10470190               6464869           0           0       0.000       0.000      84.625        8121298215    840      0     29          44    840
     GPU 0  0.000  0.000  0.000  0.000  0.000  0.000  0.000  0.000               9529217               6006870           0           0       0.000       0.000      84.625        8121298215    840      0     29          44    840
     GPU 0  0.000  0.000  0.000  0.000  0.000  0.000  0.000  0.000               9529217               6006870           0           0       0.000       0.000      84.625        8121298215    840      0     28          44    840
     GPU 0  0.000  0.000  0.000  0.000  0.000  0.000  0.000  0.000               9229780               5751120           0           0       0.000       0.000      84.625        8121306687    840      0     28          44    840

# Entity  GRACT  SMACT  SMOCC  TENSO  DRAMA  FP64A  FP32A  FP16A                 PCITX                 PCIRX       GPUTL       MCUTL       MUSAM       GUSAM       POWER             TOTEC  SACLK  PSTAT  TMPTR       MMTMP  SMCLK
      Id                                                                                                                                                               W                mJ                    C           C       
     GPU 0  0.000  0.000  0.000  0.000  0.000  0.000  0.000  0.000               9564453               6389606           0           0       0.000       0.000      84.625        8121306687    840      0     28          44    840
     GPU 0  0.000  0.000  0.000  0.000  0.000  0.000  0.000  0.000               3806195               2898225           0           0       0.000       0.000      84.625        8121306687    840      0     28          44    840
     GPU 0  0.000  0.000  0.000  0.000  0.000  0.000  0.000  0.000               3151240                275067           0           0       0.000       0.000      84.625        8121306687    840      0     28          44    840
     GPU 0  0.000  0.000  0.000  0.000  0.000  0.000  0.000  0.000               3381932                274852           0           0       0.000       0.000      84.625        8121306687    840      0     28          44    840
     GPU 0  0.000  0.000  0.000  0.000  0.000  0.000  0.000  0.000               4692450               1865723           0           0       0.000       0.000      84.625        8121306687    840      0     28          44    840
     GPU 0  0.000  0.000  0.000  0.000  0.000  0.000  0.000  0.000               4692450               1865723           0           0       0.000       0.000      84.625        8121315275    840      0     28          44    840
     GPU 0  0.000  0.000  0.000  0.000  0.000  0.000  0.000  0.000               6388326               3439337           0           0       0.000       0.000      84.625        8121315275    840      0     28          44    840
     GPU 0  0.000  0.000  0.000  0.000  0.000  0.000  0.000  0.000               9393315               6312813           0           0       0.000       0.000      84.625        8121315275    840      0     28          44    840
     GPU 0  0.000  0.000  0.000  0.000  0.000  0.000  0.000  0.000               9864867               6525667           0           0       0.000       0.000      84.625        8121315275    840      0     28          44    840
     GPU 0  0.000  0.000  0.000  0.000  0.000  0.000  0.000  0.000               8550384               5432244           0           0       0.000       0.000      84.625        8121323773    840      0     28          44    840
     GPU 0  0.000  0.000  0.000  0.000  0.000  0.000  0.000  0.000               7760896               5503276           0           0       0.000       0.000      84.625        8121323773    840      0     28          44    840
     GPU 0  0.000  0.000  0.000  0.000  0.000  0.000  0.000  0.000               7760896               5503276           0           0       0.000       0.000      84.625        8121323773    840      0     28          44    840
     GPU 0  0.000  0.000  0.000  0.000  0.000  0.000  0.000  0.000               5942467               4142256           0           0       0.000       0.000      84.625        8121323773    840      0     28          44    840
     GPU 0  0.000  0.000  0.000  0.000  0.000  0.000  0.000  0.000               7325218               4362028           0           0       0.000       0.000      84.625        8121323773    840      0     28          44    840

# Entity  GRACT  SMACT  SMOCC  TENSO  DRAMA  FP64A  FP32A  FP16A                 PCITX                 PCIRX       GPUTL       MCUTL       MUSAM       GUSAM       POWER             TOTEC  SACLK  PSTAT  TMPTR       MMTMP  SMCLK
      Id                                                                                                                                                               W                mJ                    C           C       
     GPU 0  0.000  0.000  0.000  0.000  0.000  0.000  0.000  0.000               8350059               5428905           0           0       0.000       0.000      84.625        8121323773    840      0     28          44    840
     GPU 0  0.000  0.000  0.000  0.000  0.000  0.000  0.000  0.000               1005088                 83757           0           0       0.000       0.000      84.625        8121332387    840      0     28          44    840
     GPU 0  0.000  0.000  0.000  0.000  0.000  0.000  0.000  0.000               1005088                 83757           0           0       0.000       0.000      84.625        8121332387    840      0     28          44    840
     GPU 0  0.000  0.000  0.000  0.000  0.000  0.000  0.000  0.000               9920416               5653029           0           0       0.000       0.000      84.625        8121332387    840      0     28          44    840
     GPU 0  0.000  0.000  0.000  0.000  0.000  0.000  0.000  0.000               8510954               5617826           0           0       0.000       0.000      84.625        8121332387    840      0     28          44    840
     GPU 0  0.000  0.000  0.000  0.000  0.000  0.000  0.000  0.000               8133745               5031138           0           0       0.000       0.000      84.625        8121332387    840      0     28          44    840
     GPU 0  0.000  0.000  0.000  0.000  0.000  0.000  0.000  0.000               3613085                736030           0           0       0.000       0.000      84.625        8121340896    840      0     28          44    840
     GPU 0  0.000  0.000  0.000  0.000  0.000  0.000  0.000  0.000               3613085                736030           0           0       0.000       0.000      84.625        8121340896    840      0     28          44    840
     GPU 0  0.000  0.000  0.000  0.000  0.000  0.000  0.000  0.000               4376998               2576587           0           0       0.000       0.000      84.625        8121340896    840      0     28          44    840
     GPU 0  0.000  0.000  0.000  0.000  0.000  0.000  0.000  0.000               5700034               3178758           0           0       0.000       0.000      84.625        8121340896    840      0     28          44    840
     GPU 0  0.000  0.000  0.000  0.000  0.000  0.000  0.000  0.000               7674980               4718852           0           0       0.000       0.000      84.625        8121349432    840      0     28          44    840
     GPU 0  0.000  0.000  0.000  0.000  0.000  0.000  0.000  0.000               7674980               4718852           0           0       0.000       0.000      84.625        8121349432    840      0     28          44    840
     GPU 0  0.000  0.000  0.000  0.000  0.000  0.000  0.000  0.000               6775523               5000831           0           0       0.000       0.000      84.625        8121349432    840      0     28          44    840
     GPU 0  0.000  0.000  0.000  0.000  0.000  0.000  0.000  0.000               3302341                 41884           0           0       0.000       0.000      84.625        8121349432    840      0     28          44    840

# Entity  GRACT  SMACT  SMOCC  TENSO  DRAMA  FP64A  FP32A  FP16A                 PCITX                 PCIRX       GPUTL       MCUTL       MUSAM       GUSAM       POWER             TOTEC  SACLK  PSTAT  TMPTR       MMTMP  SMCLK
      Id                                                                                                                                                               W                mJ                    C           C       
     GPU 0  0.000  0.000  0.000  0.000  0.000  0.000  0.000  0.000               1923901                121576           0           0       0.000       0.000      84.625        8121349432    840      0     28          44    840
     GPU 0  0.000  0.000  0.000  0.000  0.000  0.000  0.000  0.000               4175174               1609623           0           0       0.000       0.000      84.625        8121349432    840      0     28          44    840
     GPU 0  0.000  0.000  0.000  0.000  0.000  0.000  0.000  0.000               4175174               1609623           0           0       0.000       0.000      84.327        8121357948    840      0     28          44    840
     GPU 0  0.000  0.000  0.000  0.000  0.000  0.000  0.000  0.000               6030460               2046580           0           0       0.000       0.000      84.327        8121357948    840      0     28          44    840
     GPU 0  0.000  0.000  0.000  0.000  0.000  0.000  0.000  0.000               7219542               4004672           0           0       0.000       0.000      84.327        8121357948    840      0     28          44    840
     GPU 0  0.000  0.000  0.000  0.000  0.000  0.000  0.000  0.000               3420886               2336762           0           0       0.000       0.000      84.327        8121357948    840      0     28          44    840
     GPU 0  0.000  0.000  0.000  0.000  0.000  0.000  0.000  0.000               3420886               2336762           0           0       0.000       0.000      84.327        8121366472    840      0     28          44    840
     GPU 0  0.000  0.000  0.000  0.000  0.000  0.000  0.000  0.000               1005072                 83756           0           0       0.000       0.000      84.327        8121366472    840      0     28          44    240
     GPU 0  0.000  0.000  0.000  0.000  0.000  0.000  0.000  0.000               5476060               3951292           0           0       0.000       0.000      84.327        8121366472    840      0     28          44    240
     GPU 0  0.000  0.000  0.000  0.000  0.000  0.000  0.000  0.000               7022439               2483587           0           0       0.000       0.000      84.327        8121366472    840      0     28          44    240
     GPU 0  0.000  0.000  0.000  0.000  0.000  0.000  0.000  0.000               3718940               1695128           0           0       0.000       0.000      84.327        8121366472    840      0     28          44    240
     GPU 0  0.000  0.000  0.000  0.000  0.000  0.000  0.000  0.000               3718940               1695128           0           0       0.000       0.000      84.327        8121366472    840      0     28          44    240
