# Entity  GRACT  SMACT  SMOCC  TENSO  DRAMA  FP64A  FP32A  FP16A                 PCITX                 PCIRX       GPUTL       MCUTL       MUSAM       GUSAM       POWER             TOTEC  SACLK  PSTAT  TMPTR       MMTMP  SMCLK
      Id                                                                                                                                                               W                mJ                    C           C       
     GPU 0  0.000  0.000  0.000  0.000  0.000  0.000  0.000  0.000              79746261               7249660           0           0       0.000       0.000      77.850         381070568   1395      0     27          43    210
     GPU 0  0.000  0.000  0.000  0.000  0.000  0.000  0.000  0.000               9651539               4218448           0           0       0.000       0.000      77.850         381070568   1395      0     27          43    210
     GPU 0  0.000  0.000  0.000  0.000  0.000  0.000  0.000  0.000               7696014               4463127           0           0       0.000       0.000      77.850         381070568   1395      0     27          43    210
     GPU 0  0.000  0.000  0.000  0.000  0.000  0.000  0.000  0.000               7696014               4463127           0           0       0.000       0.000      77.850         381070568   1395      0     27          43    210
     GPU 0  0.000  0.000  0.000  0.000  0.000  0.000  0.000  0.000               7251730               4002963           0           0       0.000       0.000      77.850         381070568   1395      0     27          43    210
     GPU 0  0.000  0.000  0.000  0.000  0.000  0.000  0.000  0.000               7251730               4002963           0           0       0.000       0.000      78.923         381078551   1395      0     27          43    210
     GPU 0  0.000  0.000  0.000  0.000  0.000  0.000  0.000  0.000               6514304               4291043           0           0       0.000       0.000      78.923         381078551   1395      0     27          43    210
     GPU 0  0.000  0.000  0.000  0.000  0.000  0.000  0.000  0.000               8309781               3542283           0           0       0.000       0.000      78.923         381078551   1395      0     27          43    210
     GPU 0  0.000  0.000  0.000  0.000  0.000  0.000  0.000  0.000               8437023               4501532           0           0       0.000       0.000      78.923         381078551   1395      0     27          43    210
     GPU 0  0.000  0.000  0.000  0.000  0.000  0.000  0.000  0.000               8437023               4501532           0           0       0.000       0.000      78.923         381078551   1395      0     27          44    210
     GPU 0  0.000  0.000  0.000  0.000  0.000  0.000  0.000  0.000               8633074               5544435           0           0       0.000       0.000      78.923         381086526   1395      0     27          43    210
     GPU 0  0.000  0.000  0.000  0.000  0.000  0.000  0.000  0.000              11276902               5906948           0           0       0.000       0.000      78.923         381086526   1395      0     27          44    210
     GPU 0  0.000  0.000  0.000  0.000  0.000  0.000  0.000  0.000              10683166               6337937           0           0       0.000       0.000      78.923         381086526   1395      0     27          43    210
     GPU 0  0.000  0.000  0.000  0.000  0.000  0.000  0.000  0.000              10683166               6337937           0           0       0.000       0.000      78.923         381086526   1395      0     27          44    210
     GPU 0  0.000  0.000  0.000  0.000  0.000  0.000  0.000  0.000              11022414               7250612           0           0       0.000       0.000      78.923         381086526   1395      0     27          43    210

# Entity  GRACT  SMACT  SMOCC  TENSO  DRAMA  FP64A  FP32A  FP16A                 PCITX                 PCIRX       GPUTL       MCUTL       MUSAM       GUSAM       POWER             TOTEC  SACLK  PSTAT  TMPTR       MMTMP  SMCLK
      Id                                                                                                                                                               W                mJ                    C           C       
     GPU 0  0.000  0.000  0.000  0.000  0.000  0.000  0.000  0.000                919751                 83613           0           0       0.000       0.000      78.923         381094530   1395      0     27          43    210
     GPU 0  0.000  0.000  0.000  0.000  0.000  0.000  0.000  0.000               1002773                167128           0           0       0.000       0.000      78.923         381094530   1395      0     27          43    210
     GPU 0  0.000  0.000  0.000  0.000  0.000  0.000  0.000  0.000               2701643                394456           0           0       0.000       0.000      78.923         381094530   1395      0     27          44    210
     GPU 0  0.000  0.000  0.000  0.000  0.000  0.000  0.000  0.000                921027                 83729           0           0       0.000       0.000      78.923         381094530   1395      0     27          43    210
     GPU 0  0.000  0.000  0.000  0.000  0.000  0.000  0.000  0.000                920516                     0           0           0       0.000       0.000      78.923         381094530   1395      0     27          43    210
     GPU 0  0.000  0.000  0.000  0.000  0.000  0.000  0.000  0.000                918230                 83475           0           0       0.000       0.000      78.923         381102540   1395      0     27          43    210
     GPU 0  0.000  0.000  0.000  0.000  0.000  0.000  0.000  0.000                918230                 83475           0           0       0.000       0.000      78.923         381102540   1395      0     27          43    210
     GPU 0  0.000  0.000  0.000  0.000  0.000  0.000  0.000  0.000               3981072               2660252           0           0       0.000       0.000      78.923         381102540   1395      0     27          43    210
     GPU 0  0.000  0.000  0.000  0.000  0.000  0.000  0.000  0.000               3981072               2660252           0           0       0.000       0.000      78.923         381102540   1395      0     27          43    210
     GPU 0  0.000  0.000  0.000  0.000  0.000  0.000  0.000  0.000              11613053               6678039           0           0       0.000       0.000      78.923         381110504   1395      0     27          43    210
     GPU 0  0.000  0.000  0.000  0.000  0.000  0.000  0.000  0.000               2074624               4149248           0           0       0.000       0.000      78.923         381110504   1395      0     27          43    210
     GPU 0  0.000  0.000  0.000  0.000  0.000  0.000  0.000  0.000               2074624               4149248           0           0       0.000       0.000      78.923         381110504   1395      0     27          43    210
     GPU 0  0.000  0.000  0.000  0.000  0.000  0.000  0.000  0.000               6730075              26746247           0           0       0.000       0.000      78.923         381110504   1395      0     27          44    210
     GPU 0  0.000  0.000  0.000  0.000  0.000  0.000  0.000  0.000               6730075              26746247           0           0       0.000       0.000      78.923         381110504   1395      0     27          43    210

# Entity  GRACT  SMACT  SMOCC  TENSO  DRAMA  FP64A  FP32A  FP16A                 PCITX                 PCIRX       GPUTL       MCUTL       MUSAM       GUSAM       POWER             TOTEC  SACLK  PSTAT  TMPTR       MMTMP  SMCLK
      Id                                                                                                                                                               W                mJ                    C           C       
     GPU 0  0.000  0.000  0.000  0.000  0.000  0.000  0.000  0.000              13070609              18575951           0           0       0.000       0.000      78.923         381110504   1395      0     27          43    210
     GPU 0  0.000  0.000  0.000  0.000  0.000  0.000  0.000  0.000               2461778               6564742           0           0       0.000       0.000      78.923         381118616   1395      0     27          44    210
     GPU 0  0.000  0.000  0.000  0.000  0.000  0.000  0.000  0.000              13754355               7669874           0           0       0.000       0.000      78.923         381118616   1395      0     27          43    210
     GPU 0  0.000  0.000  0.000  0.000  0.000  0.000  0.000  0.000              13754355               7669874           0           0       0.000       0.000      78.923         381118616   1395      0     27          43    210
     GPU 0  0.000  0.000  0.000  0.000  0.000  0.000  0.000  0.000               7876868               5419285           0           0       0.000       0.000      78.923         381118616   1395      0     27          43    210
     GPU 0  0.000  0.000  0.000  0.000  0.000  0.000  0.000  0.000               5321738               4023753           0           0       0.000       0.000      78.923         381118616   1395      0     27          43    210
     GPU 0  0.000  0.000  0.000  0.000  0.000  0.000  0.000  0.000               5321738               4023753           0           0       0.000       0.000      78.923         381126468   1395      0     27          43    210
     GPU 0  0.000  0.000  0.000  0.000  0.000  0.000  0.000  0.000               2357052               3251107           0           0       0.000       0.000      78.923         381126468   1395      0     27          43    210
     GPU 0  0.000  0.000  0.000  0.000  0.000  0.000  0.000  0.000               2357052               3251107           0           0       0.000       0.000      78.923         381126468   1395      0     27          44    210
     GPU 0  0.000  0.000  0.000  0.000  0.000  0.000  0.000  0.000               8878139               6753456           0           0       0.000       0.000      78.923         381126468   1395      0     27          43    210
     GPU 0  0.000  0.000  0.000  0.000  0.000  0.000  0.000  0.000               8878139               6753456           0           0       0.000       0.000      78.923         381126468   1395      0     27          43    210
     GPU 0  0.000  0.000  0.000  0.000  0.000  0.000  0.000  0.000              10022098               7696971           0           0       0.000       0.000      78.923         381134417   1395      0     27          43    210
     GPU 0  0.000  0.000  0.000  0.000  0.000  0.000  0.000  0.000              10040141               6437953           0           0       0.000       0.000      78.923         381134417   1395      0     27          43    210
     GPU 0  0.000  0.000  0.000  0.000  0.000  0.000  0.000  0.000              10040141               6437953           0           0       0.000       0.000      78.923         381134417   1395      0     27          43    210

# Entity  GRACT  SMACT  SMOCC  TENSO  DRAMA  FP64A  FP32A  FP16A                 PCITX                 PCIRX       GPUTL       MCUTL       MUSAM       GUSAM       POWER             TOTEC  SACLK  PSTAT  TMPTR       MMTMP  SMCLK
      Id                                                                                                                                                               W                mJ                    C           C       
     GPU 0  0.000  0.000  0.000  0.000  0.000  0.000  0.000  0.000              10040141               6437953           0           0       0.000       0.000      78.923         381134417   1395      0     27          43    210
     GPU 0  0.000  0.000  0.000  0.000  0.000  0.000  0.000  0.000               8566305               6465136           0           0       0.000       0.000      78.923         381134417   1395      0     27          43    210
     GPU 0  0.000  0.000  0.000  0.000  0.000  0.000  0.000  0.000               8566305               6465136           0           0       0.000       0.000      78.923         381134417   1395      0     27          43    210
     GPU 0  0.000  0.000  0.000  0.000  0.000  0.000  0.000  0.000               8566305               6465136           0           0       0.000       0.000      78.923         381142396   1395      0     27          43    210
     GPU 0  0.000  0.000  0.000  0.000  0.000  0.000  0.000  0.000               4565923               3484562           0           0       0.000       0.000      78.923         381142396   1395      0     27          43    210
     GPU 0  0.000  0.000  0.000  0.000  0.000  0.000  0.000  0.000              13322174              16720688           0           0       0.000       0.000      78.923         381142396   1395      0     27          43    210
     GPU 0  0.000  0.000  0.000  0.000  0.000  0.000  0.000  0.000              14479840              14479840           0           0       0.000       0.000      78.923         381142396   1395      0     27          43    210
     GPU 0  0.000  0.000  0.000  0.000  0.000  0.000  0.000  0.000              13649351              13758984           0           0       0.000       0.000      78.923         381150338   1395      0     27          43    210
     GPU 0  0.000  0.000  0.000  0.000  0.000  0.000  0.000  0.000              13059383              13652991           0           0       0.000       0.000      78.923         381150338   1395      0     27          43    210
     GPU 0  0.027  0.000  0.000  0.000  0.000  0.000  0.000  0.000              21980203              26493248           0           0       0.000       0.000      78.923         381150338   1395      0     27          43   1395
     GPU 0  0.059  0.000  0.000  0.000  0.000  0.000  0.000  0.000              12256042              30030388           0           0       0.000       0.000      78.923         381150338   1395      0     27          43   1395
     GPU 0  0.059  0.000  0.000  0.000  0.000  0.000  0.000  0.000              12256042              30030388           0           0       0.000       0.000      78.923         381150338   1395      0     27          43   1395
     GPU 0  0.014  0.000  0.000  0.000  0.003  0.000  0.000  0.000             690112013            6121913754           0           0       0.000       0.000     106.056         381159735   1395      0     27          43   1395
     GPU 0  1.000  0.000  0.000  0.000  0.002  0.000  0.000  0.000              10995749              12431451           0           0       0.000       0.000     106.056         381159735   1395      0     30          43   1395

# Entity  GRACT  SMACT  SMOCC  TENSO  DRAMA  FP64A  FP32A  FP16A                 PCITX                 PCIRX       GPUTL       MCUTL       MUSAM       GUSAM       POWER             TOTEC  SACLK  PSTAT  TMPTR       MMTMP  SMCLK
      Id                                                                                                                                                               W                mJ                    C           C       
     GPU 0  1.000  0.000  0.000  0.000  0.002  0.000  0.000  0.000              10995749              12431451           0           0       0.000       0.000     106.056         381159735   1395      0     32          43   1395
     GPU 0  1.000  0.948  0.749  0.000  0.002  0.000  0.623  0.000              11756512               8319342           0           0       0.000       0.000     106.056         381159735   1395      0     32          43   1395
     GPU 0  1.000  0.000  0.000  0.000  0.002  0.000  0.000  0.000               1339767               1925915           0           0       0.000       0.000     277.888         381159735   1395      0     34          43   1395
     GPU 0  1.000  0.945  0.753  0.000  0.002  0.000  0.608  0.000               1423927               1926489           0           0       0.000       0.000     277.888         381185342   1395      0     35          44   1395
     GPU 0  1.000  0.000  0.000  0.000  0.002  0.000  0.000  0.000              11400600               7376837           0           0       0.000      65.000     277.888         381185342   1395      0     35          44   1395
     GPU 0  1.000  0.944  0.752  0.000  0.002  0.000  0.624  0.000               3554114               1454009          65           0       0.000      65.000     277.888         381185342   1395      0     36          44   1395
     GPU 0  1.000  0.000  0.000  0.000  0.002  0.000  0.000  0.000               1340236               1507766          65           0       0.000      65.000     277.888         381185342   1395      0     36          44   1395
     GPU 0  1.000  0.946  0.754  0.000  0.002  0.000  0.626  0.000               3481828               1488070          65           0       0.000      65.000     277.888         381185342   1395      0     36          44   1395
     GPU 0  1.000  0.946  0.754  0.000  0.002  0.000  0.626  0.000               3481828               1488070          65           0       0.000      65.000     282.212         381213892   1395      0     37          44   1395
     GPU 0  1.000  0.000  0.000  0.000  0.002  0.000  0.000  0.000               1338282               1672852          65           0       0.000      65.000     282.212         381213892   1395      0     37          44   1395
     GPU 0  1.000  0.942  0.748  0.000  0.002  0.000  0.622  0.000               1336577               1503649          65           0       0.000      65.000     282.212         381213892   1395      0     37          44   1395
     GPU 0  1.000  0.000  0.000  0.000  0.002  0.000  0.000  0.000               1338744               1506087          65           0       0.000      65.000     282.212         381213892   1395      0     37          44   1395
     GPU 0  1.000  0.000  0.000  0.000  0.002  0.000  0.000  0.000               1340215               1507742          65           0       0.000      65.000     283.281         381242479   1395      0     38          44   1395
     GPU 0  1.000  0.950  0.757  0.000  0.002  0.000  0.628  0.000              11118155               7416877          65           0       0.000      65.000     283.281         381242479   1395      0     38          44   1395

# Entity  GRACT  SMACT  SMOCC  TENSO  DRAMA  FP64A  FP32A  FP16A                 PCITX                 PCIRX       GPUTL       MCUTL       MUSAM       GUSAM       POWER             TOTEC  SACLK  PSTAT  TMPTR       MMTMP  SMCLK
      Id                                                                                                                                                               W                mJ                    C           C       
     GPU 0  1.000  0.950  0.757  0.000  0.002  0.000  0.628  0.000              11118155               7416877          65           0       0.000      65.000     283.281         381242479   1395      0     38          44   1395
     GPU 0  1.000  0.950  0.757  0.000  0.002  0.000  0.628  0.000              11118155               7416877          65           0       0.000      65.000     283.281         381242479   1395      0     38          44   1395
     GPU 0  1.000  0.000  0.000  0.000  0.002  0.000  0.000  0.000               1340503               1675629         100           0       0.000      99.000     283.281         381242479   1395      0     39          44   1395
     GPU 0  1.000  0.000  0.000  0.000  0.002  0.000  0.000  0.000               1340503               1675629         100           0       0.000      99.000     280.026         381242479   1395      0     39          44   1395
     GPU 0  1.000  0.946  0.755  0.000  0.002  0.000  0.626  0.000              12093300               8478992         100           0       0.000      99.000     280.026         381271435   1395      0     39          44   1395
     GPU 0  1.000  0.000  0.000  0.000  0.002  0.000  0.000  0.000               6125852               5319818         100           0       0.000      99.000     280.026         381271435   1395      0     39          44   1395
     GPU 0  1.000  0.947  0.755  0.000  0.002  0.000  0.626  0.000               3619425               3371045         100           0       0.000      99.000     280.026         381271435   1395      0     39          44   1395
     GPU 0  1.000  0.947  0.755  0.000  0.002  0.000  0.626  0.000               3619425               3371045         100           0       0.000      99.000     280.026         381271435   1395      0     39          44   1395
     GPU 0  1.000  0.945  0.754  0.000  0.002  0.000  0.625  0.000              12739661               9731959         100           0       0.000      99.000     275.702         381271435   1395      0     39          44   1395
     GPU 0  1.000  0.000  0.000  0.000  0.002  0.000  0.000  0.000               1336849               1671061         100           0       0.000      99.000     275.702         381299521   1395      0     39          44   1395
     GPU 0  1.000  0.000  0.000  0.000  0.002  0.000  0.000  0.000               1336849               1671061         100           0       0.000      99.000     275.702         381299521   1395      0     39          44   1395
     GPU 0  1.000  0.000  0.000  0.000  0.002  0.000  0.000  0.000               1336849               1671061         100           0       0.000      99.000     275.702         381299521   1395      0     39          44   1395
     GPU 0  1.000  0.000  0.000  0.000  0.002  0.000  0.000  0.000               1337436               1755385         100           0       0.000      99.000     275.702         381299521   1395      0     40          45   1395
     GPU 0  1.000  0.000  0.000  0.000  0.002  0.000  0.000  0.000               1337436               1755385         100           0       0.000      99.000     275.702         381299521   1395      0     40          45   1395

# Entity  GRACT  SMACT  SMOCC  TENSO  DRAMA  FP64A  FP32A  FP16A                 PCITX                 PCIRX       GPUTL       MCUTL       MUSAM       GUSAM       POWER             TOTEC  SACLK  PSTAT  TMPTR       MMTMP  SMCLK
      Id                                                                                                                                                               W                mJ                    C           C       
     GPU 0  1.000  0.946  0.746  0.000  0.002  0.000  0.625  0.000               8495012               6649158         100           0       0.000      99.000     277.888         381327841   1395      0     40          45   1395
     GPU 0  1.000  0.000  0.000  0.000  0.002  0.000  0.000  0.000               1322621               1735940         100           0       0.000      99.000     277.888         381327841   1395      0     40          45   1395
     GPU 0  1.000  0.952  0.752  0.000  0.002  0.000  0.629  0.000              13159137               9175542         100           0       0.000      99.000     277.888         381327841   1395      0     40          45   1395
     GPU 0  1.000  0.952  0.752  0.000  0.002  0.000  0.629  0.000              13159137               9175542         100           0       0.000      99.000     277.888         381327841   1395      0     40          45   1395
     GPU 0  1.000  0.942  0.741  0.000  0.002  0.000  0.605  0.000              10736953               7812733         100           0       0.000      99.000     277.888         381327841   1395      0     40          45   1395
     GPU 0  1.000  0.000  0.000  0.000  0.002  0.000  0.000  0.000               2420158               2753973         100           0       0.000      99.000     276.240         381327841   1395      0     40          45   1395
     GPU 0  1.000  0.000  0.000  0.000  0.002  0.000  0.000  0.000               2416591               2749914         100           0       0.000      99.000     276.240         381355981   1395      0     40          45   1395
     GPU 0  1.000  0.951  0.757  0.000  0.002  0.000  0.612  0.000              10907194               8163169         100           0       0.000      99.000     276.240         381355981   1395      0     40          45   1395
     GPU 0  1.000  0.929  0.732  0.000  0.002  0.000  0.594  0.000               4024729               3661307         100           0       0.000      99.000     276.240         381355981   1395      0     40          45   1395
     GPU 0  1.000  0.000  0.000  0.000  0.002  0.000  0.000  0.000               1340005               1675006         100           0       0.000      99.000     276.240         381355981   1395      0     41          45   1395
     GPU 0  1.000  0.000  0.000  0.000  0.002  0.000  0.000  0.000               1256097               1423576         100           0       0.000      99.000     277.888         381384032   1395      0     41          45   1395
     GPU 0  1.000  0.000  0.000  0.000  0.002  0.000  0.000  0.000               1256097               1423576         100           0       0.000      99.000     277.888         381384032   1395      0     41          45   1395
     GPU 0  1.000  0.947  0.756  0.000  0.002  0.000  0.625  0.000              13799611               9791122         100           0       0.000      99.000     277.888         381384032   1395      0     41          45   1395
     GPU 0  1.000  0.950  0.765  0.000  0.002  0.000  0.628  0.000               4604353               3690011         100           0       0.000      99.000     277.888         381384032   1395      0     41          45   1395

# Entity  GRACT  SMACT  SMOCC  TENSO  DRAMA  FP64A  FP32A  FP16A                 PCITX                 PCIRX       GPUTL       MCUTL       MUSAM       GUSAM       POWER             TOTEC  SACLK  PSTAT  TMPTR       MMTMP  SMCLK
      Id                                                                                                                                                               W                mJ                    C           C       
     GPU 0  1.000  0.000  0.000  0.000  0.002  0.000  0.000  0.000               1163359               1473589         100           0       0.000      99.000     276.240         381384032   1395      0     41          45   1395
     GPU 0  1.000  0.000  0.000  0.000  0.002  0.000  0.000  0.000               1235985               1483182         100           0       0.000      99.000     276.240         381384032   1395      0     41          45   1395
     GPU 0  1.000  0.950  0.759  0.000  0.002  0.000  0.629  0.000              13349096               8533617         100           0       0.000      99.000     276.240         381412296   1395      0     41          45   1395
     GPU 0  1.000  0.944  0.758  0.000  0.002  0.000  0.618  0.000              11302533               8223322         100           0       0.000      99.000     276.240         381412296   1395      0     41          45   1395
     GPU 0  1.000  0.000  0.000  0.000  0.002  0.000  0.000  0.000              11022176               7969826         100           0       0.000      99.000     276.240         381412296   1395      0     41          45   1395
     GPU 0  1.000  0.948  0.757  0.000  0.002  0.000  0.627  0.000              10831038               8174736         100           0       0.000      99.000     276.240         381412296   1395      0     41          45   1395
     GPU 0  1.000  0.944  0.748  0.000  0.002  0.000  0.625  0.000              10106007               7831714         100           0       0.000      99.000     278.129         381440315   1395      0     41          45   1395
     GPU 0  1.000  0.000  0.000  0.000  0.002  0.000  0.000  0.000               9488542               7340346         100           0       0.000      99.000     278.129         381440315   1395      0     41          45   1395
     GPU 0  1.000  0.000  0.000  0.000  0.002  0.000  0.000  0.000               9488542               7340346         100           0       0.000      99.000     278.129         381440315   1395      0     41          45   1395
     GPU 0  1.000  0.946  0.752  0.000  0.002  0.000  0.609  0.000              12868306               9056925         100           0       0.000      99.000     278.129         381440315   1395      0     41          45   1395
     GPU 0  1.000  0.949  0.762  0.000  0.002  0.000  0.628  0.000              11278595               8153969         100           0       0.000      99.000     278.957         381440315   1395      0     41          45   1395
     GPU 0  1.000  0.000  0.000  0.000  0.002  0.000  0.000  0.000               1420380               1671035         100           0       0.000      99.000     278.957         381468599   1395      0     42          45   1395
     GPU 0  1.000  0.951  0.757  0.000  0.002  0.000  0.629  0.000              12138518               7773726         100           0       0.000      99.000     278.957         381468599   1395      0     42          45   1395
     GPU 0  1.000  0.000  0.000  0.000  0.002  0.000  0.000  0.000              10338081               7950855         100           0       0.000      99.000     278.957         381468599   1395      0     42          45   1395

# Entity  GRACT  SMACT  SMOCC  TENSO  DRAMA  FP64A  FP32A  FP16A                 PCITX                 PCIRX       GPUTL       MCUTL       MUSAM       GUSAM       POWER             TOTEC  SACLK  PSTAT  TMPTR       MMTMP  SMCLK
      Id                                                                                                                                                               W                mJ                    C           C       
     GPU 0  1.000  0.950  0.758  0.000  0.002  0.000  0.628  0.000              10224730               7867127         100           0       0.000      99.000     278.957         381468599   1395      0     42          45   1395
     GPU 0  1.000  0.950  0.759  0.000  0.002  0.000  0.616  0.000              10858229               8404637         100           0       0.000      99.000     278.957         381468599   1395      0     42          45   1395
     GPU 0  1.000  0.000  0.000  0.000  0.002  0.000  0.000  0.000               5753772               4759644         100           0       0.000      99.000     278.426         381496618   1395      0     42          45   1395
     GPU 0  1.000  0.943  0.752  0.000  0.002  0.000  0.624  0.000               5798001               4224258         100           0       0.000      99.000     278.426         381496618   1395      0     42          45   1395
     GPU 0  1.000  0.943  0.752  0.000  0.002  0.000  0.624  0.000               5798001               4224258         100           0       0.000      99.000     278.426         381496618   1395      0     42          45   1395
     GPU 0  1.000  0.000  0.000  0.000  0.002  0.000  0.000  0.000              13229683               9536149         100           0       0.000      99.000     278.426         381496618   1395      0     42          45   1395
     GPU 0  1.000  0.949  0.755  0.000  0.002  0.000  0.627  0.000               1253767               1420936         100           0       0.000      99.000     277.888         381496618   1395      0     42          46   1395
     GPU 0  1.000  0.000  0.000  0.000  0.002  0.000  0.000  0.000              11724226               7633713         100           0       0.000      99.000     277.888         381524939   1395      0     42          45   1395
     GPU 0  1.000  0.943  0.743  0.000  0.002  0.000  0.614  0.000               1337897               1672371         100           0       0.000      99.000     277.888         381524939   1395      0     42          46   1395
     GPU 0  1.000  0.000  0.000  0.000  0.002  0.000  0.000  0.000              10923135               8392904         100           0       0.000      99.000     277.888         381524939   1395      0     42          45   1395
     GPU 0  1.000  0.950  0.758  0.000  0.002  0.000  0.612  0.000               5579738               5405197         100           0       0.000      99.000     277.888         381524939   1395      0     42          45   1395
     GPU 0  1.000  0.944  0.752  0.000  0.002  0.000  0.624  0.000               4812715               4895506         100           0       0.000      99.000     277.888         381524939   1395      0     42          46   1395
     GPU 0  1.000  0.944  0.752  0.000  0.002  0.000  0.624  0.000               4812715               4895506         100           0       0.000      99.000     278.667         381552873   1395      0     42          46   1395
     GPU 0  1.000  0.000  0.000  0.000  0.002  0.000  0.000  0.000               3460370               2231831         100           0       0.000      99.000     278.667         381552873   1395      0     42          46   1395

# Entity  GRACT  SMACT  SMOCC  TENSO  DRAMA  FP64A  FP32A  FP16A                 PCITX                 PCIRX       GPUTL       MCUTL       MUSAM       GUSAM       POWER             TOTEC  SACLK  PSTAT  TMPTR       MMTMP  SMCLK
      Id                                                                                                                                                               W                mJ                    C           C       
     GPU 0  1.000  0.952  0.760  0.000  0.002  0.000  0.629  0.000               3460645               2147974         100           0       0.000      99.000     278.667         381552873   1395      0     42          46   1395
     GPU 0  1.000  0.963  0.809  0.000  0.002  0.000  0.643  0.000               6707234               3701967         100           0       0.000      99.000     278.667         381552873   1395      0     42          46   1395
     GPU 0  1.000  0.000  0.000  0.000  0.002  0.000  0.000  0.000               9336506               5654199         100           0       0.000      99.000     279.785         381552873   1395      0     42          46   1395
     GPU 0  1.000  0.950  0.762  0.000  0.002  0.000  0.628  0.000              10829844               6352755         100           0       0.000      99.000     279.785         381552873   1395      0     42          46   1395
     GPU 0  1.000  0.947  0.782  0.000  0.002  0.000  0.632  0.000               9299779               5529668         100           0       0.000      99.000     279.785         381581211   1395      0     42          46   1395
     GPU 0  1.000  0.000  0.000  0.000  0.002  0.000  0.000  0.000               7360684               5162736         100           0       0.000      99.000     279.785         381581211   1395      0     42          46   1395
     GPU 0  1.000  0.000  0.000  0.000  0.002  0.000  0.000  0.000               7360684               5162736         100           0       0.000      99.000     279.785         381581211   1395      0     42          46   1395
     GPU 0  1.000  0.948  0.756  0.000  0.002  0.000  0.612  0.000               8465228               5954118         100           0       0.000      99.000     279.785         381581211   1395      0     43          46   1395
     GPU 0  1.000  0.946  0.753  0.000  0.002  0.000  0.625  0.000               9088334               6851412         100           0       0.000      99.000     280.026         381609327   1395      0     43          46   1395
     GPU 0  1.000  0.000  0.000  0.000  0.002  0.000  0.000  0.000              10191390               7982292         100           0       0.000      99.000     280.026         381609327   1395      0     43          46   1395
     GPU 0  1.000  0.000  0.000  0.000  0.002  0.000  0.000  0.000              10191390               7982292         100           0       0.000      99.000     280.026         381609327   1395      0     43          46   1395
     GPU 0  1.000  0.943  0.751  0.000  0.002  0.000  0.623  0.000               5668909               5128180         100           0       0.000      99.000     280.026         381609327   1395      0     43          46   1395
     GPU 0  1.000  0.946  0.757  0.000  0.002  0.000  0.626  0.000              12435653               7911364         100           0       0.000      99.000     280.026         381609327   1395      0     43          46   1395
     GPU 0  1.000  0.000  0.000  0.000  0.002  0.000  0.000  0.000               1414140               1913248         100           0       0.000      99.000     276.771         381609327   1395      0     43          46   1395

# Entity  GRACT  SMACT  SMOCC  TENSO  DRAMA  FP64A  FP32A  FP16A                 PCITX                 PCIRX       GPUTL       MCUTL       MUSAM       GUSAM       POWER             TOTEC  SACLK  PSTAT  TMPTR       MMTMP  SMCLK
      Id                                                                                                                                                               W                mJ                    C           C       
     GPU 0  1.000  0.949  0.756  0.000  0.002  0.000  0.627  0.000               7966433               6758075         100           0       0.000      99.000     276.771         381637638   1395      0     43          46   1395
     GPU 0  1.000  0.000  0.000  0.000  0.002  0.000  0.000  0.000              10092291               7772860         100           0       0.000      99.000     276.771         381637638   1395      0     43          46   1395
     GPU 0  1.000  0.950  0.766  0.000  0.002  0.000  0.618  0.000              11687746               8808067         100           0       0.000      99.000     276.771         381637638   1395      0     43          46   1395
     GPU 0  1.000  0.947  0.755  0.000  0.002  0.000  0.626  0.000              11440366               8654547         100           0       0.000      99.000     276.771         381637638   1395      0     43          46   1395
     GPU 0  1.000  0.000  0.000  0.000  0.002  0.000  0.000  0.000               9591841               7394163         100           0       0.000      99.000     277.357         381665690   1395      0     43          46   1395
     GPU 0  1.000  0.000  0.000  0.000  0.002  0.000  0.000  0.000               9591841               7394163         100           0       0.000      99.000     277.357         381665690   1395      0     43          46   1395
     GPU 0  1.000  0.942  0.752  0.000  0.002  0.000  0.623  0.000               3418546               1364792         100           0       0.000      99.000     277.357         381665690   1395      0     43          46   1395
     GPU 0  1.000  0.000  0.000  0.000  0.002  0.000  0.000  0.000               1254383               1338009         100           0       0.000      99.000     277.357         381665690   1395      0     43          46   1395
     GPU 0  1.000  0.952  0.760  0.000  0.002  0.000  0.629  0.000               1338058               1421686         100           0       0.000      99.000     277.357         381665690   1395      0     43          46   1395
     GPU 0  1.000  0.000  0.000  0.000  0.002  0.000  0.000  0.000              12616003               7954906         100           0       0.000      99.000     277.888         381665690   1395      0     43          46   1395
     GPU 0  1.000  0.943  0.749  0.000  0.002  0.000  0.623  0.000               3653080               1409173         100           0       0.000      99.000     277.888         381694082   1395      0     43          46   1395
     GPU 0  1.000  0.908  0.661  0.000  0.002  0.000  0.582  0.000               3823695               1959762         100           0       0.000      99.000     277.888         381694082   1395      0     43          46   1395
     GPU 0  1.000  0.000  0.000  0.000  0.002  0.000  0.000  0.000               5244436               3216188         100           0       0.000      99.000     277.888         381694082   1395      0     43          46   1395
     GPU 0  1.000  0.000  0.000  0.000  0.002  0.000  0.000  0.000               5244436               3216188         100           0       0.000      99.000     277.888         381694082   1395      0     43          46   1395

# Entity  GRACT  SMACT  SMOCC  TENSO  DRAMA  FP64A  FP32A  FP16A                 PCITX                 PCIRX       GPUTL       MCUTL       MUSAM       GUSAM       POWER             TOTEC  SACLK  PSTAT  TMPTR       MMTMP  SMCLK
      Id                                                                                                                                                               W                mJ                    C           C       
     GPU 0  1.000  0.948  0.757  0.000  0.002  0.000  0.611  0.000               5292306               3886999         100           0       0.000      99.000     278.957         381722082   1395      0     43          46   1395
     GPU 0  1.000  0.946  0.744  0.000  0.002  0.000  0.623  0.000               8210582               5869217         100           0       0.000      99.000     278.957         381722082   1395      0     43          46   1395
     GPU 0  1.000  0.000  0.000  0.000  0.002  0.000  0.000  0.000              12115297               8605151         100           0       0.000      99.000     278.957         381722082   1395      0     43          46   1395
     GPU 0  1.000  0.000  0.000  0.000  0.002  0.000  0.000  0.000              12115297               8605151         100           0       0.000      99.000     278.957         381722082   1395      0     43          46   1395
     GPU 0  1.000  0.945  0.746  0.000  0.002  0.000  0.623  0.000              11105779               8021272         100           0       0.000      99.000     278.957         381722082   1395      0     43          46   1395
     GPU 0  1.000  0.943  0.761  0.000  0.002  0.000  0.626  0.000               5793428               4376200         100           0       0.000      99.000     281.674         381750288   1395      0     43          46   1395
     GPU 0  1.000  0.000  0.000  0.000  0.002  0.000  0.000  0.000              11328777               8193125         100           0       0.000      99.000     281.674         381750288   1395      0     43          46   1395
     GPU 0  1.000  0.000  0.000  0.000  0.002  0.000  0.000  0.000              11328777               8193125         100           0       0.000      99.000     281.674         381750288   1395      0     43          46   1395
     GPU 0  1.000  0.000  0.000  0.000  0.002  0.000  0.000  0.000              11328777               8193125         100           0       0.000      99.000     281.674         381750288   1395      0     43          46   1395
     GPU 0  1.000  0.947  0.759  0.000  0.002  0.000  0.619  0.000              23186108              13343572         100           0       0.000      99.000     281.674         381750288   1395      0     43          46   1395
     GPU 0  1.000  0.000  0.000  0.000  0.002  0.000  0.000  0.000               9382016               6325637         100           0       0.000      99.000     277.598         381778767   1395      0     43          46   1395
     GPU 0  1.000  0.948  0.760  0.000  0.002  0.000  0.627  0.000               7120747               5622085         100           0       0.000      99.000     277.598         381778767   1395      0     43          46   1395
     GPU 0  1.000  0.948  0.760  0.000  0.002  0.000  0.627  0.000               7120747               5622085         100           0       0.000      99.000     277.598         381778767   1395      0     43          46   1395
     GPU 0  1.000  0.951  0.756  0.000  0.002  0.000  0.612  0.000               9502666               7273297         100           0       0.000      99.000     277.598         381778767   1395      0     43          46   1395

# Entity  GRACT  SMACT  SMOCC  TENSO  DRAMA  FP64A  FP32A  FP16A                 PCITX                 PCIRX       GPUTL       MCUTL       MUSAM       GUSAM       POWER             TOTEC  SACLK  PSTAT  TMPTR       MMTMP  SMCLK
      Id                                                                                                                                                               W                mJ                    C           C       
     GPU 0  1.000  0.000  0.000  0.000  0.002  0.000  0.000  0.000              13580222               8901345         100           0       0.000      99.000     277.598         381778767   1395      0     44          46   1395
     GPU 0  1.000  0.944  0.743  0.000  0.002  0.000  0.615  0.000               8107384               6516121         100           0       0.000      99.000     278.667         381807055   1395      0     44          46   1395
     GPU 0  1.000  0.947  0.758  0.000  0.002  0.000  0.627  0.000               7074735               5723565         100           0       0.000      99.000     278.667         381807055   1395      0     44          46   1395
     GPU 0  1.000  0.000  0.000  0.000  0.002  0.000  0.000  0.000               6231607               5185778         100           0       0.000      99.000     278.667         381807055   1395      0     44          46   1395
     GPU 0  1.000  0.948  0.755  0.000  0.002  0.000  0.611  0.000              12580585               9173026         100           0       0.000      99.000     278.667         381807055   1395      0     44          46   1395
     GPU 0  1.000  0.948  0.755  0.000  0.002  0.000  0.611  0.000              12580585               9173026         100           0       0.000      99.000     278.667         381807055   1395      0     44          46   1395
     GPU 0  1.000  0.956  0.783  0.000  0.002  0.000  0.638  0.000               7104267               4931074         100           0       0.000      99.000     278.667         381835445   1395      0     44          46   1395
     GPU 0  1.000  0.000  0.000  0.000  0.002  0.000  0.000  0.000               1338170               1421805         100           0       0.000      99.000     278.957         381835445   1395      0     44          46   1395
     GPU 0  1.000  0.944  0.749  0.000  0.002  0.000  0.585  0.000               6922669               6117087         100           0       0.000      99.000     278.957         381835445   1395      0     44          46   1395
     GPU 0  1.000  0.000  0.000  0.000  0.002  0.000  0.000  0.000               3466997               1410162         100           0       0.000      99.000     278.957         381835445   1395      0     44          46   1395
     GPU 0  1.000  0.954  0.768  0.000  0.002  0.000  0.632  0.000               7042401               3947174         100           0       0.000      99.000     278.957         381835445   1395      0     44          47   1395
     GPU 0  1.000  0.955  0.757  0.000  0.002  0.000  0.635  0.000               6843480               4328718         100           0       0.000      99.000     280.557         381835445   1395      0     44          46   1395
     GPU 0  1.000  0.000  0.000  0.000  0.002  0.000  0.000  0.000               7729905               5302107         100           0       0.000      99.000     280.557         381864148   1395      0     44          47   1395
     GPU 0  1.000  0.000  0.000  0.000  0.002  0.000  0.000  0.000               7729905               5302107         100           0       0.000      99.000     280.557         381864148   1395      0     44          46   1395

# Entity  GRACT  SMACT  SMOCC  TENSO  DRAMA  FP64A  FP32A  FP16A                 PCITX                 PCIRX       GPUTL       MCUTL       MUSAM       GUSAM       POWER             TOTEC  SACLK  PSTAT  TMPTR       MMTMP  SMCLK
      Id                                                                                                                                                               W                mJ                    C           C       
     GPU 0  1.000  0.950  0.756  0.000  0.002  0.000  0.622  0.000               6085769               4862663         100           0       0.000      99.000     280.557         381864148   1395      0     44          47   1395
     GPU 0  1.000  0.943  0.750  0.000  0.002  0.000  0.623  0.000               5118186               3963245         100           0       0.000      99.000     280.557         381864148   1395      0     44          47   1395
     GPU 0  1.000  0.000  0.000  0.000  0.002  0.000  0.000  0.000               8831422               6374093         100           0       0.000      99.000     279.785         381892203   1395      0     44          47   1395
     GPU 0  0.287  0.267  0.203  0.000  0.001  0.000  0.165  0.000            1456024682               4401953         100           0       0.000      99.000     279.785         381892203   1395      0     41          47   1395
     GPU 0  0.000  0.000  0.000  0.000  0.000  0.000  0.000  0.000               9111423               5828067         100           0       0.000      99.000     279.785         381892203   1395      0     41          46   1395
     GPU 0  0.000  0.000  0.000  0.000  0.000  0.000  0.000  0.000              10925324               6968353         100           0       0.000      99.000     279.785         381892203   1395      0     39          46   1395
     GPU 0  0.000  0.000  0.000  0.000  0.000  0.000  0.000  0.000              10636380               6769139         100           0       0.000      99.000     279.785         381892203   1395      0     38          46   1395
     GPU 0  0.000  0.000  0.000  0.000  0.000  0.000  0.000  0.000              10163498               5324058         100           0       0.000      99.000     279.785         381892203   1395      0     38          46   1395
     GPU 0  0.000  0.000  0.000  0.000  0.000  0.000  0.000  0.000              11149599               5203204         100           0       0.000      99.000     108.734         381906763   1395      0     37          46   1395
     GPU 0  0.000  0.000  0.000  0.000  0.000  0.000  0.000  0.000              11149599               5203204         100           0       0.000      99.000     108.734         381906763   1395      0     36          46   1395
     GPU 0  0.000  0.000  0.000  0.000  0.000  0.000  0.000  0.000              11149599               5203204         100           0       0.000      99.000     108.734         381906763   1395      0     36          46   1395
     GPU 0  0.000  0.000  0.000  0.000  0.000  0.000  0.000  0.000              11149599               5203204          45           0       0.000      45.000     108.734         381906763   1395      0     36          46   1395
     GPU 0  0.000  0.000  0.000  0.000  0.000  0.000  0.000  0.000              20403665              10342872          45           0       0.000      45.000     108.734         381917712   1395      0     35          46   1395
     GPU 0  0.000  0.000  0.000  0.000  0.000  0.000  0.000  0.000                919184                 83562          45           0       0.000      45.000     107.661         381917712   1395      0     35          46   1395

# Entity  GRACT  SMACT  SMOCC  TENSO  DRAMA  FP64A  FP32A  FP16A                 PCITX                 PCIRX       GPUTL       MCUTL       MUSAM       GUSAM       POWER             TOTEC  SACLK  PSTAT  TMPTR       MMTMP  SMCLK
      Id                                                                                                                                                               W                mJ                    C           C       
     GPU 0  0.000  0.000  0.000  0.000  0.000  0.000  0.000  0.000               7227474               4774427          45           0       0.000      45.000     107.661         381917712   1395      0     35          46   1395
     GPU 0  0.000  0.000  0.000  0.000  0.000  0.000  0.000  0.000               7103434               4426673          45           0       0.000      45.000     107.661         381917712   1395      0     35          46   1395
     GPU 0  0.000  0.000  0.000  0.000  0.000  0.000  0.000  0.000              13836145               8789858          45           0       0.000      45.000     107.661         381917712   1395      0     35          46   1395
     GPU 0  0.000  0.000  0.000  0.000  0.000  0.000  0.000  0.000              13836145               8789858          45           0       0.000      45.000     107.661         381928579   1395      0     35          46   1395
     GPU 0  0.000  0.000  0.000  0.000  0.000  0.000  0.000  0.000              12564333               7846012           0           0       0.000       0.000     107.661         381928579   1395      0     34          46   1395
     GPU 0  0.000  0.000  0.000  0.000  0.000  0.000  0.000  0.000               9760772               6069469           0           0       0.000       0.000     107.661         381928579   1395      0     34          46   1395
     GPU 0  0.000  0.000  0.000  0.000  0.000  0.000  0.000  0.000               3067725                233229           0           0       0.000       0.000     107.661         381928579   1395      0     34          46   1395
     GPU 0  0.000  0.000  0.000  0.000  0.000  0.000  0.000  0.000               3059749                274363           0           0       0.000       0.000     107.661         381928579   1395      0     34          46   1395
     GPU 0  0.000  0.000  0.000  0.000  0.000  0.000  0.000  0.000               3424813                274953           0           0       0.000       0.000     107.129         381939258   1395      0     34          46   1395
     GPU 0  0.000  0.000  0.000  0.000  0.000  0.000  0.000  0.000               2402772                329099           0           0       0.000       0.000     107.129         381939258   1395      0     34          46   1395
     GPU 0  0.000  0.000  0.000  0.000  0.000  0.000  0.000  0.000               2402772                329099           0           0       0.000       0.000     107.129         381939258   1395      0     34          46   1395
     GPU 0  0.000  0.000  0.000  0.000  0.000  0.000  0.000  0.000               4639921               2013662           0           0       0.000       0.000     107.129         381939258   1395      0     33          46   1395
     GPU 0  0.000  0.000  0.000  0.000  0.000  0.000  0.000  0.000               4932293               2249437           0           0       0.000       0.000     107.129         381939258   1395      0     33          46   1395
     GPU 0  0.000  0.000  0.000  0.000  0.000  0.000  0.000  0.000               6436789               3776215           0           0       0.000       0.000     106.838         381950063   1395      0     33          46   1395

# Entity  GRACT  SMACT  SMOCC  TENSO  DRAMA  FP64A  FP32A  FP16A                 PCITX                 PCIRX       GPUTL       MCUTL       MUSAM       GUSAM       POWER             TOTEC  SACLK  PSTAT  TMPTR       MMTMP  SMCLK
      Id                                                                                                                                                               W                mJ                    C           C       
     GPU 0  0.000  0.000  0.000  0.000  0.000  0.000  0.000  0.000               8326117               3968587           0           0       0.000       0.000     106.838         381950063   1395      0     33          46   1395
     GPU 0  0.000  0.000  0.000  0.000  0.000  0.000  0.000  0.000               6446177               4031864           0           0       0.000       0.000     106.838         381950063   1395      0     33          46   1395
     GPU 0  0.000  0.000  0.000  0.000  0.000  0.000  0.000  0.000               6446177               4031864           0           0       0.000       0.000     106.838         381950063   1395      0     33          46   1395
     GPU 0  0.000  0.000  0.000  0.000  0.000  0.000  0.000  0.000              16880558              10814107           0           0       0.000       0.000     106.838         381950063   1395      0     33          46   1395
     GPU 0  0.000  0.000  0.000  0.000  0.000  0.000  0.000  0.000              16880558              10814107           0           0       0.000       0.000     106.838         381960966   1395      0     33          46   1395
     GPU 0  0.000  0.000  0.000  0.000  0.000  0.000  0.000  0.000              13427344              12046017           0           0       0.000       0.000     106.838         381960966   1395      0     33          46   1395
     GPU 0  0.000  0.000  0.000  0.000  0.000  0.000  0.000  0.000              13427344              12046017           0           0       0.000       0.000     106.838         381960966   1395      0     33          46   1395
     GPU 0  0.000  0.000  0.000  0.000  0.018  0.000  0.000  0.000              12533927               9205415           0           0       0.000       0.000     106.838         381960966   1395      0     33          46   1395
     GPU 0  0.000  0.000  0.000  0.000  0.018  0.000  0.000  0.000              12533927               9205415           0           0       0.000       0.000     106.838         381960966   1395      0     33          46   1395
     GPU 0  0.000  0.000  0.000  0.000  0.000  0.000  0.000  0.000              11781689              20928001           0           0       0.000       0.000     106.596         381971671   1395      0     33          46   1395
     GPU 0  0.000  0.000  0.000  0.000  0.000  0.000  0.000  0.000              11781689              20928001           0           0       0.000       0.000     106.596         381971671   1395      0     33          46   1395
     GPU 0  0.000  0.000  0.000  0.000  0.000  0.000  0.000  0.000              11781689              20928001           0           0       0.000       0.000     106.596         381971671   1395      0     33          46   1395
     GPU 0  0.000  0.000  0.000  0.000  0.000  0.000  0.000  0.000              11781689              20928001           6           0       0.000       0.000     106.596         381971671   1395      0     33          46   1395
     GPU 0  0.000  0.000  0.000  0.000  0.000  0.000  0.000  0.000               4506995               6259715           6           0       0.000       0.000     106.596         381971671   1395      0     32          46   1395

# Entity  GRACT  SMACT  SMOCC  TENSO  DRAMA  FP64A  FP32A  FP16A                 PCITX                 PCIRX       GPUTL       MCUTL       MUSAM       GUSAM       POWER             TOTEC  SACLK  PSTAT  TMPTR       MMTMP  SMCLK
      Id                                                                                                                                                               W                mJ                    C           C       
     GPU 0  0.000  0.000  0.000  0.000  0.000  0.000  0.000  0.000               7068422               4411497           6           0       0.000       0.000     106.596         381982566   1395      0     32          46   1395
     GPU 0  0.000  0.000  0.000  0.000  0.000  0.000  0.000  0.000               3431317               5068991           6           0       0.000       0.000     106.596         381982566   1395      0     32          46   1395
     GPU 0  0.000  0.000  0.000  0.000  0.000  0.000  0.000  0.000              10079364               9253187           6           0       0.000       0.000     106.596         381982566   1395      0     32          46   1395
     GPU 0  0.000  0.000  0.000  0.000  0.000  0.000  0.000  0.000              10079364               9253187           6           0       0.000       0.000     106.596         381982566   1395      0     32          46   1395
     GPU 0  0.000  0.000  0.000  0.000  0.000  0.000  0.000  0.000               8173431               5281648           6           0       0.000       0.000     106.596         381982566   1395      0     32          46   1395
     GPU 0  0.000  0.000  0.000  0.000  0.000  0.000  0.000  0.000              10305581               6536314           6           0       0.000       0.000     106.596         381993441   1395      0     32          46   1395
     GPU 0  0.000  0.000  0.000  0.000  0.000  0.000  0.000  0.000              14029145               7239223           6           0       0.000       0.000     106.596         381993441   1395      0     32          46   1395
     GPU 0  0.000  0.000  0.000  0.000  0.000  0.000  0.000  0.000               3015264                232315           0           0       0.000       0.000     106.596         381993441   1395      0     32          46   1395
     GPU 0  0.000  0.000  0.000  0.000  0.000  0.000  0.000  0.000               2042371                163218           0           0       0.000       0.000     106.596         381993441   1395      0     32          46   1395
     GPU 0  0.000  0.000  0.000  0.000  0.000  0.000  0.000  0.000               2042371                163218           0           0       0.000       0.000     106.596         381993441   1395      0     32          46   1395
     GPU 0  0.000  0.000  0.000  0.000  0.000  0.000  0.000  0.000               5002024               2299342           0           0       0.000       0.000     106.298         382004006   1395      0     32          46   1395
     GPU 0  0.000  0.000  0.000  0.000  0.000  0.000  0.000  0.000               4958928               2481081           0           0       0.000       0.000     106.298         382004006   1395      0     32          45   1395
     GPU 0  0.000  0.000  0.000  0.000  0.000  0.000  0.000  0.000               7866596               4277343           0           0       0.000       0.000     106.298         382004006   1395      0     32          46   1395
     GPU 0  0.000  0.000  0.000  0.000  0.000  0.000  0.000  0.000               9277019               5503096           0           0       0.000       0.000     106.298         382004006   1395      0     32          46   1395

# Entity  GRACT  SMACT  SMOCC  TENSO  DRAMA  FP64A  FP32A  FP16A                 PCITX                 PCIRX       GPUTL       MCUTL       MUSAM       GUSAM       POWER             TOTEC  SACLK  PSTAT  TMPTR       MMTMP  SMCLK
      Id                                                                                                                                                               W                mJ                    C           C       
     GPU 0  0.000  0.000  0.000  0.000  0.000  0.000  0.000  0.000              10854569               6955920           0           0       0.000       0.000     106.298         382004006   1395      0     32          46   1395
     GPU 0  0.000  0.000  0.000  0.000  0.000  0.000  0.000  0.000               9489958               6093383           0           0       0.000       0.000     106.298         382014767   1395      0     32          46   1395
     GPU 0  0.000  0.000  0.000  0.000  0.000  0.000  0.000  0.000               9489958               6093383           0           0       0.000       0.000     106.298         382014767   1395      0     32          46   1395
     GPU 0  0.000  0.000  0.000  0.000  0.000  0.000  0.000  0.000               9489958               6093383           0           0       0.000       0.000     106.298         382014767   1395      0     32          46   1395
     GPU 0  0.000  0.000  0.000  0.000  0.000  0.000  0.000  0.000               9489958               6093383           0           0       0.000       0.000     106.298         382014767   1395      0     32          46   1395
     GPU 0  0.000  0.000  0.000  0.000  0.000  0.000  0.000  0.000              15474714               7152095           0           0       0.000       0.000     106.298         382014767   1395      0     32          46   1395
     GPU 0  0.000  0.000  0.000  0.000  0.000  0.000  0.000  0.000               7811590               4407177           0           0       0.000       0.000     107.419         382025635   1395      0     32          45   1395
     GPU 0  0.000  0.000  0.000  0.000  0.000  0.000  0.000  0.000              12339362               8097473           0           0       0.000       0.000     107.419         382025635   1395      0     32          45   1395
     GPU 0  0.000  0.000  0.000  0.000  0.000  0.000  0.000  0.000              11922655               7930229           0           0       0.000       0.000     107.419         382025635   1395      0     31          45   1395
     GPU 0  0.000  0.000  0.000  0.000  0.000  0.000  0.000  0.000               9728547               6463317           0           0       0.000       0.000     107.419         382025635   1395      0     31          46   1395
     GPU 0  0.000  0.000  0.000  0.000  0.000  0.000  0.000  0.000               6924339               3378501           0           0       0.000       0.000     107.419         382025635   1395      0     31          45   1395
     GPU 0  0.000  0.000  0.000  0.000  0.000  0.000  0.000  0.000               6924339               3378501           0           0       0.000       0.000     107.419         382036510   1395      0     31          45   1395
     GPU 0  0.000  0.000  0.000  0.000  0.000  0.000  0.000  0.000              10885923               6414963           0           0       0.000       0.000     107.419         382036510   1395      0     31          45   1395
     GPU 0  0.000  0.000  0.000  0.000  0.000  0.000  0.000  0.000               5619399               2425649           0           0       0.000       0.000     107.419         382036510   1395      0     31          45   1395

# Entity  GRACT  SMACT  SMOCC  TENSO  DRAMA  FP64A  FP32A  FP16A                 PCITX                 PCIRX       GPUTL       MCUTL       MUSAM       GUSAM       POWER             TOTEC  SACLK  PSTAT  TMPTR       MMTMP  SMCLK
      Id                                                                                                                                                               W                mJ                    C           C       
     GPU 0  0.000  0.000  0.000  0.000  0.000  0.000  0.000  0.000               7325953               4299651           0           0       0.000       0.000     107.419         382036510   1395      0     31          46   1395
     GPU 0  0.000  0.000  0.000  0.000  0.000  0.000  0.000  0.000               6611040               3989916           0           0       0.000       0.000     107.419         382036510   1395      0     31          46   1395
     GPU 0  0.000  0.000  0.000  0.000  0.000  0.000  0.000  0.000               5973889               3485686           0           0       0.000       0.000     107.419         382047379   1395      0     31          46   1395
     GPU 0  0.000  0.000  0.000  0.000  0.000  0.000  0.000  0.000               5973889               3485686           0           0       0.000       0.000     107.661         382047379   1395      0     31          45   1395
     GPU 0  0.000  0.000  0.000  0.000  0.000  0.000  0.000  0.000               9376929               4622947           0           0       0.000       0.000     107.661         382047379   1395      0     31          45   1395
     GPU 0  0.000  0.000  0.000  0.000  0.000  0.000  0.000  0.000               6359161               4288652           0           0       0.000       0.000     107.661         382047379   1395      0     31          45   1395
     GPU 0  0.000  0.000  0.000  0.000  0.000  0.000  0.000  0.000               7389471               4097328           0           0       0.000       0.000     107.661         382047379   1395      0     31          45   1395
     GPU 0  0.000  0.000  0.000  0.000  0.000  0.000  0.000  0.000              10682379               5798809           0           0       0.000       0.000     107.661         382047379   1395      0     31          45   1395
     GPU 0  0.000  0.000  0.000  0.000  0.000  0.000  0.000  0.000               6234528               3275621           0           0       0.000       0.000     107.661         382058433   1395      0     31          45   1395
     GPU 0  0.000  0.000  0.000  0.000  0.000  0.000  0.000  0.000               3422103                232889           0           0       0.000       0.000     107.661         382058433   1395      0     31          45   1395
     GPU 0  0.000  0.000  0.000  0.000  0.000  0.000  0.000  0.000               1254783                 83652           0           0       0.000       0.000     107.661         382058433   1395      0     31          45   1395
     GPU 0  0.000  0.000  0.000  0.000  0.000  0.000  0.000  0.000               1254783                 83652           0           0       0.000       0.000     107.661         382058433   1395      0     31          45   1395
     GPU 0  0.000  0.000  0.000  0.000  0.000  0.000  0.000  0.000              11031866               6769410           0           0       0.000       0.000     107.419         382069110   1395      0     31          45   1395
     GPU 0  0.000  0.000  0.000  0.000  0.000  0.000  0.000  0.000              11393474               7372617           0           0       0.000       0.000     107.419         382069110   1395      0     31          45   1395

# Entity  GRACT  SMACT  SMOCC  TENSO  DRAMA  FP64A  FP32A  FP16A                 PCITX                 PCIRX       GPUTL       MCUTL       MUSAM       GUSAM       POWER             TOTEC  SACLK  PSTAT  TMPTR       MMTMP  SMCLK
      Id                                                                                                                                                               W                mJ                    C           C       
     GPU 0  0.000  0.000  0.000  0.000  0.000  0.000  0.000  0.000               9835077               6268188           0           0       0.000       0.000     107.419         382069110   1395      0     31          45   1395
     GPU 0  0.000  0.000  0.000  0.000  0.000  0.000  0.000  0.000              11466286               7068906           0           0       0.000       0.000     107.419         382069110   1395      0     31          45   1395
     GPU 0  0.000  0.000  0.000  0.000  0.000  0.000  0.000  0.000               3060296                274413           0           0       0.000       0.000     107.419         382069110   1395      0     31          45   1395
     GPU 0  0.000  0.000  0.000  0.000  0.000  0.000  0.000  0.000               1004699                 83724           0           0       0.000       0.000     107.419         382069110   1395      0     31          45   1395
     GPU 0  0.000  0.000  0.000  0.000  0.000  0.000  0.000  0.000               7720231               5007994           0           0       0.000       0.000     107.419         382080115   1395      0     31          45   1395
     GPU 0  0.000  0.000  0.000  0.000  0.000  0.000  0.000  0.000              11201761               6970104           0           0       0.000       0.000     107.419         382080115   1395      0     31          45   1395
     GPU 0  0.000  0.000  0.000  0.000  0.000  0.000  0.000  0.000              12478083               7818987           0           0       0.000       0.000     107.419         382080115   1395      0     31          45   1395
     GPU 0  0.000  0.000  0.000  0.000  0.000  0.000  0.000  0.000              12478083               7818987           0           0       0.000       0.000     107.419         382080115   1395      0     31          45   1395
     GPU 0  0.000  0.000  0.000  0.000  0.000  0.000  0.000  0.000              10717608               6784306           0           0       0.000       0.000     107.419         382090716   1395      0     31          45   1395
     GPU 0  0.000  0.000  0.000  0.000  0.000  0.000  0.000  0.000               9793328               6319583           0           0       0.000       0.000     107.419         382090716   1395      0     31          45   1395
     GPU 0  0.000  0.000  0.000  0.000  0.000  0.000  0.000  0.000              10134705               6628368           0           0       0.000       0.000     107.419         382090716   1395      0     31          45   1395
     GPU 0  0.000  0.000  0.000  0.000  0.000  0.000  0.000  0.000              11408306               6982669           0           0       0.000       0.000     107.419         382090716   1395      0     31          45   1395
     GPU 0  0.000  0.000  0.000  0.000  0.000  0.000  0.000  0.000               1524608                308043           0           0       0.000       0.000     107.419         382090716   1395      0     31          45   1395
     GPU 0  0.000  0.000  0.000  0.000  0.000  0.000  0.000  0.000               1003811                 83650           0           0       0.000       0.000     107.419         382090716   1395      0     31          45   1395

# Entity  GRACT  SMACT  SMOCC  TENSO  DRAMA  FP64A  FP32A  FP16A                 PCITX                 PCIRX       GPUTL       MCUTL       MUSAM       GUSAM       POWER             TOTEC  SACLK  PSTAT  TMPTR       MMTMP  SMCLK
      Id                                                                                                                                                               W                mJ                    C           C       
     GPU 0  0.000  0.000  0.000  0.000  0.000  0.000  0.000  0.000               1003937                 83661           0           0       0.000       0.000     107.419         382101733   1395      0     31          45   1395
     GPU 0  0.000  0.000  0.000  0.000  0.000  0.000  0.000  0.000              13268152               8287555           0           0       0.000       0.000     107.419         382101733   1395      0     31          45   1395
     GPU 0  0.000  0.000  0.000  0.000  0.000  0.000  0.000  0.000              10466844               6488473           0           0       0.000       0.000     107.419         382101733   1395      0     31          45   1395
     GPU 0  0.000  0.000  0.000  0.000  0.000  0.000  0.000  0.000               4046241               2860261           0           0       0.000       0.000     107.419         382101733   1395      0     31          45   1395
     GPU 0  0.000  0.000  0.000  0.000  0.000  0.000  0.000  0.000               4046241               2860261           0           0       0.000       0.000     107.419         382112364   1395      0     31          45   1395
