# Entity  GRACT  SMACT  SMOCC  TENSO  DRAMA  FP64A  FP32A  FP16A                 PCITX                 PCIRX       GPUTL       MCUTL       MUSAM       GUSAM       POWER             TOTEC  SACLK  PSTAT  TMPTR       MMTMP  SMCLK
      Id                                                                                                                                                               W                mJ                    C           C       
     GPU 0  0.000  0.000  0.000  0.000  0.000  0.000  0.000  0.000             105705705               9609609           0           0       0.000       0.000      77.020        6515137246    960      0     26          43    210
     GPU 0  0.000  0.000  0.000  0.000  0.000  0.000  0.000  0.000               9224039               4850008           0           0       0.000       0.000      77.020        6515137246    960      0     26          43    210
     GPU 0  0.000  0.000  0.000  0.000  0.000  0.000  0.000  0.000               9224039               4850008           0           0       0.000       0.000      77.020        6515137246    960      0     26          43    210
     GPU 0  0.000  0.000  0.000  0.000  0.000  0.000  0.000  0.000               9019526               6148929           0           0       0.000       0.000      77.020        6515137246    960      0     26          43    210
     GPU 0  0.000  0.000  0.000  0.000  0.000  0.000  0.000  0.000               4736892               2754621           0           0       0.000       0.000      78.383        6515137246    960      0     26          43    210
     GPU 0  0.000  0.000  0.000  0.000  0.000  0.000  0.000  0.000               8557635               4967755           0           0       0.000       0.000      78.383        6515145112    960      0     27          43    210
     GPU 0  0.000  0.000  0.000  0.000  0.000  0.000  0.000  0.000               8557635               4967755           0           0       0.000       0.000      78.383        6515145112    960      0     27          43    210
     GPU 0  0.000  0.000  0.000  0.000  0.000  0.000  0.000  0.000               5923007               4779373           0           0       0.000       0.000      78.383        6515145112    960      0     27          43    210
     GPU 0  0.000  0.000  0.000  0.000  0.000  0.000  0.000  0.000               3062336                232855           0           0       0.000       0.000      78.383        6515145112    960      0     27          43    210
     GPU 0  0.000  0.000  0.000  0.000  0.000  0.000  0.000  0.000               3185551                 41842           0           0       0.000       0.000      78.383        6515153033    960      0     27          43    210
     GPU 0  0.000  0.000  0.000  0.000  0.000  0.000  0.000  0.000               5106700               1664227           0           0       0.000       0.000      78.383        6515153033    960      0     27          43    210
     GPU 0  0.000  0.000  0.000  0.000  0.000  0.000  0.000  0.000               4209604               2063959           0           0       0.000       0.000      78.383        6515153033    960      0     27          43    210
     GPU 0  0.000  0.000  0.000  0.000  0.000  0.000  0.000  0.000               4209604               2063959           0           0       0.000       0.000      78.383        6515153033    960      0     26          43    210
     GPU 0  0.000  0.000  0.000  0.000  0.000  0.000  0.000  0.000               7016676               4300963           0           0       0.000       0.000      78.383        6515153033    960      0     26          43    210
     GPU 0  0.000  0.000  0.000  0.000  0.000  0.000  0.000  0.000               6478747               4805777           0           0       0.000       0.000      78.383        6515153033    960      0     27          43    210

# Entity  GRACT  SMACT  SMOCC  TENSO  DRAMA  FP64A  FP32A  FP16A                 PCITX                 PCIRX       GPUTL       MCUTL       MUSAM       GUSAM       POWER             TOTEC  SACLK  PSTAT  TMPTR       MMTMP  SMCLK
      Id                                                                                                                                                               W                mJ                    C           C       
     GPU 0  0.000  0.000  0.000  0.000  0.000  0.000  0.000  0.000               7270764               4130430           0           0       0.000       0.000      78.383        6515160988    960      0     27          43    210
     GPU 0  0.000  0.000  0.000  0.000  0.000  0.000  0.000  0.000               7270764               4130430           0           0       0.000       0.000      78.383        6515160988    960      0     27          43    210
     GPU 0  0.000  0.000  0.000  0.000  0.000  0.000  0.000  0.000               3026716                275156           0           0       0.000       0.000      78.383        6515160988    960      0     27          43    210
     GPU 0  0.000  0.000  0.000  0.000  0.000  0.000  0.000  0.000               3192760                 41895           0           0       0.000       0.000      78.383        6515160988    960      0     27          43    210
     GPU 0  0.000  0.000  0.000  0.000  0.000  0.000  0.000  0.000               4003821               1584309           0           0       0.000       0.000      78.383        6515168853    960      0     27          43    210
     GPU 0  0.000  0.000  0.000  0.000  0.000  0.000  0.000  0.000               7152121               2815971           0           0       0.000       0.000      78.383        6515168853    960      0     27          43    210
     GPU 0  0.000  0.000  0.000  0.000  0.000  0.000  0.000  0.000               7152121               2815971           0           0       0.000       0.000      78.383        6515168853    960      0     27          43    210
     GPU 0  0.000  0.000  0.000  0.000  0.000  0.000  0.000  0.000               7686154               4677325           0           0       0.000       0.000      78.383        6515168853    960      0     27          43    210
     GPU 0  0.000  0.000  0.000  0.000  0.000  0.000  0.000  0.000               3806647               2927439           0           0       0.000       0.000      78.383        6515168853    960      0     27          43    210
     GPU 0  0.000  0.000  0.000  0.000  0.000  0.000  0.000  0.000               5022417               7784747           0           0       0.000       0.000      78.383        6515168853    960      0     27          43    210
     GPU 0  0.000  0.000  0.000  0.000  0.000  0.000  0.000  0.000               5022417               7784747           0           0       0.000       0.000      78.383        6515176863    960      0     27          43    210
     GPU 0  0.000  0.000  0.000  0.000  0.000  0.000  0.000  0.000               4266791               3916096           0           0       0.000       0.000      78.383        6515176863    960      0     27          43    210
     GPU 0  0.000  0.000  0.000  0.000  0.000  0.000  0.000  0.000               2060048              11171801           0           0       0.000       0.000      78.383        6515176863    960      0     27          43    210
     GPU 0  0.000  0.000  0.000  0.000  0.000  0.000  0.000  0.000               9233353              23578027           0           0       0.000       0.000      78.383        6515176863    960      0     27          43    210

# Entity  GRACT  SMACT  SMOCC  TENSO  DRAMA  FP64A  FP32A  FP16A                 PCITX                 PCIRX       GPUTL       MCUTL       MUSAM       GUSAM       POWER             TOTEC  SACLK  PSTAT  TMPTR       MMTMP  SMCLK
      Id                                                                                                                                                               W                mJ                    C           C       
     GPU 0  0.000  0.000  0.000  0.000  0.000  0.000  0.000  0.000               2608757               8315415           0           0       0.000       0.000      78.383        6515184730    960      0     27          43    210
     GPU 0  0.000  0.000  0.000  0.000  0.000  0.000  0.000  0.000               6442267               5109384           0           0       0.000       0.000      78.383        6515184730    960      0     27          43    210
     GPU 0  0.000  0.000  0.000  0.000  0.000  0.000  0.000  0.000               6442267               5109384           0           0       0.000       0.000      78.383        6515184730    960      0     27          43    210
     GPU 0  0.000  0.000  0.000  0.000  0.000  0.000  0.000  0.000               6878680               4922358           0           0       0.000       0.000      78.383        6515184730    960      0     27          43    210
     GPU 0  0.000  0.000  0.000  0.000  0.000  0.000  0.000  0.000               6878680               4922358           0           0       0.000       0.000      78.383        6515184730    960      0     27          43    210
     GPU 0  0.000  0.000  0.000  0.000  0.000  0.000  0.000  0.000              10022583               6797260           0           0       0.000       0.000      78.383        6515192631    960      0     27          43    210
     GPU 0  0.000  0.000  0.000  0.000  0.000  0.000  0.000  0.000              10022583               6797260           0           0       0.000       0.000      78.383        6515192631    960      0     27          43    210
     GPU 0  0.000  0.000  0.000  0.000  0.000  0.000  0.000  0.000               1592289               2597946           0           0       0.000       0.000      78.383        6515192631    960      0     27          43    210
     GPU 0  0.000  0.000  0.000  0.000  0.000  0.000  0.000  0.000               2046162               1984157           0           0       0.000       0.000      78.383        6515192631    960      0     27          43    210
     GPU 0  0.000  0.000  0.000  0.000  0.000  0.000  0.000  0.000               1662190               2991943           0           0       0.000       0.000      78.383        6515192631    960      0     27          43    210
     GPU 0  0.000  0.000  0.000  0.000  0.000  0.000  0.000  0.000               1662190               2991943           0           0       0.000       0.000      78.383        6515192631    960      0     27          43    210
     GPU 0  0.000  0.000  0.000  0.000  0.000  0.000  0.000  0.000              10212538               6173251           0           0       0.000       0.000      78.383        6515200610    960      0     27          43    210
     GPU 0  0.000  0.000  0.000  0.000  0.000  0.000  0.000  0.000              10212538               6173251           0           0       0.000       0.000      78.383        6515200610    960      0     27          43    210
     GPU 0  0.000  0.000  0.000  0.000  0.000  0.000  0.000  0.000               1452673               4705399           0           0       0.000       0.000      78.383        6515200610    960      0     27          43    210

# Entity  GRACT  SMACT  SMOCC  TENSO  DRAMA  FP64A  FP32A  FP16A                 PCITX                 PCIRX       GPUTL       MCUTL       MUSAM       GUSAM       POWER             TOTEC  SACLK  PSTAT  TMPTR       MMTMP  SMCLK
      Id                                                                                                                                                               W                mJ                    C           C       
     GPU 0  0.000  0.000  0.000  0.000  0.000  0.000  0.000  0.000               7290762             330463395           0           0       0.000       0.000      78.383        6515200610    960      0     27          43    210
     GPU 0  0.000  0.000  0.000  0.000  0.000  0.000  0.000  0.000               5262731              18379078           0           0       0.000       0.000      78.383        6515200610    960      0     27          43    210
     GPU 0  0.000  0.000  0.000  0.000  0.000  0.000  0.000  0.000               5262731              18379078           0           0       0.000       0.000      78.383        6515208431    960      0     27          43    210
     GPU 0  0.000  0.000  0.000  0.000  0.000  0.000  0.000  0.000               5745601              20484316           0           0       0.000       0.000      78.383        6515208431    960      0     27          43    960
     GPU 0  0.161  0.000  0.000  0.000  0.000  0.000  0.000  0.000              62007491             421337175           0           0       0.000       0.000      78.383        6515208431    960      0     27          43    960
     GPU 0  0.161  0.000  0.000  0.000  0.000  0.000  0.000  0.000              62007491             421337175           0           0       0.000       0.000      78.383        6515208431    960      0     27          43    960
     GPU 0  0.032  0.000  0.000  0.000  0.001  0.000  0.000  0.000             247317656            2139546206           0           0       0.000       0.000     127.056        6515217487    960      0     28          43    960
     GPU 0  1.000  0.000  0.000  0.000  0.001  0.000  0.000  0.000               9893281               9027208           0           0       0.000       0.000     127.056        6515217487    960      0     28          43    960
     GPU 0  1.000  0.935  0.725  0.000  0.001  0.000  0.593  0.000               8746393               5477331          25           0       0.000      25.000     127.056        6515217487    960      0     29          43    960
     GPU 0  1.000  0.943  0.758  0.000  0.001  0.000  0.603  0.000               8629718               6025778          25           0       0.000      25.000     127.056        6515217487    960      0     29          43    960
     GPU 0  1.000  0.000  0.000  0.000  0.001  0.000  0.000  0.000               9756431               6962632          25           0       0.000      25.000     127.056        6515217487    960      0     29          43    960
     GPU 0  1.000  0.940  0.745  0.000  0.001  0.000  0.620  0.000              10035698               7425823          25           0       0.000      25.000     127.056        6515217487    960      0     30          43    960
     GPU 0  1.000  0.937  0.754  0.000  0.001  0.000  0.618  0.000               9849817               6398713          25           0       0.000      25.000     160.628        6515233507    960      0     30          43    960
     GPU 0  1.000  0.937  0.754  0.000  0.001  0.000  0.618  0.000               9849817               6398713          25           0       0.000      25.000     160.628        6515233507    960      0     30          43    960

# Entity  GRACT  SMACT  SMOCC  TENSO  DRAMA  FP64A  FP32A  FP16A                 PCITX                 PCIRX       GPUTL       MCUTL       MUSAM       GUSAM       POWER             TOTEC  SACLK  PSTAT  TMPTR       MMTMP  SMCLK
      Id                                                                                                                                                               W                mJ                    C           C       
     GPU 0  1.000  0.000  0.000  0.000  0.001  0.000  0.000  0.000               3388787                778150          25           0       0.000      25.000     160.628        6515233507    960      0     30          43    960
     GPU 0  1.000  0.941  0.752  0.000  0.001  0.000  0.623  0.000               5792638               2826902          25           0       0.000      25.000     160.628        6515233507    960      0     31          44    960
     GPU 0  1.000  0.945  0.732  0.000  0.001  0.000  0.627  0.000               6515295               3796822          25           0       0.000      25.000     160.628        6515249722    960      0     31          44    960
     GPU 0  1.000  0.000  0.000  0.000  0.001  0.000  0.000  0.000               7161845               4904041          25           0       0.000      25.000     160.628        6515249722    960      0     31          44    960
     GPU 0  1.000  0.939  0.726  0.000  0.001  0.000  0.615  0.000               8629800               5995487         100           0       0.000      99.000     160.628        6515249722    960      0     31          44    960
     GPU 0  1.000  0.948  0.749  0.000  0.001  0.000  0.604  0.000               9532695               6958133         100           0       0.000      99.000     160.628        6515249722    960      0     31          44    960
     GPU 0  1.000  0.000  0.000  0.000  0.001  0.000  0.000  0.000               9624623               7216542         100           0       0.000      99.000     160.628        6515249722    960      0     31          43    960
     GPU 0  1.000  0.000  0.000  0.000  0.001  0.000  0.000  0.000               9624623               7216542         100           0       0.000      99.000     160.628        6515249722    960      0     31          43    960
     GPU 0  1.000  0.947  0.752  0.000  0.001  0.000  0.604  0.000              10003276               7510588         100           0       0.000      99.000     161.215        6515266011    960      0     31          43    960
     GPU 0  1.000  0.950  0.770  0.000  0.001  0.000  0.630  0.000               9884519               6175208         100           0       0.000      99.000     161.215        6515266011    960      0     31          43    960
     GPU 0  1.000  0.000  0.000  0.000  0.001  0.000  0.000  0.000               4303958               3761250         100           0       0.000      99.000     161.215        6515266011    960      0     31          43    960
     GPU 0  1.000  0.000  0.000  0.000  0.001  0.000  0.000  0.000               4303958               3761250         100           0       0.000      99.000     161.215        6515266011    960      0     31          43    960
     GPU 0  1.000  0.936  0.759  0.000  0.001  0.000  0.618  0.000               8008172               7078894         100           0       0.000      99.000     161.215        6515282301    960      0     31          43    960
     GPU 0  1.000  0.000  0.000  0.000  0.001  0.000  0.000  0.000               4957758               3499594         100           0       0.000      99.000     161.215        6515282301    960      0     32          43    960

# Entity  GRACT  SMACT  SMOCC  TENSO  DRAMA  FP64A  FP32A  FP16A                 PCITX                 PCIRX       GPUTL       MCUTL       MUSAM       GUSAM       POWER             TOTEC  SACLK  PSTAT  TMPTR       MMTMP  SMCLK
      Id                                                                                                                                                               W                mJ                    C           C       
     GPU 0  1.000  0.952  0.758  0.000  0.001  0.000  0.610  0.000               7926095               5348190         100           0       0.000      99.000     161.215        6515282301    960      0     32          43    960
     GPU 0  1.000  0.943  0.757  0.000  0.001  0.000  0.624  0.000               9763947               7010183         100           0       0.000      99.000     161.215        6515282301    960      0     32          43    960
     GPU 0  1.000  0.000  0.000  0.000  0.001  0.000  0.000  0.000               9905288               7449466         100           0       0.000      99.000     161.215        6515282301    960      0     32          43    960
     GPU 0  1.000  0.936  0.748  0.000  0.001  0.000  0.617  0.000              10359296               7685901         100           0       0.000      99.000     161.215        6515282301    960      0     32          43    960
     GPU 0  1.000  0.943  0.750  0.000  0.001  0.000  0.624  0.000              10253298               6731361         100           0       0.000      99.000     161.457        6515298603    960      0     32          43    960
     GPU 0  1.000  0.000  0.000  0.000  0.001  0.000  0.000  0.000               3386907               1244557         100           0       0.000      99.000     161.457        6515298603    960      0     32          43    960
     GPU 0  1.000  0.000  0.000  0.000  0.001  0.000  0.000  0.000               3386907               1244557         100           0       0.000      99.000     161.457        6515298603    960      0     32          43    960
     GPU 0  1.000  0.941  0.762  0.000  0.001  0.000  0.621  0.000               3429111               1286069         100           0       0.000      99.000     161.457        6515298603    960      0     32          43    960
     GPU 0  1.000  0.971  0.816  0.000  0.001  0.000  0.655  0.000               4984805               2752710         100           0       0.000      99.000     160.628        6515298603    960      0     32          43    960
     GPU 0  1.000  0.000  0.000  0.000  0.001  0.000  0.000  0.000               8268633               4405641         100           0       0.000      99.000     160.628        6515314854    960      0     32          43    960
     GPU 0  1.000  0.937  0.760  0.000  0.001  0.000  0.599  0.000               7675370               6138867         100           0       0.000      99.000     160.628        6515314854    960      0     32          43    960
     GPU 0  1.000  0.937  0.760  0.000  0.001  0.000  0.599  0.000               7675370               6138867         100           0       0.000      99.000     160.628        6515314854    960      0     32          43    960
     GPU 0  1.000  0.948  0.753  0.000  0.001  0.000  0.622  0.000               9199222               6708855         100           0       0.000      99.000     160.628        6515314854    960      0     32          44    960
     GPU 0  1.000  0.000  0.000  0.000  0.001  0.000  0.000  0.000               7593500               6419332         100           0       0.000      99.000     160.628        6515314854    960      0     32          44    960

# Entity  GRACT  SMACT  SMOCC  TENSO  DRAMA  FP64A  FP32A  FP16A                 PCITX                 PCIRX       GPUTL       MCUTL       MUSAM       GUSAM       POWER             TOTEC  SACLK  PSTAT  TMPTR       MMTMP  SMCLK
      Id                                                                                                                                                               W                mJ                    C           C       
     GPU 0  1.000  0.943  0.752  0.000  0.001  0.000  0.624  0.000               6678691               4754970         100           0       0.000      99.000     161.215        6515331331    960      0     32          44    960
     GPU 0  1.000  0.939  0.748  0.000  0.001  0.000  0.621  0.000               9922186               6236239         100           0       0.000      99.000     161.215        6515331331    960      0     32          44    960
     GPU 0  1.000  0.939  0.748  0.000  0.001  0.000  0.621  0.000               9922186               6236239         100           0       0.000      99.000     161.215        6515331331    960      0     32          44    960
     GPU 0  1.000  0.000  0.000  0.000  0.001  0.000  0.000  0.000               8885229               6444260         100           0       0.000      99.000     161.215        6515331331    960      0     32          43    960
     GPU 0  1.000  0.934  0.744  0.000  0.001  0.000  0.615  0.000               7710483               5149785         100           0       0.000      99.000     161.215        6515347432    960      0     32          43    960
     GPU 0  1.000  0.936  0.731  0.000  0.001  0.000  0.594  0.000              10146015               7496565         100           0       0.000      99.000     160.918        6515347432    960      0     32          44    960
     GPU 0  1.000  0.000  0.000  0.000  0.001  0.000  0.000  0.000              10389510               7232043         100           0       0.000      99.000     160.918        6515347432    960      0     32          44    960
     GPU 0  1.000  0.938  0.742  0.000  0.001  0.000  0.596  0.000              10208741               7763437         100           0       0.000      99.000     160.918        6515347432    960      0     32          44    960
     GPU 0  1.000  0.944  0.760  0.000  0.001  0.000  0.610  0.000              10441218               7830682         100           0       0.000      99.000     160.918        6515347432    960      0     32          44    960
     GPU 0  1.000  0.000  0.000  0.000  0.001  0.000  0.000  0.000               9749524               7458757         100           0       0.000      99.000     160.918        6515347432    960      0     32          44    960
     GPU 0  1.000  0.000  0.000  0.000  0.001  0.000  0.000  0.000               9749524               7458757         100           0       0.000      99.000     161.457        6515363757    960      0     32          44    960
     GPU 0  1.000  0.932  0.740  0.000  0.001  0.000  0.615  0.000               9703644               6105326         100           0       0.000      99.000     161.457        6515363757    960      0     33          44    960
     GPU 0  1.000  0.931  0.793  0.000  0.001  0.000  0.613  0.000               3430773               1370908         100           0       0.000      99.000     161.457        6515363757    960      0     33          44    960
     GPU 0  1.000  0.000  0.000  0.000  0.001  0.000  0.000  0.000               3383552               1201490         100           0       0.000      99.000     161.457        6515363757    960      0     33          44    960

# Entity  GRACT  SMACT  SMOCC  TENSO  DRAMA  FP64A  FP32A  FP16A                 PCITX                 PCIRX       GPUTL       MCUTL       MUSAM       GUSAM       POWER             TOTEC  SACLK  PSTAT  TMPTR       MMTMP  SMCLK
      Id                                                                                                                                                               W                mJ                    C           C       
     GPU 0  1.000  0.938  0.748  0.000  0.001  0.000  0.618  0.000               2333967               1273519         100           0       0.000      99.000     161.457        6515380005    960      0     33          44    960
     GPU 0  1.000  0.935  0.700  0.000  0.001  0.000  0.611  0.000               5035759               3058092         100           0       0.000      99.000     161.215        6515380005    960      0     33          44    960
     GPU 0  1.000  0.000  0.000  0.000  0.001  0.000  0.000  0.000               4930066               3217978         100           0       0.000      99.000     161.215        6515380005    960      0     33          44    960
     GPU 0  1.000  0.000  0.000  0.000  0.001  0.000  0.000  0.000               4930066               3217978         100           0       0.000      99.000     161.215        6515380005    960      0     33          44    960
     GPU 0  1.000  0.937  0.740  0.000  0.001  0.000  0.606  0.000               7765615               5258777         100           0       0.000      99.000     161.215        6515380005    960      0     33          44    960
     GPU 0  1.000  0.952  0.776  0.000  0.001  0.000  0.613  0.000               9673703               7515531         100           0       0.000      99.000     161.215        6515380005    960      0     33          44    960
     GPU 0  1.000  0.952  0.776  0.000  0.001  0.000  0.613  0.000               9673703               7515531         100           0       0.000      99.000     161.748        6515396414    960      0     33          44    960
     GPU 0  1.000  0.000  0.000  0.000  0.001  0.000  0.000  0.000               4765398               4389491         100           0       0.000      99.000     161.748        6515396414    960      0     33          44    960
     GPU 0  1.000  0.937  0.760  0.000  0.001  0.000  0.620  0.000               3357944               1237306         100           0       0.000      99.000     161.748        6515396414    960      0     33          44    960
     GPU 0  1.000  0.928  0.725  0.000  0.001  0.000  0.607  0.000               3150179               1243416         100           0       0.000      99.000     161.748        6515396414    960      0     33          44    960
     GPU 0  1.000  0.000  0.000  0.000  0.001  0.000  0.000  0.000               4626169               2527476         100           0       0.000      99.000     161.748        6515412675    960      0     33          44    960
     GPU 0  1.000  0.944  0.755  0.000  0.001  0.000  0.606  0.000               7021083               4730288         100           0       0.000      99.000     161.457        6515412675    960      0     33          44    960
     GPU 0  1.000  0.944  0.755  0.000  0.001  0.000  0.606  0.000               7021083               4730288         100           0       0.000      99.000     161.457        6515412675    960      0     33          44    960
     GPU 0  1.000  0.937  0.742  0.000  0.001  0.000  0.618  0.000               7276801               4987796         100           0       0.000      99.000     161.457        6515412675    960      0     33          44    960

# Entity  GRACT  SMACT  SMOCC  TENSO  DRAMA  FP64A  FP32A  FP16A                 PCITX                 PCIRX       GPUTL       MCUTL       MUSAM       GUSAM       POWER             TOTEC  SACLK  PSTAT  TMPTR       MMTMP  SMCLK
      Id                                                                                                                                                               W                mJ                    C           C       
     GPU 0  1.000  0.000  0.000  0.000  0.001  0.000  0.000  0.000               7581514               6408764         100           0       0.000      99.000     161.457        6515412675    960      0     33          44    960
     GPU 0  1.000  0.931  0.743  0.000  0.001  0.000  0.614  0.000               4675979               3869448         100           0       0.000      99.000     161.457        6515412675    960      0     33          44    960
     GPU 0  1.000  0.931  0.743  0.000  0.001  0.000  0.614  0.000               4675979               3869448         100           0       0.000      99.000     160.386        6515429033    960      0     33          44    960
     GPU 0  1.000  0.919  0.745  0.000  0.001  0.000  0.598  0.000              10729664               8335676         100           0       0.000      99.000     160.386        6515429033    960      0     33          44    960
     GPU 0  1.000  0.000  0.000  0.000  0.001  0.000  0.000  0.000               3427567               1477455         100           0       0.000      99.000     160.386        6515429033    960      0     33          44    960
     GPU 0  1.000  0.944  0.757  0.000  0.001  0.000  0.609  0.000               6518937               3272436         100           0       0.000      99.000     160.386        6515429033    960      0     33          44    960
     GPU 0  1.000  0.917  0.705  0.000  0.001  0.000  0.599  0.000               4466801               2969614         100           0       0.000      99.000     160.386        6515445271    960      0     33          44    960
     GPU 0  1.000  0.000  0.000  0.000  0.001  0.000  0.000  0.000               7339625               5172153         100           0       0.000      99.000     161.215        6515445271    960      0     33          44    960
     GPU 0  1.000  0.000  0.000  0.000  0.001  0.000  0.000  0.000               7339625               5172153         100           0       0.000      99.000     161.215        6515445271    960      0     33          44    960
     GPU 0  1.000  0.937  0.750  0.000  0.001  0.000  0.620  0.000               9160572               6677249         100           0       0.000      99.000     161.215        6515445271    960      0     33          44    960
     GPU 0  1.000  0.949  0.774  0.000  0.001  0.000  0.633  0.000              10007200               7552215         100           0       0.000      99.000     161.215        6515445271    960      0     33          44    960
     GPU 0  1.000  0.000  0.000  0.000  0.001  0.000  0.000  0.000               9442569               7248255         100           0       0.000      99.000     161.215        6515445271    960      0     33          44    960
     GPU 0  1.000  0.937  0.745  0.000  0.001  0.000  0.619  0.000               9325397               7315488         100           0       0.000      99.000     160.918        6515461554    960      0     33          44    960
     GPU 0  1.000  0.937  0.745  0.000  0.001  0.000  0.619  0.000               9325397               7315488         100           0       0.000      99.000     160.918        6515461554    960      0     33          44    960

# Entity  GRACT  SMACT  SMOCC  TENSO  DRAMA  FP64A  FP32A  FP16A                 PCITX                 PCIRX       GPUTL       MCUTL       MUSAM       GUSAM       POWER             TOTEC  SACLK  PSTAT  TMPTR       MMTMP  SMCLK
      Id                                                                                                                                                               W                mJ                    C           C       
     GPU 0  1.000  0.944  0.747  0.000  0.001  0.000  0.625  0.000              10406213               7115120         100           0       0.000      99.000     160.918        6515461554    960      0     33          44    960
     GPU 0  1.000  0.000  0.000  0.000  0.001  0.000  0.000  0.000              10494977               7053326         100           0       0.000      99.000     160.918        6515461554    960      0     33          44    960
     GPU 0  1.000  0.945  0.758  0.000  0.001  0.000  0.625  0.000               9749362               7478423         100           0       0.000      99.000     160.918        6515477875    960      0     33          44    960
     GPU 0  1.000  0.941  0.747  0.000  0.001  0.000  0.621  0.000              10179345               7782682         100           0       0.000      99.000     160.918        6515477875    960      0     33          44    960
     GPU 0  1.000  0.000  0.000  0.000  0.001  0.000  0.000  0.000              10978749               8181432         100           0       0.000      99.000     160.918        6515477875    960      0     33          44    960
     GPU 0  1.000  0.942  0.743  0.000  0.001  0.000  0.621  0.000               7588981               6205394         100           0       0.000      99.000     160.918        6515477875    960      0     33          44    960
     GPU 0  1.000  0.954  0.766  0.000  0.001  0.000  0.637  0.000               2768897               2480336         100           0       0.000      99.000     160.918        6515477875    960      0     33          44    960
     GPU 0  1.000  0.954  0.766  0.000  0.001  0.000  0.637  0.000               2768897               2480336         100           0       0.000      99.000     160.918        6515477875    960      0     33          44    960
     GPU 0  1.000  0.000  0.000  0.000  0.001  0.000  0.000  0.000               3385892               1477535         100           0       0.000      99.000     161.748        6515494366    960      0     33          44    960
     GPU 0  1.000  0.935  0.763  0.000  0.001  0.000  0.621  0.000               1245252               1328269         100           0       0.000      99.000     161.748        6515494366    960      0     33          44    960
     GPU 0  1.000  0.000  0.000  0.000  0.001  0.000  0.000  0.000               1172424               1088680         100           0       0.000      99.000     161.748        6515494366    960      0     33          44    960
     GPU 0  1.000  0.942  0.751  0.000  0.001  0.000  0.624  0.000               9223658               6748824         100           0       0.000      99.000     161.748        6515494366    960      0     33          44    960
     GPU 0  1.000  0.000  0.000  0.000  0.001  0.000  0.000  0.000               9932217               7614718         100           0       0.000      99.000     161.748        6515510506    960      0     33          44    960
     GPU 0  1.000  0.937  0.747  0.000  0.001  0.000  0.618  0.000               7574210               6276995         100           0       0.000      99.000     162.287        6515510506    960      0     33          44    960

# Entity  GRACT  SMACT  SMOCC  TENSO  DRAMA  FP64A  FP32A  FP16A                 PCITX                 PCIRX       GPUTL       MCUTL       MUSAM       GUSAM       POWER             TOTEC  SACLK  PSTAT  TMPTR       MMTMP  SMCLK
      Id                                                                                                                                                               W                mJ                    C           C       
     GPU 0  1.000  0.964  0.827  0.000  0.001  0.000  0.650  0.000               2176282                948658         100           0       0.000      99.000     162.287        6515510506    960      0     33          44    960
     GPU 0  1.000  0.000  0.000  0.000  0.001  0.000  0.000  0.000               3421694               1682779         100           0       0.000      99.000     162.287        6515510506    960      0     33          44    960
     GPU 0  1.000  0.000  0.000  0.000  0.001  0.000  0.000  0.000               3421694               1682779         100           0       0.000      99.000     162.287        6515510506    960      0     33          44    960
     GPU 0  1.000  0.935  0.743  0.000  0.001  0.000  0.617  0.000               4485952               2541356         100           0       0.000      99.000     162.287        6515510506    960      0     33          44    960
     GPU 0  1.000  0.941  0.768  0.000  0.001  0.000  0.594  0.000               6349965               4541680         100           0       0.000      99.000     161.748        6515526934    960      0     33          44    960
     GPU 0  1.000  0.000  0.000  0.000  0.001  0.000  0.000  0.000               9375473               5820420         100           0       0.000      99.000     161.748        6515526934    960      0     33          44    960
     GPU 0  1.000  0.941  0.753  0.000  0.001  0.000  0.613  0.000               8510456               5344684         100           0       0.000      99.000     161.748        6515526934    960      0     33          44    960
     GPU 0  1.000  0.941  0.753  0.000  0.001  0.000  0.613  0.000               8510456               5344684         100           0       0.000      99.000     161.748        6515526934    960      0     33          44    960
     GPU 0  1.000  0.933  0.745  0.000  0.001  0.000  0.616  0.000               4897192               4138150         100           0       0.000      99.000     161.748        6515543095    960      0     33          44    960
     GPU 0  1.000  0.000  0.000  0.000  0.001  0.000  0.000  0.000               9563089               7514879         100           0       0.000      99.000     160.918        6515543095    960      0     33          44    960
     GPU 0  1.000  0.952  0.772  0.000  0.001  0.000  0.634  0.000              10342299               7769313         100           0       0.000      99.000     160.918        6515543095    960      0     33          44    960
     GPU 0  1.000  0.943  0.751  0.000  0.001  0.000  0.623  0.000               9948406               7460350         100           0       0.000      99.000     160.918        6515543095    960      0     33          44    960
     GPU 0  1.000  0.000  0.000  0.000  0.001  0.000  0.000  0.000               9684258               7273645         100           0       0.000      99.000     160.918        6515543095    960      0     33          44    960
     GPU 0  1.000  0.940  0.741  0.000  0.001  0.000  0.618  0.000               9860885               7388984         100           0       0.000      99.000     160.918        6515543095    960      0     33          44    960

# Entity  GRACT  SMACT  SMOCC  TENSO  DRAMA  FP64A  FP32A  FP16A                 PCITX                 PCIRX       GPUTL       MCUTL       MUSAM       GUSAM       POWER             TOTEC  SACLK  PSTAT  TMPTR       MMTMP  SMCLK
      Id                                                                                                                                                               W                mJ                    C           C       
     GPU 0  1.000  0.940  0.741  0.000  0.001  0.000  0.618  0.000               9860885               7388984         100           0       0.000      99.000     161.215        6515559424    960      0     33          44    960
     GPU 0  1.000  0.948  0.752  0.000  0.001  0.000  0.610  0.000               9353919               5988140         100           0       0.000      99.000     161.215        6515559424    960      0     33          44    960
     GPU 0  1.000  0.000  0.000  0.000  0.002  0.000  0.000  0.000               3385218               1243931         100           0       0.000      99.000     161.215        6515559424    960      0     33          44    960
     GPU 0  1.000  0.944  0.766  0.000  0.001  0.000  0.627  0.000               6547182               3148823         100           0       0.000      99.000     161.215        6515559424    960      0     34          44    960
     GPU 0  1.000  0.949  0.775  0.000  0.001  0.000  0.634  0.000               4285038               2885980         100           0       0.000      99.000     161.215        6515575736    960      0     34          44    960
     GPU 0  1.000  0.000  0.000  0.000  0.001  0.000  0.000  0.000               6698026               4635250         100           0       0.000      99.000     161.748        6515575736    960      0     34          44    960
     GPU 0  1.000  0.000  0.000  0.000  0.001  0.000  0.000  0.000               6698026               4635250         100           0       0.000      99.000     161.748        6515575736    960      0     34          44    960
     GPU 0  1.000  0.930  0.734  0.000  0.001  0.000  0.615  0.000              10341351               7760283         100           0       0.000      99.000     161.748        6515575736    960      0     34          44    960
     GPU 0  1.000  0.935  0.742  0.000  0.001  0.000  0.616  0.000              10068080               7530099         100           0       0.000      99.000     161.748        6515575736    960      0     34          44    960
     GPU 0  1.000  0.000  0.000  0.000  0.001  0.000  0.000  0.000               7437943               6309759         100           0       0.000      99.000     161.748        6515575736    960      0     34          44    960
     GPU 0  1.000  0.000  0.000  0.000  0.001  0.000  0.000  0.000               7437943               6309759         100           0       0.000      99.000     161.748        6515592175    960      0     34          44    960
     GPU 0  1.000  0.949  0.754  0.000  0.001  0.000  0.608  0.000               6873883               5083315         100           0       0.000      99.000     161.748        6515592175    960      0     34          44    960
     GPU 0  1.000  0.921  0.808  0.000  0.001  0.000  0.621  0.000               3465493               1452411         100           0       0.000      99.000     161.748        6515592175    960      0     34          44    960
     GPU 0  1.000  0.000  0.000  0.000  0.001  0.000  0.000  0.000               3189100               1198550         100           0       0.000      99.000     161.748        6515592175    960      0     34          44    960

# Entity  GRACT  SMACT  SMOCC  TENSO  DRAMA  FP64A  FP32A  FP16A                 PCITX                 PCIRX       GPUTL       MCUTL       MUSAM       GUSAM       POWER             TOTEC  SACLK  PSTAT  TMPTR       MMTMP  SMCLK
      Id                                                                                                                                                               W                mJ                    C           C       
     GPU 0  1.000  0.936  0.740  0.000  0.001  0.000  0.617  0.000               6223869               4310157         100           0       0.000      99.000     161.748        6515608373    960      0     34          44    960
     GPU 0  1.000  0.947  0.753  0.000  0.001  0.000  0.626  0.000               7387037               4941390         100           0       0.000      99.000     161.990        6515608373    960      0     34          44    960
     GPU 0  1.000  0.947  0.753  0.000  0.001  0.000  0.626  0.000               7387037               4941390         100           0       0.000      99.000     161.990        6515608373    960      0     34          44    960
     GPU 0  1.000  0.000  0.000  0.000  0.001  0.000  0.000  0.000               9682128               6992497         100           0       0.000      99.000     161.990        6515608373    960      0     34          44    960
     GPU 0  1.000  0.947  0.753  0.000  0.001  0.000  0.612  0.000               9158150               6761744         100           0       0.000      99.000     161.990        6515608373    960      0     34          44    960
     GPU 0  1.000  0.928  0.741  0.000  0.001  0.000  0.612  0.000               6411207               4222356         100           0       0.000      99.000     161.990        6515624737    960      0     34          44    960
     GPU 0  1.000  0.928  0.741  0.000  0.001  0.000  0.612  0.000               6411207               4222356         100           0       0.000      99.000     161.990        6515624737    960      0     34          44    960
     GPU 0  1.000  0.000  0.000  0.000  0.001  0.000  0.000  0.000              10381051               7869447         100           0       0.000      99.000     161.990        6515624737    960      0     34          44    960
     GPU 0  1.000  0.935  0.734  0.000  0.001  0.000  0.616  0.000               6604556               5510737         100           0       0.000      99.000     161.990        6515624737    960      0     34          44    960
     GPU 0  1.000  0.904  0.691  0.000  0.001  0.000  0.545  0.000               3732069               1689622         100           0       0.000      99.000     161.990        6515624737    960      0     34          44    960
     GPU 0  1.000  0.000  0.000  0.000  0.001  0.000  0.000  0.000               4515071               2757609         100           0       0.000      99.000     161.990        6515624737    960      0     34          44    960
     GPU 0  1.000  0.000  0.000  0.000  0.001  0.000  0.000  0.000               4515071               2757609         100           0       0.000      99.000     161.990        6515641031    960      0     34          44    960
     GPU 0  1.000  0.944  0.753  0.000  0.001  0.000  0.606  0.000               6935481               4353873         100           0       0.000      99.000     161.990        6515641031    960      0     34          44    960
     GPU 0  1.000  0.948  0.760  0.000  0.001  0.000  0.631  0.000               8197633               5705004         100           0       0.000      99.000     161.990        6515641031    960      0     34          44    960

# Entity  GRACT  SMACT  SMOCC  TENSO  DRAMA  FP64A  FP32A  FP16A                 PCITX                 PCIRX       GPUTL       MCUTL       MUSAM       GUSAM       POWER             TOTEC  SACLK  PSTAT  TMPTR       MMTMP  SMCLK
      Id                                                                                                                                                               W                mJ                    C           C       
     GPU 0  1.000  0.000  0.000  0.000  0.001  0.000  0.000  0.000               3843033               3467266         100           0       0.000      99.000     161.990        6515641031    960      0     34          44    960
     GPU 0  1.000  0.000  0.000  0.000  0.001  0.000  0.000  0.000               3843033               3467266         100           0       0.000      99.000     161.215        6515641031    960      0     34          44    960
     GPU 0  1.000  0.938  0.737  0.000  0.001  0.000  0.619  0.000               1255722               1088293         100           0       0.000      99.000     161.215        6515657528    960      0     34          45    960
     GPU 0  1.000  0.000  0.000  0.000  0.001  0.000  0.000  0.000               8970434               7796457         100           0       0.000      99.000     161.215        6515657528    960      0     34          44    960
     GPU 0  1.000  0.942  0.757  0.000  0.001  0.000  0.622  0.000               4735980               4502742         100           0       0.000      99.000     161.215        6515657528    960      0     34          44    960
     GPU 0  1.000  0.922  0.700  0.000  0.001  0.000  0.603  0.000               2375616               1482741         100           0       0.000      99.000     161.215        6515657528    960      0     34          44    960
     GPU 0  1.000  0.000  0.000  0.000  0.001  0.000  0.000  0.000               2211506                866877         100           0       0.000      99.000     161.215        6515657528    960      0     34          45    960
     GPU 0  1.000  0.000  0.000  0.000  0.001  0.000  0.000  0.000               2211506                866877         100           0       0.000      99.000     161.457        6515673652    960      0     34          44    960
     GPU 0  1.000  0.942  0.754  0.000  0.001  0.000  0.623  0.000               5587815               3400412         100           0       0.000      99.000     161.457        6515673652    960      0     34          44    960
     GPU 0  1.000  0.944  0.751  0.000  0.001  0.000  0.624  0.000               6739014               4596400         100           0       0.000      99.000     161.457        6515673652    960      0     34          44    960
     GPU 0  1.000  0.000  0.000  0.000  0.001  0.000  0.000  0.000               9960750               7105415         100           0       0.000      99.000     161.457        6515673652    960      0     34          44    960
     GPU 0  1.000  0.000  0.000  0.000  0.001  0.000  0.000  0.000               9960750               7105415         100           0       0.000      99.000     161.457        6515673652    960      0     34          44    960
     GPU 0  1.000  0.946  0.759  0.000  0.001  0.000  0.610  0.000               7000414               4985575         100           0       0.000      99.000     161.457        6515690088    960      0     34          44    960
     GPU 0  1.000  0.939  0.716  0.000  0.001  0.000  0.616  0.000               3757787               1493953         100           0       0.000      99.000     161.457        6515690088    960      0     34          44    960

# Entity  GRACT  SMACT  SMOCC  TENSO  DRAMA  FP64A  FP32A  FP16A                 PCITX                 PCIRX       GPUTL       MCUTL       MUSAM       GUSAM       POWER             TOTEC  SACLK  PSTAT  TMPTR       MMTMP  SMCLK
      Id                                                                                                                                                               W                mJ                    C           C       
     GPU 0  1.000  0.000  0.000  0.000  0.001  0.000  0.000  0.000               5557278               3215538         100           0       0.000      99.000     161.457        6515690088    960      0     34          44    960
     GPU 0  1.000  0.937  0.750  0.000  0.001  0.000  0.620  0.000               6184277               4175258         100           0       0.000      99.000     161.457        6515690088    960      0     34          44    960
     GPU 0  1.000  0.941  0.743  0.000  0.001  0.000  0.620  0.000               8144733               5673192         100           0       0.000      99.000     161.457        6515690088    960      0     34          44    960
     GPU 0  1.000  0.941  0.743  0.000  0.001  0.000  0.620  0.000               8144733               5673192         100           0       0.000      99.000     161.748        6515706324    960      0     34          44    960
     GPU 0  1.000  0.000  0.000  0.000  0.001  0.000  0.000  0.000              10180318               7512517         100           0       0.000      99.000     161.748        6515706324    960      0     34          45    960
     GPU 0  1.000  0.939  0.756  0.000  0.001  0.000  0.597  0.000               3263171               3430228         100           0       0.000      99.000     161.748        6515706324    960      0     34          44    960
     GPU 0  1.000  0.938  0.750  0.000  0.001  0.000  0.621  0.000               9857594               7554125         100           0       0.000      99.000     161.748        6515706324    960      0     34          44    960
     GPU 0  1.000  0.938  0.750  0.000  0.001  0.000  0.621  0.000               9857594               7554125         100           0       0.000      99.000     161.748        6515706324    960      0     34          44    960
     GPU 0  1.000  0.000  0.000  0.000  0.001  0.000  0.000  0.000               6355279               5368545         100           0       0.000      99.000     161.215        6515722873    960      0     34          44    960
     GPU 0  1.000  0.933  0.733  0.000  0.001  0.000  0.615  0.000               3616286               1201627         100           0       0.000      99.000     161.215        6515722873    960      0     34          44    960
     GPU 0  1.000  0.943  0.757  0.000  0.001  0.000  0.617  0.000               5953045               2838625         100           0       0.000      99.000     161.215        6515722873    960      0     34          44    960
     GPU 0  1.000  0.000  0.000  0.000  0.001  0.000  0.000  0.000               5754618               3415696         100           0       0.000      99.000     161.215        6515722873    960      0     34          44    960
     GPU 0  1.000  0.936  0.741  0.000  0.001  0.000  0.609  0.000               6924586               4700714         100           0       0.000      99.000     161.748        6515722873    960      0     34          44    960
     GPU 0  1.000  0.936  0.741  0.000  0.001  0.000  0.609  0.000               6924586               4700714         100           0       0.000      99.000     161.748        6515738995    960      0     34          45    960

# Entity  GRACT  SMACT  SMOCC  TENSO  DRAMA  FP64A  FP32A  FP16A                 PCITX                 PCIRX       GPUTL       MCUTL       MUSAM       GUSAM       POWER             TOTEC  SACLK  PSTAT  TMPTR       MMTMP  SMCLK
      Id                                                                                                                                                               W                mJ                    C           C       
     GPU 0  1.000  0.948  0.774  0.000  0.001  0.000  0.609  0.000               9922814               7357436         100           0       0.000      99.000     161.748        6515738995    960      0     34          45    960
     GPU 0  1.000  0.000  0.000  0.000  0.001  0.000  0.000  0.000               5997571               4864411         100           0       0.000      99.000     161.748        6515738995    960      0     34          45    960
     GPU 0  1.000  0.931  0.729  0.000  0.001  0.000  0.613  0.000               8091482               6162849         100           0       0.000      99.000     161.748        6515738995    960      0     34          44    960
     GPU 0  1.000  0.940  0.751  0.000  0.001  0.000  0.622  0.000               9503396               7200976         100           0       0.000      99.000     161.990        6515738995    960      0     34          44    960
     GPU 0  1.000  0.940  0.751  0.000  0.001  0.000  0.622  0.000               9503396               7200976         100           0       0.000      99.000     161.990        6515755445    960      0     34          44    960
     GPU 0  1.000  0.000  0.000  0.000  0.001  0.000  0.000  0.000               8502966               6210955         100           0       0.000      99.000     161.990        6515755445    960      0     34          44    960
     GPU 0  1.000  0.947  0.743  0.000  0.001  0.000  0.626  0.000               3995633               1859364         100           0       0.000      99.000     161.990        6515755445    960      0     34          44    960
     GPU 0  1.000  0.949  0.761  0.000  0.001  0.000  0.623  0.000               3380188               2407469         100           0       0.000      99.000     161.990        6515755445    960      0     34          45    960
     GPU 0  1.000  0.000  0.000  0.000  0.001  0.000  0.000  0.000               7021334               5718771         100           0       0.000      99.000     161.990        6515755445    960      0     34          44    960
     GPU 0  1.000  0.946  0.759  0.000  0.001  0.000  0.627  0.000               6447237               4112556         100           0       0.000      99.000     161.215        6515771683    960      0     34          44    960
     GPU 0  1.000  0.946  0.759  0.000  0.001  0.000  0.627  0.000               6447237               4112556         100           0       0.000      99.000     161.215        6515771683    960      0     34          45    960
     GPU 0  1.000  0.948  0.772  0.000  0.001  0.000  0.632  0.000               8413971               5932740         100           0       0.000      99.000     161.215        6515771683    960      0     34          45    960
     GPU 0  1.000  0.000  0.000  0.000  0.001  0.000  0.000  0.000               3305626               3221769         100           0       0.000      99.000     161.215        6515771683    960      0     34          45    960
     GPU 0  1.000  0.941  0.743  0.000  0.001  0.000  0.620  0.000               8302891               6499654         100           0       0.000      99.000     161.215        6515771683    960      0     34          45    960

# Entity  GRACT  SMACT  SMOCC  TENSO  DRAMA  FP64A  FP32A  FP16A                 PCITX                 PCIRX       GPUTL       MCUTL       MUSAM       GUSAM       POWER             TOTEC  SACLK  PSTAT  TMPTR       MMTMP  SMCLK
      Id                                                                                                                                                               W                mJ                    C           C       
     GPU 0  1.000  0.000  0.000  0.000  0.001  0.000  0.000  0.000               1172026               1088310         100           0       0.000      99.000     162.529        6515788243    960      0     34          45    960
     GPU 0  1.000  0.000  0.000  0.000  0.001  0.000  0.000  0.000               1172026               1088310         100           0       0.000      99.000     162.529        6515788243    960      0     34          45    960
     GPU 0  1.000  0.950  0.752  0.000  0.001  0.000  0.628  0.000               9186664               5704560         100           0       0.000      99.000     162.529        6515788243    960      0     34          45    960
     GPU 0  1.000  0.922  0.757  0.000  0.001  0.000  0.605  0.000               3418505               1325421         100           0       0.000      99.000     162.529        6515788243    960      0     34          45    960
     GPU 0  1.000  0.000  0.000  0.000  0.001  0.000  0.000  0.000               3550289               1285421         100           0       0.000      99.000     162.529        6515804374    960      0     34          44    960
     GPU 0  1.000  0.938  0.738  0.000  0.001  0.000  0.619  0.000               4701438               2804676         100           0       0.000      99.000     162.287        6515804374    960      0     34          45    960
     GPU 0  1.000  0.947  0.773  0.000  0.001  0.000  0.627  0.000               6703758               4325776         100           0       0.000      99.000     162.287        6515804374    960      0     34          45    960
     GPU 0  1.000  0.947  0.773  0.000  0.001  0.000  0.627  0.000               6703758               4325776         100           0       0.000      99.000     162.287        6515804374    960      0     34          45    960
     GPU 0  1.000  0.000  0.000  0.000  0.001  0.000  0.000  0.000               8956896               6483911         100           0       0.000      99.000     162.287        6515804374    960      0     34          45    960
     GPU 0  1.000  0.946  0.761  0.000  0.001  0.000  0.612  0.000               4108273               4149234         100           0       0.000      99.000     162.287        6515804374    960      0     34          45    960
     GPU 0  1.000  0.946  0.761  0.000  0.001  0.000  0.612  0.000               4108273               4149234         100           0       0.000      99.000     161.748        6515820745    960      0     34          45    960
     GPU 0  1.000  0.952  0.753  0.000  0.001  0.000  0.633  0.000               8811527               6820835         100           0       0.000      99.000     161.748        6515820745    960      0     34          45    960
     GPU 0  1.000  0.000  0.000  0.000  0.001  0.000  0.000  0.000               3376060               1432184         100           0       0.000      99.000     161.748        6515820745    960      0     34          45    960
     GPU 0  1.000  0.943  0.742  0.000  0.001  0.000  0.622  0.000               6443937               3299501         100           0       0.000      99.000     161.748        6515820745    960      0     34          45    960

# Entity  GRACT  SMACT  SMOCC  TENSO  DRAMA  FP64A  FP32A  FP16A                 PCITX                 PCIRX       GPUTL       MCUTL       MUSAM       GUSAM       POWER             TOTEC  SACLK  PSTAT  TMPTR       MMTMP  SMCLK
      Id                                                                                                                                                               W                mJ                    C           C       
     GPU 0  0.998  0.926  0.705  0.000  0.001  0.000  0.579  0.000               4406953               2055081         100           0       0.000      99.000     161.748        6515836981    960      0     34          45    960
     GPU 0  0.000  0.000  0.000  0.000  0.001  0.000  0.000  0.000            1448265112               6789846         100           0       0.000      99.000     159.024        6515836981    960      0     34          45    960
     GPU 0  0.000  0.000  0.000  0.000  0.000  0.000  0.000  0.000               9149077               5423734          94           0       0.000      93.000     159.024        6515836981    960      0     33          45    960
     GPU 0  0.000  0.000  0.000  0.000  0.000  0.000  0.000  0.000               9149077               5423734          94           0       0.000      93.000     159.024        6515836981    960      0     33          45    960
     GPU 0  0.000  0.000  0.000  0.000  0.000  0.000  0.000  0.000               8680776               5114085          94           0       0.000      93.000     159.024        6515836981    960      0     32          45    960
     GPU 0  0.000  0.000  0.000  0.000  0.000  0.000  0.000  0.000               7906925               4366812          94           0       0.000      93.000     159.024        6515836981    960      0     31          45    960
     GPU 0  0.000  0.000  0.000  0.000  0.000  0.000  0.000  0.000               7400235               4205324          94           0       0.000      93.000      86.521        6515846479    960      0     31          45    960
     GPU 0  0.000  0.000  0.000  0.000  0.000  0.000  0.000  0.000               9475041               4906018          94           0       0.000      93.000      86.521        6515846479    960      0     31          44    960
     GPU 0  0.000  0.000  0.000  0.000  0.000  0.000  0.000  0.000               9122282               4898688          94           0       0.000      93.000      86.521        6515846479    960      0     31          44    960
     GPU 0  0.000  0.000  0.000  0.000  0.000  0.000  0.000  0.000               9122282               4898688          94           0       0.000      93.000      86.521        6515846479    960      0     31          45    960
     GPU 0  0.000  0.000  0.000  0.000  0.000  0.000  0.000  0.000               3056297               2301935          94           0       0.000      93.000      86.521        6515855252    960      0     30          44    960
     GPU 0  0.000  0.000  0.000  0.000  0.000  0.000  0.000  0.000               9503725               6015600          94           0       0.000      93.000      86.763        6515855252    960      0     30          44    960
     GPU 0  0.000  0.000  0.000  0.000  0.000  0.000  0.000  0.000              10553600               6849160           0           0       0.000       0.000      86.763        6515855252    960      0     30          44    960
     GPU 0  0.000  0.000  0.000  0.000  0.000  0.000  0.000  0.000               7448746               5231158           0           0       0.000       0.000      86.763        6515855252    960      0     30          44    960

# Entity  GRACT  SMACT  SMOCC  TENSO  DRAMA  FP64A  FP32A  FP16A                 PCITX                 PCIRX       GPUTL       MCUTL       MUSAM       GUSAM       POWER             TOTEC  SACLK  PSTAT  TMPTR       MMTMP  SMCLK
      Id                                                                                                                                                               W                mJ                    C           C       
     GPU 0  0.000  0.000  0.000  0.000  0.000  0.000  0.000  0.000               3496409               1819091           0           0       0.000       0.000      86.763        6515855252    960      0     30          44    960
     GPU 0  0.000  0.000  0.000  0.000  0.000  0.000  0.000  0.000               3496409               1819091           0           0       0.000       0.000      86.763        6515855252    960      0     30          44    960
     GPU 0  0.000  0.000  0.000  0.000  0.000  0.000  0.000  0.000               3767681                275100           0           0       0.000       0.000      86.521        6515864062    960      0     30          44    960
     GPU 0  0.000  0.000  0.000  0.000  0.000  0.000  0.000  0.000                920641                 83694           0           0       0.000       0.000      86.521        6515864062    960      0     30          44    960
     GPU 0  0.000  0.000  0.000  0.000  0.000  0.000  0.000  0.000               7105064               5934104           0           0       0.000       0.000      86.521        6515864062    960      0     30          44    960
     GPU 0  0.000  0.000  0.000  0.000  0.000  0.000  0.000  0.000               3065367                     0           0           0       0.000       0.000      86.521        6515864062    960      0     30          44    960
     GPU 0  0.000  0.000  0.000  0.000  0.000  0.000  0.000  0.000               1797929                121595           0           0       0.000       0.000      86.521        6515872746    960      0     30          44    960
     GPU 0  0.000  0.000  0.000  0.000  0.000  0.000  0.000  0.000               2903532                651693           0           0       0.000       0.000      86.521        6515872746    960      0     30          44    960
     GPU 0  0.000  0.000  0.000  0.000  0.000  0.000  0.000  0.000               4451282               1872242           0           0       0.000       0.000      86.521        6515872746    960      0     30          44    960
     GPU 0  0.000  0.000  0.000  0.000  0.000  0.000  0.000  0.000               4451282               1872242           0           0       0.000       0.000      86.521        6515872746    960      0     30          45    960
     GPU 0  0.000  0.000  0.000  0.000  0.000  0.000  0.000  0.000               6793956               3705362           0           0       0.000       0.000      86.521        6515872746    960      0     30          44    960
     GPU 0  0.000  0.000  0.000  0.000  0.000  0.000  0.000  0.000               8984613               5342903           0           0       0.000       0.000      86.521        6515872746    960      0     30          44    960
     GPU 0  0.000  0.000  0.000  0.000  0.000  0.000  0.000  0.000               9209561               6196417           0           0       0.000       0.000      86.521        6515881508    960      0     29          44    960
     GPU 0  0.000  0.000  0.000  0.000  0.000  0.000  0.000  0.000              10263848               5401421           0           0       0.000       0.000      86.521        6515881508    960      0     29          44    960

# Entity  GRACT  SMACT  SMOCC  TENSO  DRAMA  FP64A  FP32A  FP16A                 PCITX                 PCIRX       GPUTL       MCUTL       MUSAM       GUSAM       POWER             TOTEC  SACLK  PSTAT  TMPTR       MMTMP  SMCLK
      Id                                                                                                                                                               W                mJ                    C           C       
     GPU 0  0.000  0.000  0.000  0.000  0.000  0.000  0.000  0.000              10263848               5401421           0           0       0.000       0.000      86.521        6515881508    960      0     29          44    960
     GPU 0  0.000  0.000  0.000  0.000  0.000  0.000  0.000  0.000              16378525               9317561           0           0       0.000       0.000      86.521        6515881508    960      0     29          44    960
     GPU 0  0.000  0.000  0.000  0.000  0.000  0.000  0.000  0.000              16378525               9317561           0           0       0.000       0.000      86.521        6515881508    960      0     29          44    960
     GPU 0  0.000  0.000  0.000  0.000  0.000  0.000  0.000  0.000              16378525               9317561           0           0       0.000       0.000      86.521        6515890259    960      0     29          44    960
     GPU 0  0.000  0.000  0.000  0.000  0.000  0.000  0.000  0.000               2236174               6877292           8           0       0.000       0.000      86.521        6515890259    960      0     29          44    960
     GPU 0  0.000  0.000  0.000  0.000  0.000  0.000  0.000  0.000               8173032              19217671           8           0       0.000       0.000      86.521        6515890259    960      0     29          44    960
     GPU 0  0.000  0.000  0.000  0.000  0.000  0.000  0.000  0.000               8173032              19217671           8           0       0.000       0.000      86.521        6515890259    960      0     29          44    960
     GPU 0  0.000  0.000  0.000  0.000  0.000  0.000  0.000  0.000               8173032              19217671           8           0       0.000       0.000      86.521        6515898975    960      0     29          44    960
     GPU 0  0.000  0.000  0.000  0.000  0.000  0.000  0.000  0.000               9369283               7742978           8           0       0.000       0.000      86.521        6515898975    960      0     29          44    960
     GPU 0  0.000  0.000  0.000  0.000  0.000  0.000  0.000  0.000               1932717               4311446           8           0       0.000       0.000      86.521        6515898975    960      0     29          44    960
     GPU 0  0.000  0.000  0.000  0.000  0.000  0.000  0.000  0.000              10248915               8791328           8           0       0.000       0.000      86.521        6515898975    960      0     29          44    960
     GPU 0  0.000  0.000  0.000  0.000  0.000  0.000  0.000  0.000               9444315               6293425           8           0       0.000       0.000      86.521        6515898975    960      0     29          44    960
     GPU 0  0.000  0.000  0.000  0.000  0.000  0.000  0.000  0.000               9425007               6234524           8           0       0.000       0.000      86.521        6515898975    960      0     29          44    960
     GPU 0  0.000  0.000  0.000  0.000  0.000  0.000  0.000  0.000               9751776               6333302           8           0       0.000       0.000      86.230        6515907696    960      0     29          44    960

# Entity  GRACT  SMACT  SMOCC  TENSO  DRAMA  FP64A  FP32A  FP16A                 PCITX                 PCIRX       GPUTL       MCUTL       MUSAM       GUSAM       POWER             TOTEC  SACLK  PSTAT  TMPTR       MMTMP  SMCLK
      Id                                                                                                                                                               W                mJ                    C           C       
     GPU 0  0.000  0.000  0.000  0.000  0.000  0.000  0.000  0.000               7869268               5399486           0           0       0.000       0.000      86.230        6515907696    960      0     29          44    960
     GPU 0  0.000  0.000  0.000  0.000  0.000  0.000  0.000  0.000               3682457               2343403           0           0       0.000       0.000      86.230        6515907696    960      0     29          44    960
     GPU 0  0.000  0.000  0.000  0.000  0.000  0.000  0.000  0.000               3682457               2343403           0           0       0.000       0.000      86.230        6515907696    960      0     29          44    960
     GPU 0  0.000  0.000  0.000  0.000  0.000  0.000  0.000  0.000               3305373                275447           0           0       0.000       0.000      86.230        6515907696    960      0     29          44    960
     GPU 0  0.000  0.000  0.000  0.000  0.000  0.000  0.000  0.000               5978780               2068720           0           0       0.000       0.000      86.230        6515916475    960      0     29          44    960
     GPU 0  0.000  0.000  0.000  0.000  0.000  0.000  0.000  0.000               7642276               4033460           0           0       0.000       0.000      86.230        6515916475    960      0     29          44    960
     GPU 0  0.000  0.000  0.000  0.000  0.000  0.000  0.000  0.000               8495315               4591187           0           0       0.000       0.000      86.230        6515916475    960      0     29          44    960
     GPU 0  0.000  0.000  0.000  0.000  0.000  0.000  0.000  0.000               9524430               6348870           0           0       0.000       0.000      86.230        6515916475    960      0     29          44    960
     GPU 0  0.000  0.000  0.000  0.000  0.000  0.000  0.000  0.000               9422203               5946070           0           0       0.000       0.000      86.230        6515916475    960      0     29          44    960
     GPU 0  0.000  0.000  0.000  0.000  0.000  0.000  0.000  0.000               9422203               5946070           0           0       0.000       0.000      86.230        6515925135    960      0     29          44    960
     GPU 0  0.000  0.000  0.000  0.000  0.000  0.000  0.000  0.000              10275954               6696509           0           0       0.000       0.000      86.230        6515925135    960      0     29          44    960
     GPU 0  0.000  0.000  0.000  0.000  0.000  0.000  0.000  0.000               8279741               5006096           0           0       0.000       0.000      86.230        6515925135    960      0     29          44    960
     GPU 0  0.000  0.000  0.000  0.000  0.000  0.000  0.000  0.000              10175186               6768139           0           0       0.000       0.000      86.230        6515925135    960      0     29          44    960
     GPU 0  0.000  0.000  0.000  0.000  0.000  0.000  0.000  0.000              10891583               7456821           0           0       0.000       0.000      86.230        6515933835    960      0     29          44    960

# Entity  GRACT  SMACT  SMOCC  TENSO  DRAMA  FP64A  FP32A  FP16A                 PCITX                 PCIRX       GPUTL       MCUTL       MUSAM       GUSAM       POWER             TOTEC  SACLK  PSTAT  TMPTR       MMTMP  SMCLK
      Id                                                                                                                                                               W                mJ                    C           C       
     GPU 0  0.000  0.000  0.000  0.000  0.000  0.000  0.000  0.000               5475148               2781733           0           0       0.000       0.000      86.230        6515933835    960      0     29          44    960
     GPU 0  0.000  0.000  0.000  0.000  0.000  0.000  0.000  0.000               5743478               3190487           0           0       0.000       0.000      86.230        6515933835    960      0     29          44    960
     GPU 0  0.000  0.000  0.000  0.000  0.000  0.000  0.000  0.000               8297249               5332495           0           0       0.000       0.000      86.230        6515933835    960      0     29          44    960
     GPU 0  0.000  0.000  0.000  0.000  0.000  0.000  0.000  0.000               8297249               5332495           0           0       0.000       0.000      86.230        6515933835    960      0     29          44    960
     GPU 0  0.000  0.000  0.000  0.000  0.000  0.000  0.000  0.000               9217320               6239965           0           0       0.000       0.000      86.230        6515933835    960      0     29          44    960
     GPU 0  0.000  0.000  0.000  0.000  0.000  0.000  0.000  0.000               9190477               6204479           0           0       0.000       0.000      86.230        6515942547    960      0     29          44    960
     GPU 0  0.000  0.000  0.000  0.000  0.000  0.000  0.000  0.000               9139978               5670763           0           0       0.000       0.000      86.230        6515942547    960      0     29          44    960
     GPU 0  0.000  0.000  0.000  0.000  0.000  0.000  0.000  0.000              10686018               7334669           0           0       0.000       0.000      86.230        6515942547    960      0     29          44    960
     GPU 0  0.000  0.000  0.000  0.000  0.000  0.000  0.000  0.000               5422455               3046249           0           0       0.000       0.000      86.230        6515942547    960      0     29          44    960
     GPU 0  0.000  0.000  0.000  0.000  0.000  0.000  0.000  0.000               5422455               3046249           0           0       0.000       0.000      86.230        6515951295    960      0     29          44    960
     GPU 0  0.000  0.000  0.000  0.000  0.000  0.000  0.000  0.000               5739441               3633061           0           0       0.000       0.000      86.230        6515951295    960      0     29          44    960
     GPU 0  0.000  0.000  0.000  0.000  0.000  0.000  0.000  0.000               9611907               6660150           0           0       0.000       0.000      86.230        6515951295    960      0     29          44    960
     GPU 0  0.000  0.000  0.000  0.000  0.000  0.000  0.000  0.000               7076215               5066440           0           0       0.000       0.000      86.230        6515951295    960      0     29          44    960
     GPU 0  0.000  0.000  0.000  0.000  0.000  0.000  0.000  0.000               2478709               1276098           0           0       0.000       0.000      86.230        6515951295    960      0     29          44    960

# Entity  GRACT  SMACT  SMOCC  TENSO  DRAMA  FP64A  FP32A  FP16A                 PCITX                 PCIRX       GPUTL       MCUTL       MUSAM       GUSAM       POWER             TOTEC  SACLK  PSTAT  TMPTR       MMTMP  SMCLK
      Id                                                                                                                                                               W                mJ                    C           C       
     GPU 0  0.000  0.000  0.000  0.000  0.000  0.000  0.000  0.000               2478709               1276098           0           0       0.000       0.000      86.230        6515951295    960      0     29          44    960
     GPU 0  0.000  0.000  0.000  0.000  0.000  0.000  0.000  0.000               4001648                317015           0           0       0.000       0.000      86.230        6515960047    960      0     29          44    960
     GPU 0  0.000  0.000  0.000  0.000  0.000  0.000  0.000  0.000                906118                 82374           0           0       0.000       0.000      86.230        6515960047    960      0     29          44    960
     GPU 0  0.000  0.000  0.000  0.000  0.000  0.000  0.000  0.000               3024874                274988           0           0       0.000       0.000      86.230        6515960047    960      0     29          44    960
     GPU 0  0.000  0.000  0.000  0.000  0.000  0.000  0.000  0.000               5725997               2024983           0           0       0.000       0.000      86.230        6515960047    960      0     29          44    960
     GPU 0  0.000  0.000  0.000  0.000  0.000  0.000  0.000  0.000               5811069               2653573           0           0       0.000       0.000      86.230        6515968732    960      0     28          44    960
     GPU 0  0.000  0.000  0.000  0.000  0.000  0.000  0.000  0.000               7001834               3945206           0           0       0.000       0.000      86.230        6515968732    960      0     28          44    960
     GPU 0  0.000  0.000  0.000  0.000  0.000  0.000  0.000  0.000               7001834               3945206           0           0       0.000       0.000      86.230        6515968732    960      0     28          44    960
     GPU 0  0.000  0.000  0.000  0.000  0.000  0.000  0.000  0.000               9350450               6162860           0           0       0.000       0.000      86.230        6515968732    960      0     28          44    960
     GPU 0  0.000  0.000  0.000  0.000  0.000  0.000  0.000  0.000               8797699               5895930           0           0       0.000       0.000      86.230        6515968732    960      0     28          44    960
     GPU 0  0.000  0.000  0.000  0.000  0.000  0.000  0.000  0.000               3575263               2810034           0           0       0.000       0.000      86.230        6515968732    960      0     28          44    960
     GPU 0  0.000  0.000  0.000  0.000  0.000  0.000  0.000  0.000               3575263               2810034           0           0       0.000       0.000      86.230        6515977435    960      0     28          44    960
     GPU 0  0.000  0.000  0.000  0.000  0.000  0.000  0.000  0.000              10096103               5362034           0           0       0.000       0.000      86.230        6515977435    960      0     28          44    960
     GPU 0  0.000  0.000  0.000  0.000  0.000  0.000  0.000  0.000               3025235                 41873           0           0       0.000       0.000      86.230        6515977435    960      0     28          44    960

# Entity  GRACT  SMACT  SMOCC  TENSO  DRAMA  FP64A  FP32A  FP16A                 PCITX                 PCIRX       GPUTL       MCUTL       MUSAM       GUSAM       POWER             TOTEC  SACLK  PSTAT  TMPTR       MMTMP  SMCLK
      Id                                                                                                                                                               W                mJ                    C           C       
     GPU 0  0.000  0.000  0.000  0.000  0.000  0.000  0.000  0.000               5027009               2124280           0           0       0.000       0.000      86.230        6515977435    960      0     28          44    960
     GPU 0  0.000  0.000  0.000  0.000  0.000  0.000  0.000  0.000               7295400               3409809           0           0       0.000       0.000      86.230        6515977435    960      0     28          44    960
     GPU 0  0.000  0.000  0.000  0.000  0.000  0.000  0.000  0.000               6981089               3853225           0           0       0.000       0.000      86.230        6515986178    960      0     28          44    960
     GPU 0  0.000  0.000  0.000  0.000  0.000  0.000  0.000  0.000               6981089               3853225           0           0       0.000       0.000      86.230        6515986178    960      0     28          44    960
     GPU 0  0.000  0.000  0.000  0.000  0.000  0.000  0.000  0.000               9393359               6205125           0           0       0.000       0.000      86.230        6515986178    960      0     28          44    960
     GPU 0  0.000  0.000  0.000  0.000  0.000  0.000  0.000  0.000               9451239               6257681           0           0       0.000       0.000      86.230        6515986178    960      0     28          44    960
     GPU 0  0.000  0.000  0.000  0.000  0.000  0.000  0.000  0.000               9526026               6344373           0           0       0.000       0.000      86.230        6515986178    960      0     28          44    960
     GPU 0  0.000  0.000  0.000  0.000  0.000  0.000  0.000  0.000               9526026               6344373           0           0       0.000       0.000      86.230        6515994922    960      0     28          44    960
     GPU 0  0.000  0.000  0.000  0.000  0.000  0.000  0.000  0.000               8955617               4624799           0           0       0.000       0.000      86.230        6515994922    960      0     28          44    255
     GPU 0  0.000  0.000  0.000  0.000  0.000  0.000  0.000  0.000               8955617               4624799           0           0       0.000       0.000      86.230        6515994922    960      0     28          44    255
     GPU 0  0.000  0.000  0.000  0.000  0.000  0.000  0.000  0.000               7048015               3743533           0           0       0.000       0.000      86.230        6515994922    960      0     28          44    255
     GPU 0  0.000  0.000  0.000  0.000  0.000  0.000  0.000  0.000              10369582               7128246           0           0       0.000       0.000      86.230        6515994922    960      0     28          44    255
