# Entity  GRACT  SMACT  SMOCC  TENSO  DRAMA  FP64A  FP32A  FP16A                 PCITX                 PCIRX       GPUTL       MCUTL       MUSAM       GUSAM       POWER             TOTEC  SACLK  PSTAT  TMPTR       MMTMP  SMCLK
      Id                                                                                                                                                               W                mJ                    C           C       
     GPU 0  0.000  0.000  0.000  0.000  0.000  0.000  0.000  0.000             119160460              10832769           0           0       0.000       0.000      77.559        4514566468   1110      0     27          42    210
     GPU 0  0.000  0.000  0.000  0.000  0.000  0.000  0.000  0.000               8644340               4931092           0           0       0.000       0.000      77.559        4514566468   1110      0     27          43    210
     GPU 0  0.000  0.000  0.000  0.000  0.000  0.000  0.000  0.000               8644340               4931092           0           0       0.000       0.000      77.559        4514566468   1110      0     27          43    210
     GPU 0  0.000  0.000  0.000  0.000  0.000  0.000  0.000  0.000              10501814               6876752           0           0       0.000       0.000      77.559        4514566468   1110      0     27          43    210
     GPU 0  0.000  0.000  0.000  0.000  0.000  0.000  0.000  0.000               5123376               2906242           0           0       0.000       0.000      77.559        4514566468   1110      0     27          43    210
     GPU 0  0.000  0.000  0.000  0.000  0.000  0.000  0.000  0.000               6085575               3360209           0           0       0.000       0.000      78.632        4514574366   1110      0     27          42    210
     GPU 0  0.000  0.000  0.000  0.000  0.000  0.000  0.000  0.000               6085575               3360209           0           0       0.000       0.000      78.632        4514574366   1110      0     27          43    210
     GPU 0  0.000  0.000  0.000  0.000  0.000  0.000  0.000  0.000               6924125               4162815           0           0       0.000       0.000      78.632        4514574366   1110      0     27          42    210
     GPU 0  0.000  0.000  0.000  0.000  0.000  0.000  0.000  0.000               4105950               3169990           0           0       0.000       0.000      78.632        4514574366   1110      0     27          42    210
     GPU 0  0.000  0.000  0.000  0.000  0.000  0.000  0.000  0.000               3022022                274729           0           0       0.000       0.000      78.632        4514574366   1110      0     27          43    210
     GPU 0  0.000  0.000  0.000  0.000  0.000  0.000  0.000  0.000               4976775               1436957           0           0       0.000       0.000      78.632        4514582344   1110      0     27          42    210
     GPU 0  0.000  0.000  0.000  0.000  0.000  0.000  0.000  0.000               7329283               3428609           0           0       0.000       0.000      78.383        4514582344   1110      0     27          44    210
     GPU 0  0.000  0.000  0.000  0.000  0.000  0.000  0.000  0.000               7329283               3428609           0           0       0.000       0.000      78.383        4514582344   1110      0     27          44    210
     GPU 0  0.000  0.000  0.000  0.000  0.000  0.000  0.000  0.000               7728537               4082413           0           0       0.000       0.000      78.383        4514582344   1110      0     27          42    210
     GPU 0  0.000  0.000  0.000  0.000  0.000  0.000  0.000  0.000               7633170               4535998           0           0       0.000       0.000      78.383        4514582344   1110      0     27          42    210

# Entity  GRACT  SMACT  SMOCC  TENSO  DRAMA  FP64A  FP32A  FP16A                 PCITX                 PCIRX       GPUTL       MCUTL       MUSAM       GUSAM       POWER             TOTEC  SACLK  PSTAT  TMPTR       MMTMP  SMCLK
      Id                                                                                                                                                               W                mJ                    C           C       
     GPU 0  0.000  0.000  0.000  0.000  0.000  0.000  0.000  0.000               2888158               2133649           0           0       0.000       0.000      78.632        4514590190   1110      0     27          43    210
     GPU 0  0.000  0.000  0.000  0.000  0.000  0.000  0.000  0.000               2888158               2133649           0           0       0.000       0.000      78.632        4514590190   1110      0     27          44    210
     GPU 0  0.000  0.000  0.000  0.000  0.000  0.000  0.000  0.000               8474376               5779359           0           0       0.000       0.000      78.632        4514590190   1110      0     27          42    210
     GPU 0  0.000  0.000  0.000  0.000  0.000  0.000  0.000  0.000               6496658               4778240           0           0       0.000       0.000      78.632        4514590190   1110      0     27          42    210
     GPU 0  0.000  0.000  0.000  0.000  0.000  0.000  0.000  0.000               5436433               2804622           0           0       0.000       0.000      78.632        4514590190   1110      0     27          44    210
     GPU 0  0.000  0.000  0.000  0.000  0.000  0.000  0.000  0.000               3274502                525977           0           0       0.000       0.000      78.632        4514598236   1110      0     27          43    210
     GPU 0  0.000  0.000  0.000  0.000  0.000  0.000  0.000  0.000               5871468               1993999           0           0       0.000       0.000      78.923        4514598236   1110      0     27          42    210
     GPU 0  0.000  0.000  0.000  0.000  0.000  0.000  0.000  0.000               6492981               2855580           0           0       0.000       0.000      78.923        4514598236   1110      0     27          44    210
     GPU 0  0.000  0.000  0.000  0.000  0.000  0.000  0.000  0.000               6492981               2855580           0           0       0.000       0.000      78.923        4514598236   1110      0     27          42    210
     GPU 0  0.000  0.000  0.000  0.000  0.000  0.000  0.000  0.000               6722271               5658316           0           0       0.000       0.000      78.923        4514598236   1110      0     27          42    210
     GPU 0  0.000  0.000  0.000  0.000  0.000  0.000  0.000  0.000               5145922               6473902           0           0       0.000       0.000      78.632        4514606100   1110      0     27          42    210
     GPU 0  0.000  0.000  0.000  0.000  0.000  0.000  0.000  0.000               5145922               6473902           0           0       0.000       0.000      78.632        4514606100   1110      0     27          42    210
     GPU 0  0.000  0.000  0.000  0.000  0.000  0.000  0.000  0.000               8302973               5418163           0           0       0.000       0.000      78.632        4514606100   1110      0     27          42    210
     GPU 0  0.000  0.000  0.000  0.000  0.000  0.000  0.000  0.000               8302973               5418163           0           0       0.000       0.000      78.632        4514606100   1110      0     27          42    210

# Entity  GRACT  SMACT  SMOCC  TENSO  DRAMA  FP64A  FP32A  FP16A                 PCITX                 PCIRX       GPUTL       MCUTL       MUSAM       GUSAM       POWER             TOTEC  SACLK  PSTAT  TMPTR       MMTMP  SMCLK
      Id                                                                                                                                                               W                mJ                    C           C       
     GPU 0  0.000  0.000  0.000  0.000  0.000  0.000  0.000  0.000              12992699              19464897           0           0       0.000       0.000      78.632        4514606100   1110      0     27          42    210
     GPU 0  0.000  0.000  0.000  0.000  0.000  0.000  0.000  0.000               1113239               1187455           0           0       0.000       0.000      78.632        4514614046   1110      0     27          43    210
     GPU 0  0.000  0.000  0.000  0.000  0.000  0.000  0.000  0.000               2501589               2918521           0           0       0.000       0.000      78.632        4514614046   1110      0     27          42    210
     GPU 0  0.000  0.000  0.000  0.000  0.000  0.000  0.000  0.000               2501589               2918521           0           0       0.000       0.000      78.632        4514614046   1110      0     27          43    210
     GPU 0  0.000  0.000  0.000  0.000  0.000  0.000  0.000  0.000               6657279               4420433           0           0       0.000       0.000      78.632        4514614046   1110      0     27          42    210
     GPU 0  0.000  0.000  0.000  0.000  0.000  0.000  0.000  0.000               1030012                588578           0           0       0.000       0.000      78.632        4514614046   1110      0     27          42    210
     GPU 0  0.000  0.000  0.000  0.000  0.000  0.000  0.000  0.000               1560022               2627406           0           0       0.000       0.000      78.632        4514622031   1110      0     27          42    210
     GPU 0  0.000  0.000  0.000  0.000  0.000  0.000  0.000  0.000               1560022               2627406           0           0       0.000       0.000      78.923        4514622031   1110      0     27          42    210
     GPU 0  0.000  0.000  0.000  0.000  0.000  0.000  0.000  0.000               8323229               5177442           0           0       0.000       0.000      78.923        4514622031   1110      0     27          42    210
     GPU 0  0.000  0.000  0.000  0.000  0.000  0.000  0.000  0.000               3356423               3427836           0           0       0.000       0.000      78.923        4514622031   1110      0     27          42    210
     GPU 0  0.000  0.000  0.000  0.000  0.000  0.000  0.000  0.000               3356423               3427836           0           0       0.000       0.000      78.923        4514622031   1110      0     27          42    210
     GPU 0  0.000  0.000  0.000  0.000  0.000  0.000  0.000  0.000               3356423               3427836           0           0       0.000       0.000      78.923        4514629948   1110      0     27          42    210
     GPU 0  0.000  0.000  0.000  0.000  0.000  0.000  0.000  0.000               8815108               7028778           0           0       0.000       0.000      78.923        4514629948   1110      0     27          43    210
     GPU 0  0.000  0.000  0.000  0.000  0.000  0.000  0.000  0.000               8815108               7028778           0           0       0.000       0.000      78.923        4514629948   1110      0     27          42    210

# Entity  GRACT  SMACT  SMOCC  TENSO  DRAMA  FP64A  FP32A  FP16A                 PCITX                 PCIRX       GPUTL       MCUTL       MUSAM       GUSAM       POWER             TOTEC  SACLK  PSTAT  TMPTR       MMTMP  SMCLK
      Id                                                                                                                                                               W                mJ                    C           C       
     GPU 0  0.000  0.000  0.000  0.000  0.000  0.000  0.000  0.000              12514460               9516984           0           0       0.000       0.000      78.923        4514629948   1110      0     27          43    210
     GPU 0  0.000  0.000  0.000  0.000  0.000  0.000  0.000  0.000              12514460               9516984           0           0       0.000       0.000      78.923        4514629948   1110      0     27          42    210
     GPU 0  0.000  0.000  0.000  0.000  0.000  0.000  0.000  0.000              11204094             153239163           0           0       0.000       0.000      78.923        4514637890   1110      0     27          43    210
     GPU 0  0.000  0.000  0.000  0.000  0.000  0.000  0.000  0.000               5586764              18896408           0           0       0.000       0.000      78.923        4514637890   1110      0     27          43    210
     GPU 0  0.000  0.000  0.000  0.000  0.000  0.000  0.000  0.000               5353212              19070820           0           0       0.000       0.000      78.923        4514637890   1110      0     27          42   1110
     GPU 0  0.006  0.000  0.000  0.000  0.000  0.000  0.000  0.000              14415141              48361106           0           0       0.000       0.000      78.923        4514637890   1110      0     27          43   1110
     GPU 0  0.013  0.000  0.000  0.000  0.001  0.000  0.000  0.000             333472509            2923303546           0           0       0.000       0.000      78.923        4514637890   1110      0     27          42   1110
     GPU 0  0.500  0.924  0.732  0.000  0.002  0.000  0.608  0.000             391331607            3435104927           0           0       0.000       0.000      78.923        4514637890   1110      0     27          44   1110
     GPU 0  1.000  0.000  0.000  0.000  0.001  0.000  0.000  0.000              10286855               7360597           0           0       0.000       0.000      88.126        4514646442   1110      0     28          44   1110
     GPU 0  1.000  0.000  0.000  0.000  0.001  0.000  0.000  0.000              10286855               7360597           0           0       0.000       0.000      88.126        4514646442   1110      0     29          44   1110
     GPU 0  1.000  0.932  0.745  0.000  0.002  0.000  0.617  0.000              11860078               7534262           0           0       0.000       0.000      88.126        4514646442   1110      0     30          44   1110
     GPU 0  1.000  0.925  0.729  0.000  0.001  0.000  0.608  0.000              12931508               9009177           0           0       0.000       0.000      88.126        4514646442   1110      0     30          43   1110
     GPU 0  1.000  0.000  0.000  0.000  0.001  0.000  0.000  0.000              10814161               8091865          58           0       0.000      58.000     176.346        4514663169   1110      0     31          43   1110
     GPU 0  1.000  0.937  0.735  0.000  0.001  0.000  0.604  0.000              10916728               6735090          58           0       0.000      58.000     176.346        4514663169   1110      0     31          44   1110

# Entity  GRACT  SMACT  SMOCC  TENSO  DRAMA  FP64A  FP32A  FP16A                 PCITX                 PCIRX       GPUTL       MCUTL       MUSAM       GUSAM       POWER             TOTEC  SACLK  PSTAT  TMPTR       MMTMP  SMCLK
      Id                                                                                                                                                               W                mJ                    C           C       
     GPU 0  1.000  0.940  0.757  0.000  0.001  0.000  0.624  0.000               9139583               6414522          58           0       0.000      58.000     176.346        4514663169   1110      0     31          43   1110
     GPU 0  1.000  0.000  0.000  0.000  0.001  0.000  0.000  0.000              10019129               7536217          58           0       0.000      58.000     176.346        4514663169   1110      0     31          43   1110
     GPU 0  1.000  0.933  0.750  0.000  0.002  0.000  0.615  0.000               9242323               7155744          58           0       0.000      58.000     176.346        4514663169   1110      0     31          43   1110
     GPU 0  1.000  0.937  0.743  0.000  0.001  0.000  0.616  0.000              10259475               7704645          58           0       0.000      58.000     176.346        4514663169   1110      0     31          43   1110
     GPU 0  1.000  0.937  0.743  0.000  0.001  0.000  0.616  0.000              10259475               7704645          58           0       0.000      58.000     174.452        4514681048   1110      0     32          43   1110
     GPU 0  1.000  0.000  0.000  0.000  0.001  0.000  0.000  0.000              11106614               7517306          58           0       0.000      58.000     174.452        4514681048   1110      0     32          43   1110
     GPU 0  1.000  0.933  0.755  0.000  0.002  0.000  0.597  0.000               9691410               7302441          58           0       0.000      58.000     174.452        4514681048   1110      0     32          43   1110
     GPU 0  1.000  0.932  0.725  0.000  0.001  0.000  0.613  0.000               2253738               1983670          58           0       0.000      58.000     174.452        4514681048   1110      0     32          43   1110
     GPU 0  1.000  0.932  0.725  0.000  0.001  0.000  0.613  0.000               2253738               1983670          58           0       0.000      58.000     174.452        4514681048   1110      0     32          43   1110
     GPU 0  1.000  0.932  0.725  0.000  0.001  0.000  0.613  0.000               2253738               1983670          58           0       0.000      58.000     174.452        4514681048   1110      0     32          43   1110
     GPU 0  1.000  0.932  0.725  0.000  0.001  0.000  0.613  0.000               2253738               1983670         100           0       0.000      58.000     174.452        4514681048   1110      0     32          43   1110
     GPU 0  1.000  0.000  0.000  0.000  0.001  0.000  0.000  0.000               8302408               5786527         100           0       0.000      99.000     174.742        4514698764   1110      0     32          43   1110
     GPU 0  1.000  0.933  0.771  0.000  0.002  0.000  0.621  0.000              12643903               8198255         100           0       0.000      99.000     174.742        4514698764   1110      0     32          43   1110
     GPU 0  1.000  0.933  0.771  0.000  0.002  0.000  0.621  0.000              12643903               8198255         100           0       0.000      99.000     174.452        4514716326   1110      0     32          43   1110

# Entity  GRACT  SMACT  SMOCC  TENSO  DRAMA  FP64A  FP32A  FP16A                 PCITX                 PCIRX       GPUTL       MCUTL       MUSAM       GUSAM       POWER             TOTEC  SACLK  PSTAT  TMPTR       MMTMP  SMCLK
      Id                                                                                                                                                               W                mJ                    C           C       
     GPU 0  1.000  0.000  0.000  0.000  0.001  0.000  0.000  0.000               9773275               7170465         100           0       0.000      99.000     174.452        4514716326   1110      0     32          43   1110
     GPU 0  1.000  0.936  0.737  0.000  0.002  0.000  0.596  0.000               6202835               5195709         100           0       0.000      99.000     174.452        4514716326   1110      0     32          44   1110
     GPU 0  1.000  0.954  0.765  0.000  0.001  0.000  0.637  0.000               5225647               3948845         100           0       0.000      99.000     174.452        4514716326   1110      0     33          43   1110
     GPU 0  1.000  0.000  0.000  0.000  0.001  0.000  0.000  0.000               6029070               3761031         100           0       0.000      99.000     174.452        4514716326   1110      0     33          44   1110
     GPU 0  1.000  0.000  0.000  0.000  0.001  0.000  0.000  0.000               6029070               3761031         100           0       0.000      99.000     174.742        4514716326   1110      0     33          43   1110
     GPU 0  1.000  0.943  0.741  0.000  0.001  0.000  0.623  0.000               7721801               5324077         100           0       0.000      99.000     174.742        4514734151   1110      0     33          43   1110
     GPU 0  1.000  0.948  0.752  0.000  0.002  0.000  0.609  0.000               7944844               5900263         100           0       0.000      99.000     174.742        4514734151   1110      0     33          43   1110
     GPU 0  1.000  0.000  0.000  0.000  0.001  0.000  0.000  0.000               9798942               7001394         100           0       0.000      99.000     174.742        4514734151   1110      0     33          43   1110
     GPU 0  1.000  0.942  0.760  0.000  0.001  0.000  0.625  0.000               8367025               6238775         100           0       0.000      99.000     174.742        4514734151   1110      0     33          43   1110
     GPU 0  1.000  0.934  0.731  0.000  0.001  0.000  0.614  0.000               8532899               6630578         100           0       0.000      99.000     174.742        4514751612   1110      0     33          43   1110
     GPU 0  1.000  0.000  0.000  0.000  0.001  0.000  0.000  0.000               8295471               6405628         100           0       0.000      99.000     174.742        4514751612   1110      0     33          43   1110
     GPU 0  1.000  0.932  0.726  0.000  0.001  0.000  0.614  0.000               8299327               6172633         100           0       0.000      99.000     174.742        4514751612   1110      0     33          43   1110
     GPU 0  1.000  0.929  0.723  0.000  0.002  0.000  0.591  0.000               8882215               6808303         100           0       0.000      99.000     174.742        4514751612   1110      0     33          43   1110
     GPU 0  1.000  0.000  0.000  0.000  0.001  0.000  0.000  0.000              10525238               7614605         100           0       0.000      99.000     174.742        4514751612   1110      0     33          43   1110

# Entity  GRACT  SMACT  SMOCC  TENSO  DRAMA  FP64A  FP32A  FP16A                 PCITX                 PCIRX       GPUTL       MCUTL       MUSAM       GUSAM       POWER             TOTEC  SACLK  PSTAT  TMPTR       MMTMP  SMCLK
      Id                                                                                                                                                               W                mJ                    C           C       
     GPU 0  1.000  0.930  0.734  0.000  0.001  0.000  0.613  0.000              10781976               7723857         100           0       0.000      99.000     174.742        4514751612   1110      0     33          43   1110
     GPU 0  1.000  0.930  0.734  0.000  0.001  0.000  0.613  0.000              10781976               7723857         100           0       0.000      99.000     177.466        4514769585   1110      0     33          43   1110
     GPU 0  1.000  0.924  0.725  0.000  0.002  0.000  0.608  0.000              12067522               8101707         100           0       0.000      99.000     177.466        4514769585   1110      0     33          43   1110
     GPU 0  1.000  0.000  0.000  0.000  0.001  0.000  0.000  0.000              11827467               7785569         100           0       0.000      99.000     177.466        4514769585   1110      0     33          43   1110
     GPU 0  1.000  0.932  0.753  0.000  0.002  0.000  0.596  0.000               4937494               3943205         100           0       0.000      99.000     177.466        4514769585   1110      0     33          43   1110
     GPU 0  1.000  0.932  0.753  0.000  0.002  0.000  0.596  0.000               4937494               3943205         100           0       0.000      99.000     176.933        4514787362   1110      0     34          43   1110
     GPU 0  1.000  0.940  0.769  0.000  0.002  0.000  0.625  0.000              10297943               7906223         100           0       0.000      99.000     176.933        4514787362   1110      0     34          43   1110
     GPU 0  1.000  0.000  0.000  0.000  0.001  0.000  0.000  0.000              10501570               7847040         100           0       0.000      99.000     176.933        4514787362   1110      0     34          43   1110
     GPU 0  1.000  0.934  0.756  0.000  0.002  0.000  0.620  0.000              10184899               7813547         100           0       0.000      99.000     176.933        4514787362   1110      0     34          43   1110
     GPU 0  1.000  0.931  0.733  0.000  0.001  0.000  0.612  0.000              10795628               7994599         100           0       0.000      99.000     176.933        4514787362   1110      0     34          43   1110
     GPU 0  1.000  0.000  0.000  0.000  0.001  0.000  0.000  0.000              10796956               8105696         100           0       0.000      99.000     176.933        4514787362   1110      0     34          43   1110
     GPU 0  1.000  0.938  0.759  0.000  0.001  0.000  0.606  0.000              11230536               7075722         100           0       0.000      99.000     177.175        4514805215   1110      0     34          44   1110
     GPU 0  1.000  0.930  0.742  0.000  0.002  0.000  0.614  0.000               3472452               1688372         100           0       0.000      99.000     177.175        4514805215   1110      0     34          44   1110
     GPU 0  1.000  0.930  0.742  0.000  0.002  0.000  0.614  0.000               3472452               1688372         100           0       0.000      99.000     177.175        4514805215   1110      0     34          44   1110

# Entity  GRACT  SMACT  SMOCC  TENSO  DRAMA  FP64A  FP32A  FP16A                 PCITX                 PCIRX       GPUTL       MCUTL       MUSAM       GUSAM       POWER             TOTEC  SACLK  PSTAT  TMPTR       MMTMP  SMCLK
      Id                                                                                                                                                               W                mJ                    C           C       
     GPU 0  1.000  0.000  0.000  0.000  0.001  0.000  0.000  0.000               3430092                987371         100           0       0.000      99.000     177.175        4514805215   1110      0     34          44   1110
     GPU 0  1.000  0.931  0.734  0.000  0.001  0.000  0.610  0.000               2219554               1280719         100           0       0.000      99.000     176.933        4514823149   1110      0     34          43   1110
     GPU 0  1.000  0.926  0.723  0.000  0.001  0.000  0.610  0.000               5364897               3533075         100           0       0.000      99.000     176.933        4514823149   1110      0     34          43   1110
     GPU 0  1.000  0.000  0.000  0.000  0.001  0.000  0.000  0.000               6629956               4613639         100           0       0.000      99.000     176.933        4514823149   1110      0     34          43   1110
     GPU 0  1.000  0.930  0.760  0.000  0.002  0.000  0.617  0.000               8393941               6130675         100           0       0.000      99.000     176.933        4514823149   1110      0     34          44   1110
     GPU 0  1.000  0.930  0.760  0.000  0.002  0.000  0.617  0.000               8393941               6130675         100           0       0.000      99.000     176.933        4514823149   1110      0     34          43   1110
     GPU 0  1.000  0.927  0.746  0.000  0.001  0.000  0.610  0.000              10381179               7788633         100           0       0.000      99.000     176.933        4514823149   1110      0     34          43   1110
     GPU 0  1.000  0.000  0.000  0.000  0.001  0.000  0.000  0.000               4650306               4440811         100           0       0.000      99.000     177.466        4514841012   1110      0     34          43   1110
     GPU 0  1.000  0.937  0.751  0.000  0.001  0.000  0.622  0.000               6109997               5573472         100           0       0.000      99.000     177.466        4514841012   1110      0     34          43   1110
     GPU 0  1.000  0.937  0.751  0.000  0.001  0.000  0.622  0.000               6109997               5573472         100           0       0.000      99.000     177.466        4514841012   1110      0     34          43   1110
     GPU 0  1.000  0.954  0.757  0.000  0.001  0.000  0.635  0.000               3430097               1562683         100           0       0.000      99.000     177.466        4514841012   1110      0     34          43   1110
     GPU 0  1.000  0.000  0.000  0.000  0.002  0.000  0.000  0.000               2340852               1605065         100           0       0.000      99.000     176.636        4514858968   1110      0     34          43   1110
     GPU 0  1.000  0.937  0.742  0.000  0.001  0.000  0.619  0.000               3279486               1254539         100           0       0.000      99.000     176.636        4514858968   1110      0     34          44   1110
     GPU 0  1.000  0.949  0.762  0.000  0.001  0.000  0.634  0.000               4655625               2995144         100           0       0.000      99.000     176.636        4514858968   1110      0     34          43   1110

# Entity  GRACT  SMACT  SMOCC  TENSO  DRAMA  FP64A  FP32A  FP16A                 PCITX                 PCIRX       GPUTL       MCUTL       MUSAM       GUSAM       POWER             TOTEC  SACLK  PSTAT  TMPTR       MMTMP  SMCLK
      Id                                                                                                                                                               W                mJ                    C           C       
     GPU 0  1.000  0.000  0.000  0.000  0.001  0.000  0.000  0.000               7287425               5093928         100           0       0.000      99.000     176.636        4514858968   1110      0     34          43   1110
     GPU 0  1.000  0.000  0.000  0.000  0.001  0.000  0.000  0.000               7287425               5093928         100           0       0.000      99.000     176.636        4514858968   1110      0     34          43   1110
     GPU 0  1.000  0.925  0.743  0.000  0.001  0.000  0.593  0.000               8899771               6832063         100           0       0.000      99.000     176.636        4514858968   1110      0     34          44   1110
     GPU 0  1.000  0.937  0.765  0.000  0.002  0.000  0.622  0.000               4813668               4185869         100           0       0.000      99.000     177.175        4514876946   1110      0     34          43   1110
     GPU 0  1.000  0.000  0.000  0.000  0.001  0.000  0.000  0.000               3425426               1369139         100           0       0.000      99.000     177.175        4514876946   1110      0     34          43   1110
     GPU 0  1.000  0.000  0.000  0.000  0.001  0.000  0.000  0.000               3425426               1369139         100           0       0.000      99.000     177.175        4514876946   1110      0     34          43   1110
     GPU 0  1.000  0.942  0.753  0.000  0.002  0.000  0.606  0.000               3427107               1686660         100           0       0.000      99.000     177.175        4514876946   1110      0     34          43   1110
     GPU 0  1.000  0.928  0.758  0.000  0.001  0.000  0.612  0.000               4312691               3168858         100           0       0.000      99.000     177.466        4514894738   1110      0     34          43   1110
     GPU 0  1.000  0.000  0.000  0.000  0.001  0.000  0.000  0.000               7575647               5324334         100           0       0.000      99.000     177.466        4514894738   1110      0     34          43   1110
     GPU 0  1.000  0.932  0.740  0.000  0.001  0.000  0.616  0.000               9329899               7114953         100           0       0.000      99.000     177.466        4514894738   1110      0     34          43   1110
     GPU 0  1.000  0.929  0.742  0.000  0.002  0.000  0.592  0.000              10009134               7903940         100           0       0.000      99.000     177.466        4514894738   1110      0     34          43   1110
     GPU 0  1.000  0.929  0.742  0.000  0.002  0.000  0.592  0.000              10009134               7903940         100           0       0.000      99.000     177.466        4514894738   1110      0     34          43   1110
     GPU 0  1.000  0.000  0.000  0.000  0.001  0.000  0.000  0.000               9741516               7515453         100           0       0.000      99.000     177.466        4514894738   1110      0     34          43   1110
     GPU 0  1.000  0.938  0.746  0.000  0.001  0.000  0.622  0.000               8984096               7104229         100           0       0.000      99.000     176.933        4514912712   1110      0     34          43   1110

# Entity  GRACT  SMACT  SMOCC  TENSO  DRAMA  FP64A  FP32A  FP16A                 PCITX                 PCIRX       GPUTL       MCUTL       MUSAM       GUSAM       POWER             TOTEC  SACLK  PSTAT  TMPTR       MMTMP  SMCLK
      Id                                                                                                                                                               W                mJ                    C           C       
     GPU 0  1.000  0.937  0.738  0.000  0.001  0.000  0.606  0.000               7950100               5628419         100           0       0.000      99.000     176.933        4514912712   1110      0     34          43   1110
     GPU 0  1.000  0.937  0.738  0.000  0.001  0.000  0.606  0.000               7950100               5628419         100           0       0.000      99.000     176.933        4514912712   1110      0     34          43   1110
     GPU 0  1.000  0.000  0.000  0.000  0.001  0.000  0.000  0.000               3621422               1711752         100           0       0.000      99.000     176.933        4514912712   1110      0     34          43   1110
     GPU 0  1.000  0.926  0.742  0.000  0.002  0.000  0.610  0.000               2214691               1768325         100           0       0.000      99.000     176.933        4514930543   1110      0     35          43   1110
     GPU 0  1.000  0.955  0.760  0.000  0.001  0.000  0.635  0.000               3148406               1560844         100           0       0.000      99.000     176.933        4514930543   1110      0     35          43   1110
     GPU 0  1.000  0.000  0.000  0.000  0.001  0.000  0.000  0.000               4632380               3288027         100           0       0.000      99.000     176.933        4514930543   1110      0     35          43   1110
     GPU 0  1.000  0.933  0.740  0.000  0.001  0.000  0.598  0.000               8293439               5971639         100           0       0.000      99.000     176.933        4514930543   1110      0     35          44   1110
     GPU 0  1.000  0.933  0.740  0.000  0.001  0.000  0.598  0.000               8293439               5971639         100           0       0.000      99.000     176.933        4514930543   1110      0     35          43   1110
     GPU 0  1.000  0.928  0.727  0.000  0.002  0.000  0.611  0.000               9235532               7396703         100           0       0.000      99.000     176.933        4514930543   1110      0     35          43   1110
     GPU 0  1.000  0.000  0.000  0.000  0.002  0.000  0.000  0.000               4934929               4391459         100           0       0.000      99.000     177.708        4514948584   1110      0     35          43   1110
     GPU 0  1.000  0.000  0.000  0.000  0.002  0.000  0.000  0.000               4934929               4391459         100           0       0.000      99.000     177.708        4514948584   1110      0     35          44   1110
     GPU 0  1.000  0.942  0.755  0.000  0.001  0.000  0.626  0.000               3382061               1475872         100           0       0.000      99.000     177.708        4514948584   1110      0     35          45   1110
     GPU 0  1.000  0.929  0.735  0.000  0.001  0.000  0.613  0.000               3468265               1492284         100           0       0.000      99.000     177.708        4514948584   1110      0     35          44   1110
     GPU 0  1.000  0.000  0.000  0.000  0.002  0.000  0.000  0.000               4274775               2888172         100           0       0.000      99.000     177.708        4514966421   1110      0     35          44   1110

# Entity  GRACT  SMACT  SMOCC  TENSO  DRAMA  FP64A  FP32A  FP16A                 PCITX                 PCIRX       GPUTL       MCUTL       MUSAM       GUSAM       POWER             TOTEC  SACLK  PSTAT  TMPTR       MMTMP  SMCLK
      Id                                                                                                                                                               W                mJ                    C           C       
     GPU 0  1.000  0.928  0.736  0.000  0.001  0.000  0.593  0.000               7091954               5128023         100           0       0.000      99.000     177.708        4514966421   1110      0     35          44   1110
     GPU 0  1.000  0.928  0.736  0.000  0.001  0.000  0.593  0.000               7091954               5128023         100           0       0.000      99.000     177.708        4514966421   1110      0     35          44   1110
     GPU 0  1.000  0.924  0.721  0.000  0.001  0.000  0.608  0.000               9373122               6908056         100           0       0.000      99.000     177.708        4514966421   1110      0     35          44   1110
     GPU 0  1.000  0.000  0.000  0.000  0.001  0.000  0.000  0.000               7075051               6152583         100           0       0.000      99.000     177.708        4514966421   1110      0     35          43   1110
     GPU 0  1.000  0.938  0.751  0.000  0.001  0.000  0.623  0.000               2973712               2806452         100           0       0.000      99.000     177.708        4514984361   1110      0     35          44   1110
     GPU 0  1.000  0.938  0.751  0.000  0.001  0.000  0.623  0.000               2973712               2806452         100           0       0.000      99.000     177.708        4514984361   1110      0     35          44   1110
     GPU 0  1.000  0.937  0.761  0.000  0.002  0.000  0.621  0.000               9036024               7166664         100           0       0.000      99.000     177.708        4514984361   1110      0     35          45   1110
     GPU 0  1.000  0.000  0.000  0.000  0.001  0.000  0.000  0.000              10150402               7841931         100           0       0.000      99.000     177.708        4514984361   1110      0     35          44   1110
     GPU 0  1.000  0.932  0.758  0.000  0.001  0.000  0.618  0.000               3938352               3750315         100           0       0.000      99.000     177.708        4514984361   1110      0     35          44   1110
     GPU 0  1.000  0.929  0.727  0.000  0.001  0.000  0.611  0.000               2250183               1273587         100           0       0.000      99.000     177.708        4515002290   1110      0     35          45   1110
     GPU 0  1.000  0.000  0.000  0.000  0.001  0.000  0.000  0.000               6003657               4423747         100           0       0.000      99.000     177.708        4515002290   1110      0     35          43   1110
     GPU 0  1.000  0.939  0.760  0.000  0.001  0.000  0.619  0.000               2414872               1359402         100           0       0.000      99.000     177.708        4515002290   1110      0     35          45   1110
     GPU 0  1.000  0.000  0.000  0.000  0.001  0.000  0.000  0.000               4502467               2880457         100           0       0.000      99.000     177.708        4515002290   1110      0     35          44   1110
     GPU 0  1.000  0.000  0.000  0.000  0.001  0.000  0.000  0.000               4502467               2880457         100           0       0.000      99.000     177.708        4515002290   1110      0     35          45   1110

# Entity  GRACT  SMACT  SMOCC  TENSO  DRAMA  FP64A  FP32A  FP16A                 PCITX                 PCIRX       GPUTL       MCUTL       MUSAM       GUSAM       POWER             TOTEC  SACLK  PSTAT  TMPTR       MMTMP  SMCLK
      Id                                                                                                                                                               W                mJ                    C           C       
     GPU 0  1.000  0.943  0.749  0.000  0.001  0.000  0.607  0.000               6714098               4607265         100           0       0.000      99.000     175.033        4515002290   1110      0     35          44   1110
     GPU 0  1.000  0.939  0.756  0.000  0.001  0.000  0.621  0.000              12030551               6318868         100           0       0.000      99.000     175.033        4515020237   1110      0     35          45   1110
     GPU 0  1.000  0.939  0.756  0.000  0.001  0.000  0.621  0.000              12030551               6318868         100           0       0.000      99.000     175.033        4515020237   1110      0     35          45   1110
     GPU 0  1.000  0.000  0.000  0.000  0.001  0.000  0.000  0.000               7503339               6342849         100           0       0.000      99.000     175.033        4515020237   1110      0     35          45   1110
     GPU 0  1.000  0.938  0.746  0.000  0.001  0.000  0.609  0.000              10254991               7882746         100           0       0.000      99.000     175.033        4515020237   1110      0     35          45   1110
     GPU 0  1.000  0.943  0.767  0.000  0.002  0.000  0.627  0.000               7493256               6363193         100           0       0.000      99.000     175.274        4515037766   1110      0     35          44   1110
     GPU 0  1.000  0.000  0.000  0.000  0.001  0.000  0.000  0.000               6683718               4379703         100           0       0.000      99.000     175.274        4515037766   1110      0     35          44   1110
     GPU 0  1.000  0.935  0.752  0.000  0.001  0.000  0.616  0.000               2529621               1357055         100           0       0.000      99.000     175.274        4515037766   1110      0     35          45   1110
     GPU 0  1.000  0.943  0.773  0.000  0.001  0.000  0.623  0.000               4139914               2916562         100           0       0.000      99.000     175.274        4515037766   1110      0     35          45   1110
     GPU 0  1.000  0.943  0.773  0.000  0.001  0.000  0.623  0.000               4139914               2916562         100           0       0.000      99.000     175.274        4515037766   1110      0     35          44   1110
     GPU 0  1.000  0.000  0.000  0.000  0.002  0.000  0.000  0.000               6791800               4876761         100           0       0.000      99.000     175.274        4515037766   1110      0     35          45   1110
     GPU 0  1.000  0.944  0.748  0.000  0.002  0.000  0.625  0.000              10518432               7460102         100           0       0.000      99.000     175.814        4515055635   1110      0     35          45   1110
     GPU 0  1.000  0.945  0.762  0.000  0.001  0.000  0.612  0.000               8653069               5693000         100           0       0.000      99.000     175.814        4515055635   1110      0     35          45   1110
     GPU 0  1.000  0.945  0.762  0.000  0.001  0.000  0.612  0.000               8653069               5693000         100           0       0.000      99.000     175.814        4515055635   1110      0     35          44   1110

# Entity  GRACT  SMACT  SMOCC  TENSO  DRAMA  FP64A  FP32A  FP16A                 PCITX                 PCIRX       GPUTL       MCUTL       MUSAM       GUSAM       POWER             TOTEC  SACLK  PSTAT  TMPTR       MMTMP  SMCLK
      Id                                                                                                                                                               W                mJ                    C           C       
     GPU 0  1.000  0.000  0.000  0.000  0.001  0.000  0.000  0.000               3637400               1494860         100           0       0.000      99.000     175.814        4515055635   1110      0     35          44   1110
     GPU 0  1.000  0.935  0.735  0.000  0.001  0.000  0.615  0.000               2250681               1315542         100           0       0.000      99.000     175.565        4515073203   1110      0     35          44   1110
     GPU 0  1.000  0.943  0.742  0.000  0.002  0.000  0.577  0.000               4898351               3214913         100           0       0.000      99.000     175.565        4515073203   1110      0     35          44   1110
     GPU 0  1.000  0.000  0.000  0.000  0.001  0.000  0.000  0.000               6354644               4169351         100           0       0.000      99.000     175.565        4515073203   1110      0     35          44   1110
     GPU 0  1.000  0.939  0.751  0.000  0.001  0.000  0.620  0.000               7949690               5723740         100           0       0.000      99.000     175.565        4515073203   1110      0     35          44   1110
     GPU 0  1.000  0.939  0.751  0.000  0.001  0.000  0.620  0.000               7949690               5723740         100           0       0.000      99.000     175.565        4515073203   1110      0     35          44   1110
     GPU 0  1.000  0.934  0.729  0.000  0.001  0.000  0.614  0.000               9880191               7628458         100           0       0.000      99.000     175.565        4515073203   1110      0     35          45   1110
     GPU 0  1.000  0.000  0.000  0.000  0.001  0.000  0.000  0.000              11524834               8446583         100           0       0.000      99.000     175.565        4515091061   1110      0     35          44   1110
     GPU 0  1.000  0.000  0.000  0.000  0.001  0.000  0.000  0.000              11524834               8446583         100           0       0.000      99.000     175.565        4515091061   1110      0     35          44   1110
     GPU 0  1.000  0.948  0.756  0.000  0.001  0.000  0.627  0.000               8314191               5637263         100           0       0.000      99.000     175.565        4515091061   1110      0     35          44   1110
     GPU 0  1.000  0.933  0.753  0.000  0.001  0.000  0.619  0.000               3425997               1327484         100           0       0.000      99.000     175.565        4515091061   1110      0     35          44   1110
     GPU 0  1.000  0.000  0.000  0.000  0.002  0.000  0.000  0.000               2250876               1525168         100           0       0.000      99.000     175.814        4515108719   1110      0     35          45   1110
     GPU 0  1.000  0.939  0.753  0.000  0.002  0.000  0.603  0.000               3556786               1397237         100           0       0.000      99.000     175.814        4515108719   1110      0     35          44   1110
     GPU 0  1.000  0.933  0.753  0.000  0.001  0.000  0.615  0.000               4440634               3049676         100           0       0.000      99.000     175.814        4515108719   1110      0     35          44   1110

# Entity  GRACT  SMACT  SMOCC  TENSO  DRAMA  FP64A  FP32A  FP16A                 PCITX                 PCIRX       GPUTL       MCUTL       MUSAM       GUSAM       POWER             TOTEC  SACLK  PSTAT  TMPTR       MMTMP  SMCLK
      Id                                                                                                                                                               W                mJ                    C           C       
     GPU 0  1.000  0.000  0.000  0.000  0.001  0.000  0.000  0.000               7121832               4993169         100           0       0.000      99.000     175.814        4515108719   1110      0     35          44   1110
     GPU 0  1.000  0.000  0.000  0.000  0.001  0.000  0.000  0.000               7121832               4993169         100           0       0.000      99.000     175.814        4515108719   1110      0     35          44   1110
     GPU 0  1.000  0.939  0.764  0.000  0.002  0.000  0.624  0.000               9710875               7488549         100           0       0.000      99.000     175.814        4515108719   1110      0     35          44   1110
     GPU 0  1.000  0.940  0.738  0.000  0.001  0.000  0.604  0.000              10575822               7909431         100           0       0.000      99.000     176.104        4515126529   1110      0     35          44   1110
     GPU 0  1.000  0.000  0.000  0.000  0.001  0.000  0.000  0.000               7315198               5288771         100           0       0.000      99.000     176.104        4515126529   1110      0     35          44   1110
     GPU 0  1.000  0.000  0.000  0.000  0.001  0.000  0.000  0.000               7315198               5288771         100           0       0.000      99.000     176.104        4515126529   1110      0     35          44   1110
     GPU 0  1.000  0.938  0.730  0.000  0.002  0.000  0.618  0.000              10244674               7725911         100           0       0.000      99.000     176.104        4515126529   1110      0     35          44   1110
     GPU 0  1.000  0.944  0.762  0.000  0.001  0.000  0.609  0.000               8033025               6424777         100           0       0.000      99.000     176.104        4515126529   1110      0     35          44   1110
     GPU 0  1.000  0.000  0.000  0.000  0.002  0.000  0.000  0.000              11863465               7152957         100           0       0.000      99.000     175.274        4515144136   1110      0     35          44   1110
     GPU 0  1.000  0.946  0.758  0.000  0.001  0.000  0.629  0.000               7376789               6077836         100           0       0.000      99.000     175.274        4515144136   1110      0     35          44   1110
     GPU 0  1.000  0.932  0.760  0.000  0.001  0.000  0.615  0.000               3093491               2760774         100           0       0.000      99.000     175.274        4515144136   1110      0     35          44   1110
     GPU 0  1.000  0.932  0.760  0.000  0.001  0.000  0.615  0.000               3093491               2760774         100           0       0.000      99.000     175.274        4515144136   1110      0     35          44   1110
     GPU 0  1.000  0.000  0.000  0.000  0.001  0.000  0.000  0.000               5004327               3125061         100           0       0.000      99.000     175.565        4515144136   1110      0     35          44   1110
     GPU 0  1.000  0.939  0.750  0.000  0.001  0.000  0.611  0.000              10306157               5341518         100           0       0.000      99.000     175.565        4515162111   1110      0     35          44   1110

# Entity  GRACT  SMACT  SMOCC  TENSO  DRAMA  FP64A  FP32A  FP16A                 PCITX                 PCIRX       GPUTL       MCUTL       MUSAM       GUSAM       POWER             TOTEC  SACLK  PSTAT  TMPTR       MMTMP  SMCLK
      Id                                                                                                                                                               W                mJ                    C           C       
     GPU 0  1.000  0.932  0.727  0.000  0.001  0.000  0.613  0.000              10232408               6575020         100           0       0.000      99.000     175.565        4515162111   1110      0     35          44   1110
     GPU 0  1.000  0.932  0.727  0.000  0.001  0.000  0.613  0.000              10232408               6575020         100           0       0.000      99.000     175.565        4515162111   1110      0     35          44   1110
     GPU 0  1.000  0.000  0.000  0.000  0.001  0.000  0.000  0.000               4731150               3810155         100           0       0.000      99.000     175.565        4515162111   1110      0     35          44   1110
     GPU 0  1.000  0.934  0.739  0.000  0.002  0.000  0.596  0.000               9573347               7552542         100           0       0.000      99.000     175.565        4515179611   1110      0     35          44   1110
     GPU 0  1.000  0.939  0.760  0.000  0.001  0.000  0.624  0.000              10105330               7635364         100           0       0.000      99.000     175.814        4515179611   1110      0     35          44   1110
     GPU 0  1.000  0.000  0.000  0.000  0.001  0.000  0.000  0.000               2809232               2311418         100           0       0.000      99.000     175.814        4515179611   1110      0     35          44   1110
     GPU 0  1.000  0.932  0.739  0.000  0.001  0.000  0.615  0.000               4470807               2546562         100           0       0.000      99.000     175.814        4515179611   1110      0     35          44   1110
     GPU 0  1.000  0.932  0.739  0.000  0.001  0.000  0.615  0.000               4470807               2546562         100           0       0.000      99.000     175.814        4515179611   1110      0     35          44   1110
     GPU 0  1.000  0.939  0.752  0.000  0.001  0.000  0.618  0.000               6473149               4392905         100           0       0.000      99.000     175.814        4515179611   1110      0     35          44   1110
     GPU 0  1.000  0.000  0.000  0.000  0.002  0.000  0.000  0.000               9086071               6396722         100           0       0.000      99.000     175.814        4515197468   1110      0     35          44   1110
     GPU 0  1.000  0.000  0.000  0.000  0.002  0.000  0.000  0.000               9086071               6396722         100           0       0.000      99.000     175.814        4515197468   1110      0     35          44   1110
     GPU 0  1.000  0.933  0.725  0.000  0.001  0.000  0.614  0.000               7404422               5740745         100           0       0.000      99.000     175.814        4515197468   1110      0     35          44   1110
     GPU 0  1.000  0.943  0.761  0.000  0.001  0.000  0.627  0.000               3422018               1284520         100           0       0.000      99.000     175.814        4515197468   1110      0     35          44   1110
     GPU 0  1.000  0.000  0.000  0.000  0.001  0.000  0.000  0.000               2333039               1314914         100           0       0.000      99.000     175.814        4515215118   1110      0     35          44   1110

# Entity  GRACT  SMACT  SMOCC  TENSO  DRAMA  FP64A  FP32A  FP16A                 PCITX                 PCIRX       GPUTL       MCUTL       MUSAM       GUSAM       POWER             TOTEC  SACLK  PSTAT  TMPTR       MMTMP  SMCLK
      Id                                                                                                                                                               W                mJ                    C           C       
     GPU 0  1.000  0.928  0.733  0.000  0.001  0.000  0.610  0.000               4958521               3155504         100           0       0.000      99.000     175.814        4515215118   1110      0     35          44   1110
     GPU 0  1.000  0.950  0.748  0.000  0.002  0.000  0.605  0.000               7350407               5051383         100           0       0.000      99.000     175.814        4515215118   1110      0     35          44   1110
     GPU 0  1.000  0.950  0.748  0.000  0.002  0.000  0.605  0.000               7350407               5051383         100           0       0.000      99.000     175.814        4515215118   1110      0     35          44   1110
     GPU 0  1.000  0.000  0.000  0.000  0.001  0.000  0.000  0.000               9491444               7159127         100           0       0.000      99.000     175.814        4515215118   1110      0     35          44   1110
     GPU 0  1.000  0.932  0.730  0.000  0.001  0.000  0.613  0.000              10040153               7655691         100           0       0.000      99.000     175.814        4515215118   1110      0     35          44   1110
     GPU 0  1.000  0.936  0.733  0.000  0.001  0.000  0.616  0.000               8690805               6433120         100           0       0.000      99.000     176.104        4515232969   1110      0     35          44   1110
     GPU 0  0.000  0.000  0.000  0.000  0.002  0.000  0.000  0.000            2171154476               5887516         100           0       0.000      99.000     176.104        4515232969   1110      0     35          44   1110
     GPU 0  0.000  0.000  0.000  0.000  0.002  0.000  0.000  0.000            2171154476               5887516         100           0       0.000      99.000     176.104        4515232969   1110      0     34          44   1110
     GPU 0  0.000  0.000  0.000  0.000  0.000  0.000  0.000  0.000               6776853               4099438         100           0       0.000      99.000     176.104        4515232969   1110      0     34          44   1110
     GPU 0  0.000  0.000  0.000  0.000  0.000  0.000  0.000  0.000               5181400               3006211         100           0       0.000      99.000     176.104        4515232969   1110      0     33          44   1110
     GPU 0  0.000  0.000  0.000  0.000  0.000  0.000  0.000  0.000               6758535               3802453         100           0       0.000      99.000      88.666        4515244788   1110      0     32          44   1110
     GPU 0  0.000  0.000  0.000  0.000  0.000  0.000  0.000  0.000               6758535               3802453         100           0       0.000      99.000      88.666        4515244788   1110      0     32          44   1110
     GPU 0  0.000  0.000  0.000  0.000  0.000  0.000  0.000  0.000               3303469                275289         100           0       0.000      99.000      88.666        4515244788   1110      0     32          44   1110
     GPU 0  0.000  0.000  0.000  0.000  0.000  0.000  0.000  0.000               5860673               1958808         100           0       0.000      99.000      88.666        4515244788   1110      0     31          44   1110

# Entity  GRACT  SMACT  SMOCC  TENSO  DRAMA  FP64A  FP32A  FP16A                 PCITX                 PCIRX       GPUTL       MCUTL       MUSAM       GUSAM       POWER             TOTEC  SACLK  PSTAT  TMPTR       MMTMP  SMCLK
      Id                                                                                                                                                               W                mJ                    C           C       
     GPU 0  0.000  0.000  0.000  0.000  0.000  0.000  0.000  0.000               8230833               4180614         100           0       0.000      99.000      88.957        4515253765   1110      0     31          44   1110
     GPU 0  0.000  0.000  0.000  0.000  0.000  0.000  0.000  0.000               9724084               5201072          14           0       0.000      14.000      88.957        4515253765   1110      0     31          44   1110
     GPU 0  0.000  0.000  0.000  0.000  0.000  0.000  0.000  0.000               8682216               5090190          14           0       0.000      14.000      88.957        4515253765   1110      0     31          44   1110
     GPU 0  0.000  0.000  0.000  0.000  0.000  0.000  0.000  0.000              10328890               6767821          14           0       0.000      14.000      88.957        4515253765   1110      0     31          44   1110
     GPU 0  0.000  0.000  0.000  0.000  0.000  0.000  0.000  0.000              10328890               6767821          14           0       0.000      14.000      88.957        4515253765   1110      0     31          44   1110
     GPU 0  0.000  0.000  0.000  0.000  0.000  0.000  0.000  0.000              10112625               6619890          14           0       0.000      14.000      88.957        4515253765   1110      0     31          44   1110
     GPU 0  0.000  0.000  0.000  0.000  0.000  0.000  0.000  0.000               9983136               6502711          14           0       0.000      14.000      88.957        4515262733   1110      0     31          44   1110
     GPU 0  0.000  0.000  0.000  0.000  0.000  0.000  0.000  0.000              12739107               7431020          14           0       0.000      14.000      88.957        4515262733   1110      0     31          44   1110
     GPU 0  0.000  0.000  0.000  0.000  0.000  0.000  0.000  0.000              10967694               7383054          14           0       0.000      14.000      88.957        4515262733   1110      0     31          44   1110
     GPU 0  0.000  0.000  0.000  0.000  0.000  0.000  0.000  0.000              12188814               7755003          14           0       0.000      14.000      88.957        4515262733   1110      0     31          44   1110
     GPU 0  0.000  0.000  0.000  0.000  0.000  0.000  0.000  0.000               4726262               2254738          14           0       0.000      14.000      88.957        4515271718   1110      0     30          44   1110
     GPU 0  0.000  0.000  0.000  0.000  0.000  0.000  0.000  0.000               4846244               2733478           0           0       0.000       0.000      88.957        4515271718   1110      0     30          44   1110
     GPU 0  0.000  0.000  0.000  0.000  0.000  0.000  0.000  0.000               4846244               2733478           0           0       0.000       0.000      88.957        4515271718   1110      0     30          44   1110
     GPU 0  0.000  0.000  0.000  0.000  0.000  0.000  0.000  0.000               8897388               5296246           0           0       0.000       0.000      88.957        4515271718   1110      0     30          44   1110

# Entity  GRACT  SMACT  SMOCC  TENSO  DRAMA  FP64A  FP32A  FP16A                 PCITX                 PCIRX       GPUTL       MCUTL       MUSAM       GUSAM       POWER             TOTEC  SACLK  PSTAT  TMPTR       MMTMP  SMCLK
      Id                                                                                                                                                               W                mJ                    C           C       
     GPU 0  0.000  0.000  0.000  0.000  0.000  0.000  0.000  0.000              10116926               6566510           0           0       0.000       0.000      88.957        4515271718   1110      0     30          44   1110
     GPU 0  0.000  0.000  0.000  0.000  0.000  0.000  0.000  0.000               9945919               6464673           0           0       0.000       0.000      88.957        4515271718   1110      0     30          45   1110
     GPU 0  0.000  0.000  0.000  0.000  0.000  0.000  0.000  0.000               9303037               5935518           0           0       0.000       0.000      88.666        4515280700   1110      0     30          44   1110
     GPU 0  0.000  0.000  0.000  0.000  0.000  0.000  0.000  0.000               9916186               5377054           0           0       0.000       0.000      88.666        4515280700   1110      0     30          44   1110
     GPU 0  0.000  0.000  0.000  0.000  0.000  0.000  0.000  0.000               9916186               5377054           0           0       0.000       0.000      88.666        4515280700   1110      0     30          44   1110
     GPU 0  0.002  0.000  0.000  0.000  0.000  0.000  0.000  0.000              12002034               9297681           0           0       0.000       0.000      88.666        4515280700   1110      0     30          45   1110
     GPU 0  0.002  0.000  0.000  0.000  0.000  0.000  0.000  0.000              12002034               9297681           0           0       0.000       0.000      88.666        4515280700   1110      0     30          45   1110
     GPU 0  0.002  0.000  0.000  0.000  0.000  0.000  0.000  0.000              12002034               9297681           0           0       0.000       0.000      88.666        4515280700   1110      0     30          45   1110
     GPU 0  0.000  0.000  0.000  0.000  0.000  0.000  0.000  0.000               1811383               4502581           0           0       0.000       0.000      88.666        4515289623   1110      0     30          44   1110
     GPU 0  0.000  0.000  0.000  0.000  0.000  0.000  0.000  0.000               1811383               4502581           0           0       0.000       0.000      88.666        4515289623   1110      0     30          44   1110
     GPU 0  0.000  0.000  0.000  0.000  0.000  0.000  0.000  0.000              12440627              14567780           0           0       0.000       0.000      88.666        4515289623   1110      0     30          44   1110
     GPU 0  0.000  0.000  0.000  0.000  0.000  0.000  0.000  0.000               3050319               5441111           0           0       0.000       0.000      88.666        4515298643   1110      0     30          45   1110
     GPU 0  0.000  0.000  0.000  0.000  0.000  0.000  0.000  0.000               3050319               5441111           0           0       0.000       0.000      88.666        4515298643   1110      0     30          44   1110
     GPU 0  0.000  0.000  0.000  0.000  0.000  0.000  0.000  0.000               2021837               1422774           0           0       0.000       0.000      88.666        4515298643   1110      0     30          44   1110

# Entity  GRACT  SMACT  SMOCC  TENSO  DRAMA  FP64A  FP32A  FP16A                 PCITX                 PCIRX       GPUTL       MCUTL       MUSAM       GUSAM       POWER             TOTEC  SACLK  PSTAT  TMPTR       MMTMP  SMCLK
      Id                                                                                                                                                               W                mJ                    C           C       
     GPU 0  0.000  0.000  0.000  0.000  0.000  0.000  0.000  0.000               9191047               7375154           0           0       0.000       0.000      88.666        4515298643   1110      0     30          44   1110
     GPU 0  0.000  0.000  0.000  0.000  0.000  0.000  0.000  0.000               2419879               2297332           0           0       0.000       0.000      88.666        4515298643   1110      0     30          45   1110
     GPU 0  0.000  0.000  0.000  0.000  0.000  0.000  0.000  0.000               2049535                163804           0           0       0.000       0.000      88.666        4515298643   1110      0     30          44   1110
     GPU 0  0.000  0.000  0.000  0.000  0.000  0.000  0.000  0.000               2049535                163804           7           0       0.000       0.000      88.666        4515307567   1110      0     30          45   1110
     GPU 0  0.000  0.000  0.000  0.000  0.000  0.000  0.000  0.000               4827458               2024920           7           0       0.000       0.000      88.666        4515307567   1110      0     30          45   1110
     GPU 0  0.000  0.000  0.000  0.000  0.000  0.000  0.000  0.000               6770745               3737847           7           0       0.000       0.000      88.666        4515307567   1110      0     29          44   1110
     GPU 0  0.000  0.000  0.000  0.000  0.000  0.000  0.000  0.000               6335309               3983342           7           0       0.000       0.000      88.666        4515307567   1110      0     29          43   1110
     GPU 0  0.000  0.000  0.000  0.000  0.000  0.000  0.000  0.000               7692000               5337015           7           0       0.000       0.000      88.666        4515307567   1110      0     29          44   1110
     GPU 0  0.000  0.000  0.000  0.000  0.000  0.000  0.000  0.000               7692000               5337015           7           0       0.000       0.000      88.666        4515316591   1110      0     29          44   1110
     GPU 0  0.000  0.000  0.000  0.000  0.000  0.000  0.000  0.000               7180932               4778018           7           0       0.000       0.000      88.666        4515316591   1110      0     29          44   1110
     GPU 0  0.000  0.000  0.000  0.000  0.000  0.000  0.000  0.000               6792143               3840125           7           0       0.000       0.000      88.666        4515316591   1110      0     29          44   1110
     GPU 0  0.000  0.000  0.000  0.000  0.000  0.000  0.000  0.000               7636450               5475562           7           0       0.000       0.000      88.666        4515316591   1110      0     29          43   1110
     GPU 0  0.000  0.000  0.000  0.000  0.000  0.000  0.000  0.000               7491288               5333855           7           0       0.000       0.000      88.666        4515316591   1110      0     29          44   1110
     GPU 0  0.000  0.000  0.000  0.000  0.000  0.000  0.000  0.000               7669910               5427771           0           0       0.000       0.000      88.424        4515325468   1110      0     29          45   1110

# Entity  GRACT  SMACT  SMOCC  TENSO  DRAMA  FP64A  FP32A  FP16A                 PCITX                 PCIRX       GPUTL       MCUTL       MUSAM       GUSAM       POWER             TOTEC  SACLK  PSTAT  TMPTR       MMTMP  SMCLK
      Id                                                                                                                                                               W                mJ                    C           C       
     GPU 0  0.000  0.000  0.000  0.000  0.000  0.000  0.000  0.000               6061623               4639352           0           0       0.000       0.000      88.424        4515325468   1110      0     29          45   1110
     GPU 0  0.000  0.000  0.000  0.000  0.000  0.000  0.000  0.000               3637242               2905388           0           0       0.000       0.000      88.424        4515325468   1110      0     29          45   1110
     GPU 0  0.000  0.000  0.000  0.000  0.000  0.000  0.000  0.000               3637242               2905388           0           0       0.000       0.000      88.424        4515325468   1110      0     29          43   1110
     GPU 0  0.000  0.000  0.000  0.000  0.000  0.000  0.000  0.000               1962060                163505           0           0       0.000       0.000      88.424        4515325468   1110      0     29          43   1110
     GPU 0  0.000  0.000  0.000  0.000  0.000  0.000  0.000  0.000               3261667                 41867           0           0       0.000       0.000      88.424        4515334561   1110      0     29          43   1110
     GPU 0  0.000  0.000  0.000  0.000  0.000  0.000  0.000  0.000               5249218               2290366           0           0       0.000       0.000      88.424        4515334561   1110      0     29          43   1110
     GPU 0  0.000  0.000  0.000  0.000  0.000  0.000  0.000  0.000               7838196               3983650           0           0       0.000       0.000      88.424        4515334561   1110      0     29          43   1110
     GPU 0  0.000  0.000  0.000  0.000  0.000  0.000  0.000  0.000               8602792               4781608           0           0       0.000       0.000      88.424        4515334561   1110      0     29          43   1110
     GPU 0  0.000  0.000  0.000  0.000  0.000  0.000  0.000  0.000               9744795               6567841           0           0       0.000       0.000      88.424        4515334561   1110      0     29          43   1110
     GPU 0  0.000  0.000  0.000  0.000  0.000  0.000  0.000  0.000               9744795               6567841           0           0       0.000       0.000      88.424        4515343341   1110      0     29          43   1110
     GPU 0  0.000  0.000  0.000  0.000  0.000  0.000  0.000  0.000              10377893               6689884           0           0       0.000       0.000      88.424        4515343341   1110      0     29          43   1110
     GPU 0  0.000  0.000  0.000  0.000  0.000  0.000  0.000  0.000               3056212               2260243           0           0       0.000       0.000      88.424        4515343341   1110      0     29          44   1110
     GPU 0  0.000  0.000  0.000  0.000  0.000  0.000  0.000  0.000               9712151               6374801           0           0       0.000       0.000      88.424        4515343341   1110      0     29          44   1110
     GPU 0  0.000  0.000  0.000  0.000  0.000  0.000  0.000  0.000               9876810               6456820           0           0       0.000       0.000      88.424        4515343341   1110      0     29          43   1110

# Entity  GRACT  SMACT  SMOCC  TENSO  DRAMA  FP64A  FP32A  FP16A                 PCITX                 PCIRX       GPUTL       MCUTL       MUSAM       GUSAM       POWER             TOTEC  SACLK  PSTAT  TMPTR       MMTMP  SMCLK
      Id                                                                                                                                                               W                mJ                    C           C       
     GPU 0  0.000  0.000  0.000  0.000  0.000  0.000  0.000  0.000               9876810               6456820           0           0       0.000       0.000      88.666        4515352339   1110      0     29          43   1110
     GPU 0  0.000  0.000  0.000  0.000  0.000  0.000  0.000  0.000               8999572               5743652           0           0       0.000       0.000      88.666        4515352339   1110      0     29          43   1110
     GPU 0  0.000  0.000  0.000  0.000  0.000  0.000  0.000  0.000               3242486                273696           0           0       0.000       0.000      88.666        4515352339   1110      0     29          43   1110
     GPU 0  0.000  0.000  0.000  0.000  0.000  0.000  0.000  0.000               3064251                316231           0           0       0.000       0.000      88.666        4515352339   1110      0     29          43   1110
     GPU 0  0.000  0.000  0.000  0.000  0.000  0.000  0.000  0.000               4048525               1684840           0           0       0.000       0.000      88.666        4515352339   1110      0     29          45   1110
     GPU 0  0.000  0.000  0.000  0.000  0.000  0.000  0.000  0.000               4048525               1684840           0           0       0.000       0.000      88.424        4515361204   1110      0     29          43   1110
     GPU 0  0.000  0.000  0.000  0.000  0.000  0.000  0.000  0.000               7151544               3745897           0           0       0.000       0.000      88.424        4515361204   1110      0     29          43   1110
     GPU 0  0.000  0.000  0.000  0.000  0.000  0.000  0.000  0.000               9555182               6244610           0           0       0.000       0.000      88.424        4515361204   1110      0     29          45   1110
     GPU 0  0.000  0.000  0.000  0.000  0.000  0.000  0.000  0.000              10236677               6734310           0           0       0.000       0.000      88.424        4515361204   1110      0     29          44   1110
     GPU 0  0.000  0.000  0.000  0.000  0.000  0.000  0.000  0.000               9574860               6334239           0           0       0.000       0.000      88.424        4515361204   1110      0     29          43   1110
     GPU 0  0.000  0.000  0.000  0.000  0.000  0.000  0.000  0.000              10053783               6632657           0           0       0.000       0.000      88.424        4515370175   1110      0     29          43   1110
     GPU 0  0.000  0.000  0.000  0.000  0.000  0.000  0.000  0.000              10053783               6632657           0           0       0.000       0.000      88.424        4515370175   1110      0     29          43   1110
     GPU 0  0.000  0.000  0.000  0.000  0.000  0.000  0.000  0.000               8971316               5904522           0           0       0.000       0.000      88.424        4515370175   1110      0     29          43   1110
     GPU 0  0.000  0.000  0.000  0.000  0.000  0.000  0.000  0.000               8087939               4320697           0           0       0.000       0.000      88.424        4515370175   1110      0     29          43   1110

# Entity  GRACT  SMACT  SMOCC  TENSO  DRAMA  FP64A  FP32A  FP16A                 PCITX                 PCIRX       GPUTL       MCUTL       MUSAM       GUSAM       POWER             TOTEC  SACLK  PSTAT  TMPTR       MMTMP  SMCLK
      Id                                                                                                                                                               W                mJ                    C           C       
     GPU 0  0.000  0.000  0.000  0.000  0.000  0.000  0.000  0.000               8863088               6015656           0           0       0.000       0.000      88.424        4515370175   1110      0     29          43   1110
     GPU 0  0.000  0.000  0.000  0.000  0.000  0.000  0.000  0.000               9817324               6528317           0           0       0.000       0.000      88.424        4515379049   1110      0     29          43   1110
     GPU 0  0.000  0.000  0.000  0.000  0.000  0.000  0.000  0.000               4585049               3681692           0           0       0.000       0.000      88.424        4515379049   1110      0     29          43   1110
     GPU 0  0.000  0.000  0.000  0.000  0.000  0.000  0.000  0.000               2050253                 41929           0           0       0.000       0.000      88.424        4515379049   1110      0     29          43   1110
     GPU 0  0.000  0.000  0.000  0.000  0.000  0.000  0.000  0.000               2050253                 41929           0           0       0.000       0.000      88.424        4515379049   1110      0     29          44   1110
     GPU 0  0.000  0.000  0.000  0.000  0.000  0.000  0.000  0.000               1926028                     0           0           0       0.000       0.000      88.424        4515379049   1110      0     29          43   1110
     GPU 0  0.000  0.000  0.000  0.000  0.000  0.000  0.000  0.000               4364545               1977687           0           0       0.000       0.000      88.424        4515388033   1110      0     29          43   1110
     GPU 0  0.000  0.000  0.000  0.000  0.000  0.000  0.000  0.000               8314882               4354242           0           0       0.000       0.000      88.424        4515388033   1110      0     29          43   1110
     GPU 0  0.000  0.000  0.000  0.000  0.000  0.000  0.000  0.000               8438653               4407735           0           0       0.000       0.000      88.424        4515388033   1110      0     29          43   1110
     GPU 0  0.000  0.000  0.000  0.000  0.000  0.000  0.000  0.000               8438653               4407735           0           0       0.000       0.000      88.424        4515388033   1110      0     29          43   1110
     GPU 0  0.000  0.000  0.000  0.000  0.000  0.000  0.000  0.000              10373747               6378701           0           0       0.000       0.000      88.424        4515388033   1110      0     29          43   1110
     GPU 0  0.000  0.000  0.000  0.000  0.000  0.000  0.000  0.000               1005214                 83767           0           0       0.000       0.000      88.424        4515396902   1110      0     29          43   1110
     GPU 0  0.000  0.000  0.000  0.000  0.000  0.000  0.000  0.000               1005214                 83767           0           0       0.000       0.000      88.424        4515396902   1110      0     29          43   1110
     GPU 0  0.000  0.000  0.000  0.000  0.000  0.000  0.000  0.000               6495733               3870828           0           0       0.000       0.000      88.424        4515396902   1110      0     29          43   1110

# Entity  GRACT  SMACT  SMOCC  TENSO  DRAMA  FP64A  FP32A  FP16A                 PCITX                 PCIRX       GPUTL       MCUTL       MUSAM       GUSAM       POWER             TOTEC  SACLK  PSTAT  TMPTR       MMTMP  SMCLK
      Id                                                                                                                                                               W                mJ                    C           C       
     GPU 0  0.000  0.000  0.000  0.000  0.000  0.000  0.000  0.000              11980964               7594742           0           0       0.000       0.000      88.424        4515396902   1110      0     29          43   1110
     GPU 0  0.000  0.000  0.000  0.000  0.000  0.000  0.000  0.000               9060833               5788909           0           0       0.000       0.000      88.424        4515396902   1110      0     29          43   1110
     GPU 0  0.000  0.000  0.000  0.000  0.000  0.000  0.000  0.000               3556094               2430550           0           0       0.000       0.000      88.424        4515405896   1110      0     29          43   1110
