# Entity  GRACT  SMACT  SMOCC  TENSO  DRAMA  FP64A  FP32A  FP16A                 PCITX                 PCIRX       GPUTL       MCUTL       MUSAM       GUSAM       POWER             TOTEC  SACLK  PSTAT  TMPTR       MMTMP  SMCLK
      Id                                                                                                                                                               W                mJ                    C           C       
     GPU 0  0.000  0.000  0.000  0.000  0.000  0.000  0.000  0.000             120300751              10936431           0           0       0.000       0.000      77.269        3057259211   1215      0     27          43    210
     GPU 0  0.000  0.000  0.000  0.000  0.000  0.000  0.000  0.000               8558062               4824693           0           0       0.000       0.000      77.269        3057259211   1215      0     27          43    210
     GPU 0  0.000  0.000  0.000  0.000  0.000  0.000  0.000  0.000               8558062               4824693           0           0       0.000       0.000      77.269        3057259211   1215      0     27          43    210
     GPU 0  0.000  0.000  0.000  0.000  0.000  0.000  0.000  0.000               9736102               6579782           0           0       0.000       0.000      77.269        3057259211   1215      0     27          43    210
     GPU 0  0.000  0.000  0.000  0.000  0.000  0.000  0.000  0.000               5205298               3080747           0           0       0.000       0.000      77.269        3057259211   1215      0     27          43    210
     GPU 0  0.000  0.000  0.000  0.000  0.000  0.000  0.000  0.000               5205298               3080747           0           0       0.000       0.000      78.632        3057267215   1215      0     27          43    210
     GPU 0  0.000  0.000  0.000  0.000  0.000  0.000  0.000  0.000               5117810               2823223           0           0       0.000       0.000      78.632        3057267215   1215      0     27          43    210
     GPU 0  0.000  0.000  0.000  0.000  0.000  0.000  0.000  0.000               4491194               3503600           0           0       0.000       0.000      78.632        3057267215   1215      0     27          43    210
     GPU 0  0.000  0.000  0.000  0.000  0.000  0.000  0.000  0.000               1922477                163348           0           0       0.000       0.000      78.632        3057267215   1215      0     27          43    210
     GPU 0  0.000  0.000  0.000  0.000  0.000  0.000  0.000  0.000               3990043               1598563           0           0       0.000       0.000      78.632        3057267215   1215      0     27          43    210
     GPU 0  0.000  0.000  0.000  0.000  0.000  0.000  0.000  0.000               5784536               3244895           0           0       0.000       0.000      78.632        3057275100   1215      0     27          43    210
     GPU 0  0.000  0.000  0.000  0.000  0.000  0.000  0.000  0.000               5784536               3244895           0           0       0.000       0.000      78.632        3057275100   1215      0     27          43    210
     GPU 0  0.000  0.000  0.000  0.000  0.000  0.000  0.000  0.000               8562830               5478745           0           0       0.000       0.000      78.632        3057275100   1215      0     27          43    210
     GPU 0  0.000  0.000  0.000  0.000  0.000  0.000  0.000  0.000               7025758               4138021           0           0       0.000       0.000      78.632        3057275100   1215      0     27          43    210
     GPU 0  0.000  0.000  0.000  0.000  0.000  0.000  0.000  0.000                919886                 83626           0           0       0.000       0.000      78.632        3057275100   1215      0     27          43    210

# Entity  GRACT  SMACT  SMOCC  TENSO  DRAMA  FP64A  FP32A  FP16A                 PCITX                 PCIRX       GPUTL       MCUTL       MUSAM       GUSAM       POWER             TOTEC  SACLK  PSTAT  TMPTR       MMTMP  SMCLK
      Id                                                                                                                                                               W                mJ                    C           C       
     GPU 0  0.000  0.000  0.000  0.000  0.000  0.000  0.000  0.000                919886                 83626           0           0       0.000       0.000      78.632        3057283130   1215      0     27          43    210
     GPU 0  0.000  0.000  0.000  0.000  0.000  0.000  0.000  0.000               8400852               4683362           0           0       0.000       0.000      78.632        3057283130   1215      0     27          43    210
     GPU 0  0.000  0.000  0.000  0.000  0.000  0.000  0.000  0.000               1170427                167203           0           0       0.000       0.000      78.632        3057283130   1215      0     27          43    210
     GPU 0  0.000  0.000  0.000  0.000  0.000  0.000  0.000  0.000               1169511                 83536           0           0       0.000       0.000      78.632        3057283130   1215      0     27          43    210
     GPU 0  0.000  0.000  0.000  0.000  0.000  0.000  0.000  0.000               3897434               3016658           0           0       0.000       0.000      78.632        3057283130   1215      0     27          43    210
     GPU 0  0.000  0.000  0.000  0.000  0.000  0.000  0.000  0.000                921263                 83751           0           0       0.000       0.000      78.632        3057291020   1215      0     27          43    210
     GPU 0  0.000  0.000  0.000  0.000  0.000  0.000  0.000  0.000               1588686                418075           0           0       0.000       0.000      78.632        3057291020   1215      0     27          43    210
     GPU 0  0.000  0.000  0.000  0.000  0.000  0.000  0.000  0.000               1006078                 83839           0           0       0.000       0.000      78.632        3057291020   1215      0     27          43    210
     GPU 0  0.000  0.000  0.000  0.000  0.000  0.000  0.000  0.000               1006078                 83839           0           0       0.000       0.000      78.632        3057291020   1215      0     27          43    210
     GPU 0  0.000  0.000  0.000  0.000  0.000  0.000  0.000  0.000               1838052               1086122           0           0       0.000       0.000      78.632        3057291020   1215      0     27          43    210
     GPU 0  0.000  0.000  0.000  0.000  0.000  0.000  0.000  0.000               3382785               6435544           0           0       0.000       0.000      78.632        3057298999   1215      0     27          43    210
     GPU 0  0.000  0.000  0.000  0.000  0.000  0.000  0.000  0.000               4449693               3535372           0           0       0.000       0.000      78.632        3057298999   1215      0     27          43    210
     GPU 0  0.000  0.000  0.000  0.000  0.000  0.000  0.000  0.000               6094464              11573325           0           0       0.000       0.000      78.632        3057298999   1215      0     27          43    210
     GPU 0  0.000  0.000  0.000  0.000  0.000  0.000  0.000  0.000               6094464              11573325           0           0       0.000       0.000      78.632        3057298999   1215      0     27          43    210

# Entity  GRACT  SMACT  SMOCC  TENSO  DRAMA  FP64A  FP32A  FP16A                 PCITX                 PCIRX       GPUTL       MCUTL       MUSAM       GUSAM       POWER             TOTEC  SACLK  PSTAT  TMPTR       MMTMP  SMCLK
      Id                                                                                                                                                               W                mJ                    C           C       
     GPU 0  0.000  0.000  0.000  0.000  0.000  0.000  0.000  0.000              13955479              19170501           0           0       0.000       0.000      78.632        3057298999   1215      0     27          43    210
     GPU 0  0.000  0.000  0.000  0.000  0.000  0.000  0.000  0.000              13955479              19170501           0           0       0.000       0.000      78.632        3057306915   1215      0     27          43    210
     GPU 0  0.000  0.000  0.000  0.000  0.000  0.000  0.000  0.000               3332187              13245446           0           0       0.000       0.000      78.632        3057306915   1215      0     27          43    210
     GPU 0  0.000  0.000  0.000  0.000  0.000  0.000  0.000  0.000               6145465               5028108           0           0       0.000       0.000      78.632        3057306915   1215      0     27          43    210
     GPU 0  0.000  0.000  0.000  0.000  0.000  0.000  0.000  0.000               6145465               5028108           0           0       0.000       0.000      78.632        3057306915   1215      0     27          43    210
     GPU 0  0.000  0.000  0.000  0.000  0.000  0.000  0.000  0.000               8192617               5279686           0           0       0.000       0.000      78.632        3057306915   1215      0     27          43    210
     GPU 0  0.000  0.000  0.000  0.000  0.000  0.000  0.000  0.000               4945881               3782144           0           0       0.000       0.000      78.632        3057314889   1215      0     27          43    210
     GPU 0  0.000  0.000  0.000  0.000  0.000  0.000  0.000  0.000               8195377               4917226           0           0       0.000       0.000      78.632        3057314889   1215      0     27          43    210
     GPU 0  0.000  0.000  0.000  0.000  0.000  0.000  0.000  0.000               8195377               4917226           0           0       0.000       0.000      78.632        3057314889   1215      0     27          43    210
     GPU 0  0.000  0.000  0.000  0.000  0.000  0.000  0.000  0.000               8195377               4917226           0           0       0.000       0.000      78.632        3057314889   1215      0     27          43    210
     GPU 0  0.000  0.000  0.000  0.000  0.000  0.000  0.000  0.000               7900112               5376629           0           0       0.000       0.000      78.632        3057314889   1215      0     27          43    210
     GPU 0  0.000  0.000  0.000  0.000  0.000  0.000  0.000  0.000               1005701               1005701           0           0       0.000       0.000      78.632        3057322818   1215      0     27          43    210
     GPU 0  0.000  0.000  0.000  0.000  0.000  0.000  0.000  0.000               6512838               5225417           0           0       0.000       0.000      78.632        3057322818   1215      0     27          43    210
     GPU 0  0.000  0.000  0.000  0.000  0.000  0.000  0.000  0.000               6512838               5225417           0           0       0.000       0.000      78.632        3057322818   1215      0     27          43    210

# Entity  GRACT  SMACT  SMOCC  TENSO  DRAMA  FP64A  FP32A  FP16A                 PCITX                 PCIRX       GPUTL       MCUTL       MUSAM       GUSAM       POWER             TOTEC  SACLK  PSTAT  TMPTR       MMTMP  SMCLK
      Id                                                                                                                                                               W                mJ                    C           C       
     GPU 0  0.000  0.000  0.000  0.000  0.000  0.000  0.000  0.000               6512838               5225417           0           0       0.000       0.000      78.632        3057322818   1215      0     27          43    210
     GPU 0  0.000  0.000  0.000  0.000  0.000  0.000  0.000  0.000               8687389               5777933           0           0       0.000       0.000      78.632        3057322818   1215      0     27          43    210
     GPU 0  0.000  0.000  0.000  0.000  0.000  0.000  0.000  0.000               8687389               5777933           0           0       0.000       0.000      78.632        3057322818   1215      0     27          43    210
     GPU 0  0.000  0.000  0.000  0.000  0.000  0.000  0.000  0.000              16528063              17529764           0           0       0.000       0.000      78.632        3057330859   1215      0     27          43    210
     GPU 0  0.000  0.000  0.000  0.000  0.000  0.000  0.000  0.000               6033244              21984152           0           0       0.000       0.000      78.632        3057330859   1215      0     27          43    210
     GPU 0  0.000  0.000  0.000  0.000  0.000  0.000  0.000  0.000              10744246              16116369           0           0       0.000       0.000      78.632        3057330859   1215      0     27          43    210
     GPU 0  0.000  0.000  0.000  0.000  0.000  0.000  0.000  0.000              10744246              16116369           0           0       0.000       0.000      78.632        3057338705   1215      0     27          43    210
     GPU 0  0.000  0.000  0.000  0.000  0.000  0.000  0.000  0.000              12032200              13123441           0           0       0.000       0.000      78.632        3057338705   1215      0     27          43    210
     GPU 0  0.130  0.000  0.000  0.000  0.000  0.000  0.000  0.000              20967426              21990227           0           0       0.000       0.000      78.632        3057338705   1215      0     27          43   1215
     GPU 0  0.144  0.000  0.000  0.000  0.000  0.000  0.000  0.000              12796453              60636790           1           0       0.000       0.000      78.632        3057338705   1215      0     27          43   1215
     GPU 0  0.000  0.000  0.000  0.000  0.001  0.000  0.000  0.000             320428353            2863441467           1           0       0.000       0.000      78.632        3057338705   1215      0     27          43   1215
     GPU 0  0.029  0.000  0.000  0.000  0.000  0.000  0.000  0.000              21765404             179229734           1           0       0.000       0.000      78.632        3057338705   1215      0     27          43   1215
     GPU 0  0.029  0.000  0.000  0.000  0.000  0.000  0.000  0.000              21765404             179229734           1           0       0.000       0.000      92.756        3057347631   1215      0     27          43   1215
     GPU 0  1.000  0.942  0.765  0.000  0.001  0.000  0.625  0.000              13618125              12241188           1           0       0.000       0.000      92.756        3057347631   1215      0     29          43   1215

# Entity  GRACT  SMACT  SMOCC  TENSO  DRAMA  FP64A  FP32A  FP16A                 PCITX                 PCIRX       GPUTL       MCUTL       MUSAM       GUSAM       POWER             TOTEC  SACLK  PSTAT  TMPTR       MMTMP  SMCLK
      Id                                                                                                                                                               W                mJ                    C           C       
     GPU 0  1.000  0.000  0.000  0.000  0.001  0.000  0.000  0.000              11178172               7758635           1           0       0.000       0.000      92.756        3057347631   1215      0     30          43   1215
     GPU 0  1.000  0.952  0.761  0.000  0.001  0.000  0.630  0.000              10878887               7769973           1           0       0.000       0.000      92.756        3057347631   1215      0     30          43   1215
     GPU 0  1.000  0.951  0.757  0.000  0.002  0.000  0.630  0.000              10049353               7530372           1           0       0.000       0.000      92.756        3057347631   1215      0     31          43   1215
     GPU 0  1.000  0.000  0.000  0.000  0.002  0.000  0.000  0.000               3776011               3176973           1           0       0.000       0.000     201.611        3057366833   1215      0     32          43   1215
     GPU 0  1.000  0.942  0.753  0.000  0.002  0.000  0.605  0.000               1341430               1676788           1           0       0.000       0.000     201.611        3057366833   1215      0     32          43   1215
     GPU 0  1.000  0.000  0.000  0.000  0.002  0.000  0.000  0.000               4905555               3823557          79           0       0.000      78.000     201.611        3057366833   1215      0     32          43   1215
     GPU 0  1.000  0.000  0.000  0.000  0.002  0.000  0.000  0.000               4905555               3823557          79           0       0.000      78.000     201.611        3057366833   1215      0     33          44   1215
     GPU 0  1.000  0.940  0.744  0.000  0.002  0.000  0.602  0.000               1339767               1758444          79           0       0.000      78.000     201.611        3057366833   1215      0     33          44   1215
     GPU 0  1.000  0.000  0.000  0.000  0.001  0.000  0.000  0.000               1256189               1339935          79           0       0.000      78.000     204.331        3057387635   1215      0     33          43   1215
     GPU 0  1.000  0.000  0.000  0.000  0.001  0.000  0.000  0.000               1253623               1337198          79           0       0.000      78.000     204.331        3057387635   1215      0     33          43   1215
     GPU 0  1.000  0.939  0.750  0.000  0.002  0.000  0.621  0.000               9762208               6931033          79           0       0.000      78.000     204.331        3057387635   1215      0     33          43   1215
     GPU 0  1.000  0.000  0.000  0.000  0.001  0.000  0.000  0.000               1507521               1256268          79           0       0.000      78.000     204.331        3057387635   1215      0     33          43   1215
     GPU 0  1.000  0.940  0.751  0.000  0.002  0.000  0.622  0.000               6940988               5695746          79           0       0.000      78.000     203.509        3057387635   1215      0     33          43   1215
     GPU 0  1.000  0.941  0.754  0.000  0.002  0.000  0.609  0.000               9741303               7512846          79           0       0.000      78.000     203.509        3057408011   1215      0     33          43   1215

# Entity  GRACT  SMACT  SMOCC  TENSO  DRAMA  FP64A  FP32A  FP16A                 PCITX                 PCIRX       GPUTL       MCUTL       MUSAM       GUSAM       POWER             TOTEC  SACLK  PSTAT  TMPTR       MMTMP  SMCLK
      Id                                                                                                                                                               W                mJ                    C           C       
     GPU 0  1.000  0.000  0.000  0.000  0.001  0.000  0.000  0.000              11017136               8120801          79           0       0.000      78.000     203.509        3057408011   1215      0     34          43   1215
     GPU 0  1.000  0.939  0.750  0.000  0.001  0.000  0.621  0.000               1256011               1256011         100           0       0.000      99.000     203.509        3057408011   1215      0     34          43   1215
     GPU 0  1.000  0.939  0.750  0.000  0.001  0.000  0.621  0.000               1256011               1256011         100           0       0.000      99.000     203.509        3057408011   1215      0     34          44   1215
     GPU 0  1.000  0.000  0.000  0.000  0.001  0.000  0.000  0.000               8242926               5912124         100           0       0.000      99.000     203.509        3057408011   1215      0     34          44   1215
     GPU 0  1.000  0.940  0.759  0.000  0.001  0.000  0.619  0.000               9015638               6816428         100           0       0.000      99.000     203.751        3057428951   1215      0     34          44   1215
     GPU 0  1.000  0.000  0.000  0.000  0.002  0.000  0.000  0.000               1256432               1340194         100           0       0.000      99.000     203.751        3057428951   1215      0     34          44   1215
     GPU 0  1.000  0.941  0.749  0.000  0.002  0.000  0.603  0.000               8804083               6598495         100           0       0.000      99.000     203.751        3057428951   1215      0     34          44   1215
     GPU 0  1.000  0.892  0.692  0.000  0.002  0.000  0.579  0.000               6533044               4738952         100           0       0.000      99.000     203.751        3057428951   1215      0     34          44   1215
     GPU 0  1.000  0.000  0.000  0.000  0.002  0.000  0.000  0.000               1340243               1759070         100           0       0.000      99.000     203.751        3057428951   1215      0     34          44   1215
     GPU 0  1.000  0.000  0.000  0.000  0.001  0.000  0.000  0.000               1256215               1339963         100           0       0.000      99.000     204.041        3057449399   1215      0     34          44   1215
     GPU 0  1.000  0.000  0.000  0.000  0.001  0.000  0.000  0.000               1256215               1339963         100           0       0.000      99.000     204.041        3057449399   1215      0     35          44   1215
     GPU 0  1.000  0.932  0.743  0.000  0.001  0.000  0.616  0.000               6084231               4925294         100           0       0.000      99.000     204.041        3057449399   1215      0     35          44   1215
     GPU 0  1.000  0.931  0.746  0.000  0.001  0.000  0.616  0.000               7221377               5124115         100           0       0.000      99.000     204.041        3057449399   1215      0     35          44   1215
     GPU 0  1.000  0.000  0.000  0.000  0.001  0.000  0.000  0.000               7419207               5027946         100           0       0.000      99.000     204.579        3057449399   1215      0     35          44   1215

# Entity  GRACT  SMACT  SMOCC  TENSO  DRAMA  FP64A  FP32A  FP16A                 PCITX                 PCIRX       GPUTL       MCUTL       MUSAM       GUSAM       POWER             TOTEC  SACLK  PSTAT  TMPTR       MMTMP  SMCLK
      Id                                                                                                                                                               W                mJ                    C           C       
     GPU 0  1.000  0.931  0.731  0.000  0.001  0.000  0.613  0.000               8885239               5825923         100           0       0.000      99.000     204.579        3057470175   1215      0     35          44   1215
     GPU 0  1.000  0.930  0.744  0.000  0.001  0.000  0.615  0.000              12523486               7439970         100           0       0.000      99.000     204.579        3057470175   1215      0     35          44   1215
     GPU 0  1.000  0.000  0.000  0.000  0.001  0.000  0.000  0.000               9530852               6508211         100           0       0.000      99.000     204.579        3057470175   1215      0     35          44   1215
     GPU 0  1.000  0.000  0.000  0.000  0.001  0.000  0.000  0.000               9530852               6508211         100           0       0.000      99.000     204.579        3057470175   1215      0     35          44   1215
     GPU 0  1.000  0.941  0.756  0.000  0.001  0.000  0.623  0.000               9965182               7464282         100           0       0.000      99.000     204.579        3057470175   1215      0     35          44   1215
     GPU 0  1.000  0.930  0.745  0.000  0.002  0.000  0.614  0.000               7978951               6001369         100           0       0.000      99.000     203.751        3057490848   1215      0     35          44   1215
     GPU 0  1.000  0.000  0.000  0.000  0.002  0.000  0.000  0.000               1924394               2091732         100           0       0.000      99.000     203.751        3057490848   1215      0     35          44   1215
     GPU 0  1.000  0.000  0.000  0.000  0.002  0.000  0.000  0.000               1924394               2091732         100           0       0.000      99.000     203.751        3057490848   1215      0     35          44   1215
     GPU 0  1.000  0.932  0.736  0.000  0.001  0.000  0.614  0.000              12270954               8541799         100           0       0.000      99.000     203.751        3057490848   1215      0     35          44   1215
     GPU 0  1.000  0.000  0.000  0.000  0.001  0.000  0.000  0.000               1256123               1507348         100           0       0.000      99.000     203.751        3057490848   1215      0     35          44   1215
     GPU 0  1.000  0.949  0.758  0.000  0.001  0.000  0.628  0.000               9595281               7169155         100           0       0.000      99.000     203.751        3057511747   1215      0     35          44   1215
     GPU 0  1.000  0.000  0.000  0.000  0.001  0.000  0.000  0.000               1238217               1485861         100           0       0.000      99.000     205.939        3057511747   1215      0     35          44   1215
     GPU 0  1.000  0.941  0.750  0.000  0.002  0.000  0.606  0.000               7035920               5159589         100           0       0.000      99.000     205.939        3057511747   1215      0     35          44   1215
     GPU 0  1.000  0.000  0.000  0.000  0.002  0.000  0.000  0.000              10826482               8351549         100           0       0.000      99.000     205.939        3057511747   1215      0     35          44   1215

# Entity  GRACT  SMACT  SMOCC  TENSO  DRAMA  FP64A  FP32A  FP16A                 PCITX                 PCIRX       GPUTL       MCUTL       MUSAM       GUSAM       POWER             TOTEC  SACLK  PSTAT  TMPTR       MMTMP  SMCLK
      Id                                                                                                                                                               W                mJ                    C           C       
     GPU 0  1.000  0.939  0.751  0.000  0.001  0.000  0.621  0.000              10990539               8232676         100           0       0.000      99.000     205.939        3057511747   1215      0     35          44   1215
     GPU 0  1.000  0.938  0.732  0.000  0.001  0.000  0.618  0.000              10511688               7943901         100           0       0.000      99.000     205.939        3057532256   1215      0     36          44   1215
     GPU 0  1.000  0.000  0.000  0.000  0.001  0.000  0.000  0.000              10969433               8034061         100           0       0.000      99.000     205.939        3057532256   1215      0     36          44   1215
     GPU 0  1.000  0.946  0.767  0.000  0.002  0.000  0.615  0.000              10928060               7762904         100           0       0.000      99.000     205.939        3057532256   1215      0     36          44   1215
     GPU 0  1.000  0.946  0.767  0.000  0.002  0.000  0.615  0.000              10928060               7762904         100           0       0.000      99.000     205.939        3057532256   1215      0     36          44   1215
     GPU 0  1.000  0.947  0.761  0.000  0.002  0.000  0.627  0.000               3840516               3398185         100           0       0.000      99.000     205.939        3057532256   1215      0     36          44   1215
     GPU 0  1.000  0.000  0.000  0.000  0.002  0.000  0.000  0.000               1337548               1671935         100           0       0.000      99.000     205.939        3057553301   1215      0     36          44   1215
     GPU 0  1.000  0.939  0.749  0.000  0.001  0.000  0.621  0.000              10708780               6525635         100           0       0.000      99.000     204.579        3057553301   1215      0     36          44   1215
     GPU 0  1.000  0.000  0.000  0.000  0.002  0.000  0.000  0.000              10634164               8096788         100           0       0.000      99.000     204.579        3057553301   1215      0     36          44   1215
     GPU 0  1.000  0.931  0.736  0.000  0.001  0.000  0.612  0.000              10718959               8029950         100           0       0.000      99.000     204.579        3057553301   1215      0     36          44   1215
     GPU 0  1.000  0.948  0.770  0.000  0.001  0.000  0.628  0.000              10498584               7978642         100           0       0.000      99.000     204.579        3057553301   1215      0     36          44   1215
     GPU 0  1.000  0.000  0.000  0.000  0.002  0.000  0.000  0.000              10101539               7955660         100           0       0.000      99.000     205.401        3057573796   1215      0     36          44   1215
     GPU 0  1.000  0.935  0.747  0.000  0.002  0.000  0.618  0.000               9542579               7533600         100           0       0.000      99.000     205.401        3057573796   1215      0     36          44   1215
     GPU 0  1.000  0.935  0.747  0.000  0.002  0.000  0.618  0.000               9542579               7533600         100           0       0.000      99.000     205.401        3057573796   1215      0     36          44   1215

# Entity  GRACT  SMACT  SMOCC  TENSO  DRAMA  FP64A  FP32A  FP16A                 PCITX                 PCIRX       GPUTL       MCUTL       MUSAM       GUSAM       POWER             TOTEC  SACLK  PSTAT  TMPTR       MMTMP  SMCLK
      Id                                                                                                                                                               W                mJ                    C           C       
     GPU 0  1.000  0.944  0.757  0.000  0.001  0.000  0.626  0.000               3386204               1327893         100           0       0.000      99.000     205.401        3057573796   1215      0     36          44   1215
     GPU 0  1.000  0.000  0.000  0.000  0.001  0.000  0.000  0.000               6113024               3378597         100           0       0.000      99.000     205.401        3057573796   1215      0     36          44   1215
     GPU 0  1.000  0.939  0.763  0.000  0.001  0.000  0.622  0.000               6544413               4155994         100           0       0.000      99.000     205.401        3057573796   1215      0     36          44   1215
     GPU 0  1.000  0.939  0.749  0.000  0.001  0.000  0.620  0.000               9172284               5449707         100           0       0.000      99.000     205.111        3057594805   1215      0     36          44   1215
     GPU 0  1.000  0.939  0.749  0.000  0.001  0.000  0.620  0.000               9172284               5449707         100           0       0.000      99.000     205.111        3057594805   1215      0     36          44   1215
     GPU 0  1.000  0.000  0.000  0.000  0.001  0.000  0.000  0.000               7081798               5052718         100           0       0.000      99.000     205.111        3057594805   1215      0     36          44   1215
     GPU 0  1.000  0.934  0.729  0.000  0.002  0.000  0.615  0.000               9589213               7130125         100           0       0.000      99.000     205.111        3057594805   1215      0     36          45   1215
     GPU 0  1.000  0.946  0.756  0.000  0.002  0.000  0.608  0.000               6766239               5890151         100           0       0.000      99.000     204.331        3057615348   1215      0     36          44   1215
     GPU 0  1.000  0.946  0.756  0.000  0.002  0.000  0.608  0.000               6766239               5890151         100           0       0.000      99.000     204.331        3057615348   1215      0     36          44   1215
     GPU 0  1.000  0.000  0.000  0.000  0.001  0.000  0.000  0.000               7718775               5017201         100           0       0.000      99.000     204.331        3057615348   1215      0     36          44   1215
     GPU 0  1.000  0.000  0.000  0.000  0.001  0.000  0.000  0.000               7718775               5017201         100           0       0.000      99.000     204.331        3057615348   1215      0     36          44   1215
     GPU 0  1.000  0.000  0.000  0.000  0.001  0.000  0.000  0.000               7718775               5017201         100           0       0.000      99.000     204.331        3057615348   1215      0     36          44   1215
     GPU 0  1.000  0.947  0.757  0.000  0.002  0.000  0.617  0.000              15496253               9383052         100           0       0.000      99.000     205.111        3057636731   1215      0     36          44   1215
     GPU 0  1.000  0.000  0.000  0.000  0.001  0.000  0.000  0.000               8801713               5788721         100           0       0.000      99.000     205.111        3057636731   1215      0     36          45   1215

# Entity  GRACT  SMACT  SMOCC  TENSO  DRAMA  FP64A  FP32A  FP16A                 PCITX                 PCIRX       GPUTL       MCUTL       MUSAM       GUSAM       POWER             TOTEC  SACLK  PSTAT  TMPTR       MMTMP  SMCLK
      Id                                                                                                                                                               W                mJ                    C           C       
     GPU 0  1.000  0.940  0.749  0.000  0.001  0.000  0.621  0.000               6956631               5420958         100           0       0.000      99.000     205.111        3057636731   1215      0     36          45   1215
     GPU 0  1.000  0.940  0.749  0.000  0.001  0.000  0.621  0.000               6956631               5420958         100           0       0.000      99.000     205.111        3057636731   1215      0     36          44   1215
     GPU 0  1.000  0.939  0.754  0.000  0.001  0.000  0.621  0.000              10665505               8155629         100           0       0.000      99.000     205.111        3057636731   1215      0     36          45   1215
     GPU 0  1.000  0.000  0.000  0.000  0.001  0.000  0.000  0.000               8554732               6543561         100           0       0.000      99.000     202.681        3057636731   1215      0     36          45   1215
     GPU 0  1.000  0.943  0.745  0.000  0.002  0.000  0.619  0.000               1255125               1338800         100           0       0.000      99.000     202.681        3057656780   1215      0     36          45   1215
     GPU 0  1.000  0.000  0.000  0.000  0.001  0.000  0.000  0.000              10525714               7567095         100           0       0.000      99.000     202.681        3057656780   1215      0     36          45   1215
     GPU 0  1.000  0.936  0.746  0.000  0.001  0.000  0.619  0.000               6914129               5478098         100           0       0.000      99.000     202.681        3057656780   1215      0     36          45   1215
     GPU 0  1.000  0.936  0.746  0.000  0.001  0.000  0.619  0.000               6914129               5478098         100           0       0.000      99.000     202.681        3057656780   1215      0     36          45   1215
     GPU 0  1.000  0.959  0.781  0.000  0.001  0.000  0.636  0.000               4311558               1326565         100           0       0.000      99.000     203.206        3057656780   1215      0     36          45   1215
     GPU 0  1.000  0.000  0.000  0.000  0.001  0.000  0.000  0.000              11230587               8734901         100           0       0.000      99.000     203.206        3057677384   1215      0     36          44   1215
     GPU 0  1.000  0.937  0.747  0.000  0.002  0.000  0.601  0.000               7289098               6096214         100           0       0.000      99.000     203.206        3057677384   1215      0     36          45   1215
     GPU 0  1.000  0.000  0.000  0.000  0.001  0.000  0.000  0.000               7395839               5280297         100           0       0.000      99.000     203.206        3057677384   1215      0     37          45   1215
     GPU 0  1.000  0.940  0.749  0.000  0.001  0.000  0.621  0.000              10306622               7948143         100           0       0.000      99.000     203.206        3057677384   1215      0     37          45   1215
     GPU 0  1.000  0.941  0.749  0.000  0.002  0.000  0.604  0.000              10506837               8214335         100           0       0.000      99.000     202.971        3057697945   1215      0     37          45   1215

# Entity  GRACT  SMACT  SMOCC  TENSO  DRAMA  FP64A  FP32A  FP16A                 PCITX                 PCIRX       GPUTL       MCUTL       MUSAM       GUSAM       POWER             TOTEC  SACLK  PSTAT  TMPTR       MMTMP  SMCLK
      Id                                                                                                                                                               W                mJ                    C           C       
     GPU 0  1.000  0.941  0.749  0.000  0.002  0.000  0.604  0.000              10506837               8214335         100           0       0.000      99.000     202.971        3057697945   1215      0     37          45   1215
     GPU 0  1.000  0.000  0.000  0.000  0.002  0.000  0.000  0.000               9701551               7449171         100           0       0.000      99.000     202.971        3057697945   1215      0     37          45   1215
     GPU 0  1.000  0.939  0.749  0.000  0.001  0.000  0.621  0.000               3382532               1476503         100           0       0.000      99.000     202.971        3057697945   1215      0     37          45   1215
     GPU 0  1.000  0.879  0.690  0.000  0.001  0.000  0.574  0.000               5670270               2874826         100           0       0.000      99.000     202.971        3057697945   1215      0     37          45   1215
     GPU 0  1.000  0.000  0.000  0.000  0.001  0.000  0.000  0.000               7460168               4929407         100           0       0.000      99.000     202.971        3057697945   1215      0     37          45   1215
     GPU 0  1.000  0.000  0.000  0.000  0.001  0.000  0.000  0.000               7460168               4929407         100           0       0.000      99.000     202.674        3057718788   1215      0     37          45   1215
     GPU 0  1.000  0.926  0.736  0.000  0.001  0.000  0.610  0.000               9899543               5920868         100           0       0.000      99.000     202.674        3057718788   1215      0     37          45   1215
     GPU 0  1.000  0.952  0.752  0.000  0.001  0.000  0.630  0.000               7878692               5310100         100           0       0.000      99.000     202.674        3057718788   1215      0     37          45   1215
     GPU 0  1.000  0.000  0.000  0.000  0.002  0.000  0.000  0.000              10515875               8097890         100           0       0.000      99.000     202.674        3057718788   1215      0     37          45   1215
     GPU 0  1.000  0.949  0.766  0.000  0.002  0.000  0.629  0.000              10294877               8056566         100           0       0.000      99.000     203.212        3057738980   1215      0     37          45   1215
     GPU 0  1.000  0.949  0.766  0.000  0.002  0.000  0.629  0.000              10294877               8056566         100           0       0.000      99.000     203.212        3057738980   1215      0     37          45   1215
     GPU 0  1.000  0.943  0.751  0.000  0.002  0.000  0.609  0.000               6616071               5683470         100           0       0.000      99.000     203.212        3057738980   1215      0     37          45   1215
     GPU 0  1.000  0.000  0.000  0.000  0.001  0.000  0.000  0.000               7324356               5417940         100           0       0.000      99.000     203.212        3057738980   1215      0     37          45   1215
     GPU 0  1.000  0.941  0.756  0.000  0.001  0.000  0.623  0.000               5894349               3617769         100           0       0.000      99.000     203.212        3057738980   1215      0     37          45   1215

# Entity  GRACT  SMACT  SMOCC  TENSO  DRAMA  FP64A  FP32A  FP16A                 PCITX                 PCIRX       GPUTL       MCUTL       MUSAM       GUSAM       POWER             TOTEC  SACLK  PSTAT  TMPTR       MMTMP  SMCLK
      Id                                                                                                                                                               W                mJ                    C           C       
     GPU 0  1.000  0.936  0.746  0.000  0.001  0.000  0.619  0.000              10512942               7882180         100           0       0.000      99.000     202.149        3057759529   1215      0     37          45   1215
     GPU 0  1.000  0.936  0.746  0.000  0.001  0.000  0.619  0.000              10512942               7882180         100           0       0.000      99.000     202.149        3057759529   1215      0     37          45   1215
     GPU 0  1.000  0.000  0.000  0.000  0.002  0.000  0.000  0.000               8478114               6498207         100           0       0.000      99.000     202.149        3057759529   1215      0     37          45   1215
     GPU 0  1.000  0.937  0.744  0.000  0.002  0.000  0.601  0.000               5251399               4100785         100           0       0.000      99.000     202.149        3057759529   1215      0     37          45   1215
     GPU 0  1.000  0.941  0.751  0.000  0.002  0.000  0.623  0.000               9601234               7138803         100           0       0.000      99.000     202.149        3057759529   1215      0     37          45   1215
     GPU 0  1.000  0.941  0.751  0.000  0.002  0.000  0.623  0.000               9601234               7138803         100           0       0.000      99.000     203.751        3057780134   1215      0     37          45   1215
     GPU 0  1.000  0.000  0.000  0.000  0.001  0.000  0.000  0.000               7012518               5321954         100           0       0.000      99.000     203.751        3057780134   1215      0     37          45   1215
     GPU 0  1.000  0.941  0.760  0.000  0.001  0.000  0.624  0.000               8871992               6214993         100           0       0.000      99.000     203.751        3057780134   1215      0     37          45   1215
     GPU 0  1.000  0.945  0.771  0.000  0.001  0.000  0.626  0.000               9169047               5990317         100           0       0.000      99.000     203.751        3057780134   1215      0     37          45   1215
     GPU 0  1.000  0.945  0.771  0.000  0.001  0.000  0.626  0.000               9169047               5990317         100           0       0.000      99.000     203.751        3057780134   1215      0     37          45   1215
     GPU 0  1.000  0.000  0.000  0.000  0.002  0.000  0.000  0.000              12119044               9090739         100           0       0.000      99.000     204.041        3057800654   1215      0     37          45   1215
     GPU 0  1.000  0.943  0.753  0.000  0.001  0.000  0.624  0.000               3881937               3591457         100           0       0.000      99.000     204.041        3057800654   1215      0     37          45   1215
     GPU 0  1.000  0.940  0.741  0.000  0.002  0.000  0.622  0.000              10478912               7863915         100           0       0.000      99.000     204.041        3057800654   1215      0     37          45   1215
     GPU 0  1.000  0.940  0.741  0.000  0.002  0.000  0.622  0.000              10478912               7863915         100           0       0.000      99.000     204.041        3057800654   1215      0     37          45   1215

# Entity  GRACT  SMACT  SMOCC  TENSO  DRAMA  FP64A  FP32A  FP16A                 PCITX                 PCIRX       GPUTL       MCUTL       MUSAM       GUSAM       POWER             TOTEC  SACLK  PSTAT  TMPTR       MMTMP  SMCLK
      Id                                                                                                                                                               W                mJ                    C           C       
     GPU 0  1.000  0.000  0.000  0.000  0.001  0.000  0.000  0.000               7924360               6456958         100           0       0.000      99.000     204.041        3057800654   1215      0     37          45   1215
     GPU 0  1.000  0.946  0.752  0.000  0.001  0.000  0.626  0.000               3649903               1283409         100           0       0.000      99.000     203.206        3057821231   1215      0     37          45   1215
     GPU 0  1.000  0.000  0.000  0.000  0.001  0.000  0.000  0.000               1256005               1256005         100           0       0.000      99.000     203.206        3057821231   1215      0     37          45   1215
     GPU 0  1.000  0.943  0.752  0.000  0.001  0.000  0.623  0.000               3418991               1323410         100           0       0.000      99.000     203.206        3057821231   1215      0     37          45   1215
     GPU 0  1.000  0.942  0.757  0.000  0.001  0.000  0.624  0.000               4863077               3090413         100           0       0.000      99.000     203.206        3057821231   1215      0     37          45   1215
     GPU 0  1.000  0.000  0.000  0.000  0.001  0.000  0.000  0.000               8407131               5555296         100           0       0.000      99.000     203.206        3057821231   1215      0     37          45   1215
     GPU 0  1.000  0.000  0.000  0.000  0.001  0.000  0.000  0.000               8407131               5555296         100           0       0.000      99.000     203.206        3057842091   1215      0     37          45   1215
     GPU 0  1.000  0.935  0.731  0.000  0.001  0.000  0.615  0.000               8017906               6363838         100           0       0.000      99.000     203.987        3057842091   1215      0     37          45   1215
     GPU 0  1.000  0.944  0.747  0.000  0.001  0.000  0.623  0.000               6137266               4590699         100           0       0.000      99.000     203.987        3057842091   1215      0     37          45   1215
     GPU 0  1.000  0.944  0.747  0.000  0.001  0.000  0.623  0.000               6137266               4590699         100           0       0.000      99.000     203.987        3057842091   1215      0     37          45   1215
     GPU 0  1.000  0.000  0.000  0.000  0.001  0.000  0.000  0.000               7577478               5316838         100           0       0.000      99.000     203.987        3057842091   1215      0     37          45   1215
     GPU 0  1.000  0.934  0.745  0.000  0.001  0.000  0.617  0.000              10985158               8496590         100           0       0.000      99.000     203.987        3057842091   1215      0     37          45   1215
     GPU 0  1.000  0.000  0.000  0.000  0.001  0.000  0.000  0.000               2176460               2176460         100           0       0.000      99.000     203.751        3057862453   1215      0     37          45   1215
     GPU 0  1.000  0.939  0.750  0.000  0.001  0.000  0.621  0.000               7629103               5169783         100           0       0.000      99.000     203.751        3057862453   1215      0     37          45   1215

# Entity  GRACT  SMACT  SMOCC  TENSO  DRAMA  FP64A  FP32A  FP16A                 PCITX                 PCIRX       GPUTL       MCUTL       MUSAM       GUSAM       POWER             TOTEC  SACLK  PSTAT  TMPTR       MMTMP  SMCLK
      Id                                                                                                                                                               W                mJ                    C           C       
     GPU 0  1.000  0.939  0.750  0.000  0.001  0.000  0.621  0.000               7629103               5169783         100           0       0.000      99.000     203.751        3057862453   1215      0     37          45   1215
     GPU 0  1.000  0.949  0.754  0.000  0.002  0.000  0.575  0.000               3543779               1325337         100           0       0.000      99.000     203.751        3057862453   1215      0     37          45   1215
     GPU 0  1.000  0.000  0.000  0.000  0.002  0.000  0.000  0.000               3374686               1747677         100           0       0.000      99.000     202.681        3057883059   1215      0     37          45   1215
     GPU 0  1.000  0.937  0.758  0.000  0.002  0.000  0.620  0.000               6805688               3474227         100           0       0.000      99.000     202.681        3057883059   1215      0     37          45   1215
     GPU 0  1.000  0.939  0.731  0.000  0.002  0.000  0.594  0.000               7520151               5426328         100           0       0.000      99.000     202.681        3057883059   1215      0     37          45   1215
     GPU 0  1.000  0.939  0.731  0.000  0.002  0.000  0.594  0.000               7520151               5426328         100           0       0.000      99.000     202.681        3057883059   1215      0     37          45   1215
     GPU 0  1.000  0.000  0.000  0.000  0.002  0.000  0.000  0.000              10225081               6442632         100           0       0.000      99.000     202.681        3057883059   1215      0     37          45   1215
     GPU 0  1.000  0.940  0.749  0.000  0.001  0.000  0.621  0.000               7651364               5206773         100           0       0.000      99.000     203.745        3057883059   1215      0     37          45   1215
     GPU 0  1.000  0.936  0.719  0.000  0.001  0.000  0.614  0.000               3378610               1326113         100           0       0.000      99.000     203.745        3057903846   1215      0     37          45   1215
     GPU 0  1.000  0.936  0.719  0.000  0.001  0.000  0.614  0.000               3378610               1326113         100           0       0.000      99.000     203.745        3057903846   1215      0     37          45   1215
     GPU 0  1.000  0.936  0.719  0.000  0.001  0.000  0.614  0.000               3378610               1326113         100           0       0.000      99.000     203.745        3057903846   1215      0     37          45   1215
     GPU 0  1.000  0.936  0.719  0.000  0.001  0.000  0.614  0.000               3378610               1326113         100           0       0.000      99.000     203.745        3057903846   1215      0     37          45   1215
     GPU 0  1.000  0.000  0.000  0.000  0.001  0.000  0.000  0.000               1506646               1171836         100           0       0.000      99.000     203.212        3057924503   1215      0     37          45   1215
     GPU 0  1.000  0.937  0.753  0.000  0.002  0.000  0.619  0.000               8952830               6664005         100           0       0.000      99.000     203.212        3057924503   1215      0     37          45   1215

# Entity  GRACT  SMACT  SMOCC  TENSO  DRAMA  FP64A  FP32A  FP16A                 PCITX                 PCIRX       GPUTL       MCUTL       MUSAM       GUSAM       POWER             TOTEC  SACLK  PSTAT  TMPTR       MMTMP  SMCLK
      Id                                                                                                                                                               W                mJ                    C           C       
     GPU 0  1.000  0.937  0.753  0.000  0.002  0.000  0.619  0.000               8952830               6664005         100           0       0.000      99.000     203.212        3057924503   1215      0     37          45   1215
     GPU 0  1.000  0.000  0.000  0.000  0.002  0.000  0.000  0.000               8338191               6310090         100           0       0.000      99.000     203.212        3057924503   1215      0     37          45   1215
     GPU 0  1.000  0.935  0.738  0.000  0.002  0.000  0.601  0.000              10069100               7423889         100           0       0.000      99.000     203.212        3057924503   1215      0     37          45   1215
     GPU 0  1.000  0.942  0.761  0.000  0.002  0.000  0.625  0.000               6861578               5755509         100           0       0.000      99.000     202.971        3057924503   1215      0     37          45   1215
     GPU 0  1.000  0.000  0.000  0.000  0.002  0.000  0.000  0.000               1335036               1418476         100           0       0.000      99.000     202.971        3057945075   1215      0     37          45   1215
     GPU 0  1.000  0.000  0.000  0.000  0.002  0.000  0.000  0.000               1335036               1418476         100           0       0.000      99.000     202.971        3057945075   1215      0     37          45   1215
     GPU 0  1.000  0.942  0.741  0.000  0.002  0.000  0.624  0.000              11042027               8124808         100           0       0.000      99.000     202.971        3057945075   1215      0     37          45   1215
     GPU 0  1.000  0.000  0.000  0.000  0.002  0.000  0.000  0.000               3291164               3291164         100           0       0.000      99.000     202.971        3057945075   1215      0     37          45   1215
     GPU 0  1.000  0.940  0.747  0.000  0.002  0.000  0.602  0.000               3452068               1027045         100           0       0.000      99.000     202.971        3057965632   1215      0     37          45   1215
     GPU 0  0.600  0.000  0.000  0.000  0.002  0.000  0.000  0.000             631548468                579098         100           0       0.000      99.000     202.681        3057965632   1215      0     36          45   1215
     GPU 0  0.000  0.000  0.000  0.000  0.000  0.000  0.000  0.000               7340059               4873554         100           0       0.000      99.000     202.681        3057965632   1215      0     36          45   1215
     GPU 0  0.000  0.000  0.000  0.000  0.000  0.000  0.000  0.000               7340059               4873554         100           0       0.000      99.000     202.681        3057965632   1215      0     35          45   1215
     GPU 0  0.000  0.000  0.000  0.000  0.000  0.000  0.000  0.000               8616483               4633739         100           0       0.000      99.000     202.681        3057965632   1215      0     34          45   1215
     GPU 0  0.000  0.000  0.000  0.000  0.000  0.000  0.000  0.000               7054808               3832554         100           0       0.000      99.000      93.828        3057976819   1215      0     33          45   1215

# Entity  GRACT  SMACT  SMOCC  TENSO  DRAMA  FP64A  FP32A  FP16A                 PCITX                 PCIRX       GPUTL       MCUTL       MUSAM       GUSAM       POWER             TOTEC  SACLK  PSTAT  TMPTR       MMTMP  SMCLK
      Id                                                                                                                                                               W                mJ                    C           C       
     GPU 0  0.000  0.000  0.000  0.000  0.000  0.000  0.000  0.000               7177963               4016848         100           0       0.000      99.000      93.828        3057976819   1215      0     33          45   1215
     GPU 0  0.000  0.000  0.000  0.000  0.000  0.000  0.000  0.000               9003315               5179902          35           0       0.000      35.000      93.828        3057976819   1215      0     33          45   1215
     GPU 0  0.000  0.000  0.000  0.000  0.000  0.000  0.000  0.000              10347411               6006629          35           0       0.000      35.000      93.828        3057976819   1215      0     32          45   1215
     GPU 0  0.000  0.000  0.000  0.000  0.000  0.000  0.000  0.000              12794134               8317023          35           0       0.000      35.000      93.828        3057976819   1215      0     32          45   1215
     GPU 0  0.000  0.000  0.000  0.000  0.000  0.000  0.000  0.000               9834059               6483780          35           0       0.000      35.000      93.295        3057986311   1215      0     32          45   1215
     GPU 0  0.000  0.000  0.000  0.000  0.000  0.000  0.000  0.000              11195310               7225641          35           0       0.000      35.000      93.295        3057986311   1215      0     32          45   1215
     GPU 0  0.000  0.000  0.000  0.000  0.000  0.000  0.000  0.000              11195310               7225641          35           0       0.000      35.000      93.295        3057986311   1215      0     32          45   1215
     GPU 0  0.000  0.000  0.000  0.000  0.000  0.000  0.000  0.000              11998747               7235320          35           0       0.000      35.000      93.295        3057986311   1215      0     32          45   1215
     GPU 0  0.000  0.000  0.000  0.000  0.000  0.000  0.000  0.000               4018427               2637159          35           0       0.000      35.000      93.295        3057986311   1215      0     32          45   1215
     GPU 0  0.000  0.000  0.000  0.000  0.000  0.000  0.000  0.000               7281589               5015181          35           0       0.000      35.000      93.295        3057995766   1215      0     32          45   1215
     GPU 0  0.000  0.000  0.000  0.000  0.000  0.000  0.000  0.000               7281589               5015181          35           0       0.000      35.000      93.295        3057995766   1215      0     31          45   1215
     GPU 0  0.000  0.000  0.000  0.000  0.000  0.000  0.000  0.000               8317843               5769547           0           0       0.000       0.000      93.295        3057995766   1215      0     31          45   1215
     GPU 0  0.000  0.000  0.000  0.000  0.000  0.000  0.000  0.000               6524947               4039295           0           0       0.000       0.000      93.295        3057995766   1215      0     31          45   1215
     GPU 0  0.000  0.000  0.000  0.000  0.000  0.000  0.000  0.000               5016614               4223338           0           0       0.000       0.000      93.295        3057995766   1215      0     31          45   1215

# Entity  GRACT  SMACT  SMOCC  TENSO  DRAMA  FP64A  FP32A  FP16A                 PCITX                 PCIRX       GPUTL       MCUTL       MUSAM       GUSAM       POWER             TOTEC  SACLK  PSTAT  TMPTR       MMTMP  SMCLK
      Id                                                                                                                                                               W                mJ                    C           C       
     GPU 0  0.000  0.000  0.000  0.000  0.000  0.000  0.000  0.000               3061843                274549           0           0       0.000       0.000      93.295        3057995766   1215      0     31          45   1215
     GPU 0  0.000  0.000  0.000  0.000  0.000  0.000  0.000  0.000               1004688                 83724           0           0       0.000       0.000      93.295        3058005217   1215      0     31          45   1215
     GPU 0  0.000  0.000  0.000  0.000  0.000  0.000  0.000  0.000               1004688                 83724           0           0       0.000       0.000      93.295        3058005217   1215      0     31          45   1215
     GPU 0  0.000  0.000  0.000  0.000  0.000  0.000  0.000  0.000               6984756               5026966           0           0       0.000       0.000      93.295        3058005217   1215      0     31          45   1215
     GPU 0  0.000  0.000  0.000  0.000  0.000  0.000  0.000  0.000               6407707               3913203           0           0       0.000       0.000      93.295        3058005217   1215      0     31          45   1215
     GPU 0  0.000  0.000  0.000  0.000  0.000  0.000  0.000  0.000               6157077               3643802           0           0       0.000       0.000      92.998        3058014602   1215      0     31          45   1215
     GPU 0  0.000  0.000  0.000  0.000  0.000  0.000  0.000  0.000               7494562               5366973           0           0       0.000       0.000      92.998        3058014602   1215      0     31          45   1215
     GPU 0  0.000  0.000  0.000  0.000  0.000  0.000  0.000  0.000               7494562               5366973           0           0       0.000       0.000      92.998        3058014602   1215      0     31          45   1215
     GPU 0  0.000  0.000  0.000  0.000  0.000  0.000  0.000  0.000               7494562               5366973           0           0       0.000       0.000      92.998        3058014602   1215      0     31          45   1215
     GPU 0  0.000  0.000  0.000  0.000  0.000  0.000  0.000  0.000               7494562               5366973           0           0       0.000       0.000      92.998        3058014602   1215      0     31          45   1215
     GPU 0  0.000  0.000  0.000  0.000  0.000  0.000  0.000  0.000               7196220               5145516           0           0       0.000       0.000      93.295        3058024337   1215      0     31          45   1215
     GPU 0  0.000  0.000  0.000  0.000  0.000  0.000  0.000  0.000               7196220               5145516           0           0       0.000       0.000      93.295        3058024337   1215      0     30          45   1215
     GPU 0  0.000  0.000  0.000  0.000  0.000  0.000  0.000  0.000              18254272              12712796           0           0       0.000       0.000      93.295        3058024337   1215      0     30          45   1215
     GPU 0  0.000  0.000  0.000  0.000  0.000  0.000  0.000  0.000               5982240              13293867           0           0       0.000       0.000      93.295        3058024337   1215      0     30          45   1215

# Entity  GRACT  SMACT  SMOCC  TENSO  DRAMA  FP64A  FP32A  FP16A                 PCITX                 PCIRX       GPUTL       MCUTL       MUSAM       GUSAM       POWER             TOTEC  SACLK  PSTAT  TMPTR       MMTMP  SMCLK
      Id                                                                                                                                                               W                mJ                    C           C       
     GPU 0  0.000  0.000  0.000  0.000  0.000  0.000  0.000  0.000               5982240              13293867           0           0       0.000       0.000      93.295        3058024337   1215      0     30          45   1215
     GPU 0  0.000  0.000  0.000  0.000  0.000  0.000  0.000  0.000               5982240              13293867           0           0       0.000       0.000      93.586        3058024337   1215      0     30          45   1215
     GPU 0  0.000  0.000  0.000  0.000  0.000  0.000  0.000  0.000               2378799               1864464           0           0       0.000       0.000      93.586        3058033566   1215      0     30          45   1215
     GPU 0  0.000  0.000  0.000  0.000  0.000  0.000  0.000  0.000               8307757              12996293           0           0       0.000       0.000      93.586        3058033566   1215      0     30          45   1215
     GPU 0  0.000  0.000  0.000  0.000  0.000  0.000  0.000  0.000                983265                430178           7           0       0.000       0.000      93.586        3058033566   1215      0     30          45   1215
     GPU 0  0.000  0.000  0.000  0.000  0.000  0.000  0.000  0.000                983265                430178           7           0       0.000       0.000      93.586        3058033566   1215      0     30          45   1215
     GPU 0  0.000  0.000  0.000  0.000  0.000  0.000  0.000  0.000               8109912               7018193           7           0       0.000       0.000      93.295        3058043019   1215      0     30          45   1215
     GPU 0  0.000  0.000  0.000  0.000  0.000  0.000  0.000  0.000               1057348                528674           7           0       0.000       0.000      93.295        3058043019   1215      0     30          45   1215
     GPU 0  0.000  0.000  0.000  0.000  0.000  0.000  0.000  0.000              16088071               9281579           7           0       0.000       0.000      93.295        3058043019   1215      0     30          45   1215
     GPU 0  0.000  0.000  0.000  0.000  0.000  0.000  0.000  0.000              16088071               9281579           7           0       0.000       0.000      93.295        3058043019   1215      0     30          45   1215
     GPU 0  0.000  0.000  0.000  0.000  0.000  0.000  0.000  0.000               6002109               5032483           7           0       0.000       0.000      93.295        3058043019   1215      0     30          45   1215
     GPU 0  0.000  0.000  0.000  0.000  0.000  0.000  0.000  0.000               9343281               5819783           7           0       0.000       0.000      93.295        3058043019   1215      0     30          45   1215
     GPU 0  0.000  0.000  0.000  0.000  0.000  0.000  0.000  0.000               9343281               5819783           7           0       0.000       0.000      93.295        3058052470   1215      0     30          45   1215
     GPU 0  0.000  0.000  0.000  0.000  0.000  0.000  0.000  0.000               8906969               5586716           0           0       0.000       0.000      93.295        3058052470   1215      0     30          45   1215

# Entity  GRACT  SMACT  SMOCC  TENSO  DRAMA  FP64A  FP32A  FP16A                 PCITX                 PCIRX       GPUTL       MCUTL       MUSAM       GUSAM       POWER             TOTEC  SACLK  PSTAT  TMPTR       MMTMP  SMCLK
      Id                                                                                                                                                               W                mJ                    C           C       
     GPU 0  0.000  0.000  0.000  0.000  0.000  0.000  0.000  0.000              10764460               6551342           0           0       0.000       0.000      93.295        3058052470   1215      0     30          45   1215
     GPU 0  0.000  0.000  0.000  0.000  0.000  0.000  0.000  0.000              10845394               7076851           0           0       0.000       0.000      93.295        3058052470   1215      0     30          45   1215
     GPU 0  0.000  0.000  0.000  0.000  0.000  0.000  0.000  0.000              10123801               6683083           0           0       0.000       0.000      93.295        3058052470   1215      0     30          45   1215
     GPU 0  0.000  0.000  0.000  0.000  0.000  0.000  0.000  0.000               8808691               5532534           0           0       0.000       0.000      93.295        3058061916   1215      0     30          44   1215
     GPU 0  0.000  0.000  0.000  0.000  0.000  0.000  0.000  0.000               1917962                163316           0           0       0.000       0.000      93.295        3058061916   1215      0     30          45   1215
     GPU 0  0.000  0.000  0.000  0.000  0.000  0.000  0.000  0.000              10643205               6913766           0           0       0.000       0.000      93.295        3058061916   1215      0     30          44   1215
     GPU 0  0.000  0.000  0.000  0.000  0.000  0.000  0.000  0.000              10643205               6913766           0           0       0.000       0.000      93.295        3058061916   1215      0     30          44   1215
     GPU 0  0.000  0.000  0.000  0.000  0.000  0.000  0.000  0.000              11690278               7919445           0           0       0.000       0.000      93.295        3058071338   1215      0     30          45   1215
     GPU 0  0.000  0.000  0.000  0.000  0.000  0.000  0.000  0.000               6490571               4312738           0           0       0.000       0.000      93.295        3058071338   1215      0     30          45   1215
     GPU 0  0.000  0.000  0.000  0.000  0.000  0.000  0.000  0.000               2744614                330859           0           0       0.000       0.000      93.295        3058071338   1215      0     30          45   1215
     GPU 0  0.000  0.000  0.000  0.000  0.000  0.000  0.000  0.000               4485029               1711159           0           0       0.000       0.000      93.295        3058071338   1215      0     30          45   1215
     GPU 0  0.000  0.000  0.000  0.000  0.000  0.000  0.000  0.000               7808418               4407087           0           0       0.000       0.000      93.295        3058071338   1215      0     30          44   1215
     GPU 0  0.000  0.000  0.000  0.000  0.000  0.000  0.000  0.000               7808418               4407087           0           0       0.000       0.000      93.295        3058071338   1215      0     30          45   1215
     GPU 0  0.000  0.000  0.000  0.000  0.000  0.000  0.000  0.000               8289428               5115722           0           0       0.000       0.000      93.295        3058080783   1215      0     30          44   1215

# Entity  GRACT  SMACT  SMOCC  TENSO  DRAMA  FP64A  FP32A  FP16A                 PCITX                 PCIRX       GPUTL       MCUTL       MUSAM       GUSAM       POWER             TOTEC  SACLK  PSTAT  TMPTR       MMTMP  SMCLK
      Id                                                                                                                                                               W                mJ                    C           C       
     GPU 0  0.000  0.000  0.000  0.000  0.000  0.000  0.000  0.000               8289428               5115722           0           0       0.000       0.000      93.295        3058080783   1215      0     30          44   1215
     GPU 0  0.000  0.000  0.000  0.000  0.000  0.000  0.000  0.000               5828534               3761863           0           0       0.000       0.000      93.295        3058080783   1215      0     30          44   1215
     GPU 0  0.000  0.000  0.000  0.000  0.000  0.000  0.000  0.000               7336935               4547814           0           0       0.000       0.000      93.295        3058080783   1215      0     30          45   1215
     GPU 0  0.000  0.000  0.000  0.000  0.000  0.000  0.000  0.000               3169697                959361           0           0       0.000       0.000      93.295        3058080783   1215      0     30          45   1215
     GPU 0  0.000  0.000  0.000  0.000  0.000  0.000  0.000  0.000               3169697                959361           0           0       0.000       0.000      93.295        3058090230   1215      0     30          45   1215
     GPU 0  0.000  0.000  0.000  0.000  0.000  0.000  0.000  0.000               1005288                 83774           0           0       0.000       0.000      93.295        3058090230   1215      0     29          45   1215
     GPU 0  0.000  0.000  0.000  0.000  0.000  0.000  0.000  0.000               9500837               6353741           0           0       0.000       0.000      93.295        3058090230   1215      0     29          44   1215
     GPU 0  0.000  0.000  0.000  0.000  0.000  0.000  0.000  0.000               8829153               4886472           0           0       0.000       0.000      93.295        3058090230   1215      0     29          44   1215
     GPU 0  0.000  0.000  0.000  0.000  0.000  0.000  0.000  0.000               9255002               6273304           0           0       0.000       0.000      93.295        3058099680   1215      0     29          45   1215
     GPU 0  0.000  0.000  0.000  0.000  0.000  0.000  0.000  0.000               9255002               6273304           0           0       0.000       0.000      93.295        3058099680   1215      0     29          45   1215
     GPU 0  0.000  0.000  0.000  0.000  0.000  0.000  0.000  0.000              14052682               8616024           0           0       0.000       0.000      93.295        3058099680   1215      0     29          44   1215
     GPU 0  0.000  0.000  0.000  0.000  0.000  0.000  0.000  0.000              10099420               6494531           0           0       0.000       0.000      93.295        3058099680   1215      0     29          44   1215
     GPU 0  0.000  0.000  0.000  0.000  0.000  0.000  0.000  0.000              11235227               7523251           0           0       0.000       0.000      93.295        3058099680   1215      0     29          45   1215
     GPU 0  0.000  0.000  0.000  0.000  0.000  0.000  0.000  0.000              10420956               6823054           0           0       0.000       0.000      93.295        3058099680   1215      0     29          45   1215

# Entity  GRACT  SMACT  SMOCC  TENSO  DRAMA  FP64A  FP32A  FP16A                 PCITX                 PCIRX       GPUTL       MCUTL       MUSAM       GUSAM       POWER             TOTEC  SACLK  PSTAT  TMPTR       MMTMP  SMCLK
      Id                                                                                                                                                               W                mJ                    C           C       
     GPU 0  0.000  0.000  0.000  0.000  0.000  0.000  0.000  0.000              10420956               6823054           0           0       0.000       0.000      93.295        3058109130   1215      0     29          45   1215
     GPU 0  0.000  0.000  0.000  0.000  0.000  0.000  0.000  0.000              11235060               6554196           0           0       0.000       0.000      93.295        3058109130   1215      0     29          45   1215
     GPU 0  0.000  0.000  0.000  0.000  0.000  0.000  0.000  0.000               5681367               2421075           0           0       0.000       0.000      93.295        3058109130   1215      0     29          45   1215
     GPU 0  0.000  0.000  0.000  0.000  0.000  0.000  0.000  0.000               6364745               3405847           0           0       0.000       0.000      93.295        3058109130   1215      0     29          44   1215
     GPU 0  0.000  0.000  0.000  0.000  0.000  0.000  0.000  0.000               8196860               4866441           0           0       0.000       0.000      92.998        3058118562   1215      0     29          44   1215
     GPU 0  0.000  0.000  0.000  0.000  0.000  0.000  0.000  0.000               9697292               6510169           0           0       0.000       0.000      92.998        3058118562   1215      0     29          44   1215
     GPU 0  0.000  0.000  0.000  0.000  0.000  0.000  0.000  0.000               9701997               6426703           0           0       0.000       0.000      92.998        3058118562   1215      0     29          45   1215
     GPU 0  0.000  0.000  0.000  0.000  0.000  0.000  0.000  0.000              10351858               6805385           0           0       0.000       0.000      92.998        3058118562   1215      0     29          44   1215
     GPU 0  0.000  0.000  0.000  0.000  0.000  0.000  0.000  0.000              10351858               6805385           0           0       0.000       0.000      92.998        3058118562   1215      0     29          44   1215
     GPU 0  0.000  0.000  0.000  0.000  0.000  0.000  0.000  0.000               9792388               6498166           0           0       0.000       0.000      92.998        3058118562   1215      0     29          44   1215
     GPU 0  0.000  0.000  0.000  0.000  0.000  0.000  0.000  0.000              11240153               7268450           0           0       0.000       0.000      93.295        3058127997   1215      0     29          44   1215
     GPU 0  0.000  0.000  0.000  0.000  0.000  0.000  0.000  0.000              11739216               5790774           0           0       0.000       0.000      93.295        3058127997   1215      0     29          44   1215
     GPU 0  0.000  0.000  0.000  0.000  0.000  0.000  0.000  0.000              11739216               5790774           0           0       0.000       0.000      93.295        3058127997   1215      0     29          44   1215
     GPU 0  0.000  0.000  0.000  0.000  0.000  0.000  0.000  0.000               8165082               5726659           0           0       0.000       0.000      93.295        3058127997   1215      0     29          44   1215

# Entity  GRACT  SMACT  SMOCC  TENSO  DRAMA  FP64A  FP32A  FP16A                 PCITX                 PCIRX       GPUTL       MCUTL       MUSAM       GUSAM       POWER             TOTEC  SACLK  PSTAT  TMPTR       MMTMP  SMCLK
      Id                                                                                                                                                               W                mJ                    C           C       
     GPU 0  0.000  0.000  0.000  0.000  0.000  0.000  0.000  0.000               3257786                233134           0           0       0.000       0.000      93.295        3058137419   1215      0     29          44   1215
     GPU 0  0.000  0.000  0.000  0.000  0.000  0.000  0.000  0.000               1898434                260586           0           0       0.000       0.000      93.295        3058137419   1215      0     29          44   1215
     GPU 0  0.000  0.000  0.000  0.000  0.000  0.000  0.000  0.000               4363150               1964571           0           0       0.000       0.000      93.295        3058137419   1215      0     29          44   1215
     GPU 0  0.000  0.000  0.000  0.000  0.000  0.000  0.000  0.000               7275884               4016583           0           0       0.000       0.000      93.295        3058137419   1215      0     29          44   1215
     GPU 0  0.000  0.000  0.000  0.000  0.000  0.000  0.000  0.000               7275884               4016583           0           0       0.000       0.000      93.295        3058137419   1215      0     29          45   1215
     GPU 0  0.000  0.000  0.000  0.000  0.000  0.000  0.000  0.000               9291735               5887785           0           0       0.000       0.000      93.295        3058137419   1215      0     29          44   1215
     GPU 0  0.000  0.000  0.000  0.000  0.000  0.000  0.000  0.000              10059535               6731718           0           0       0.000       0.000      93.295        3058146842   1215      0     29          44   1215
     GPU 0  0.000  0.000  0.000  0.000  0.000  0.000  0.000  0.000              11688706               7386296           0           0       0.000       0.000      93.295        3058146842   1215      0     29          44   1215
     GPU 0  0.000  0.000  0.000  0.000  0.000  0.000  0.000  0.000               7930169               4300948           0           0       0.000       0.000      93.295        3058146842   1215      0     29          45   1215
     GPU 0  0.000  0.000  0.000  0.000  0.000  0.000  0.000  0.000               7930169               4300948           0           0       0.000       0.000      93.295        3058146842   1215      0     29          44   1215
     GPU 0  0.000  0.000  0.000  0.000  0.000  0.000  0.000  0.000               3259461                275108           0           0       0.000       0.000      92.998        3058156254   1215      0     29          44   1215
     GPU 0  0.000  0.000  0.000  0.000  0.000  0.000  0.000  0.000               3056158                274025           0           0       0.000       0.000      92.998        3058156254   1215      0     29          44   1215
     GPU 0  0.000  0.000  0.000  0.000  0.000  0.000  0.000  0.000               2301154                323673           0           0       0.000       0.000      92.998        3058156254   1215      0     29          44   1215
